5 0.444037 0.933796 0.050342 0.054630
5 0.212854 0.921759 0.015152 0.028704
5 0.358993 0.949074 0.046432 0.100000
5 0.792522 0.901852 0.013196 0.046296
5 0.010264 0.879167 0.014663 0.025000
5 0.767351 0.873148 0.013685 0.033333
5 0.455034 0.853704 0.017595 0.046296
5 0.010264 0.825926 0.020528 0.064815
5 0.247801 0.788889 0.013685 0.035185
5 0.361437 0.786111 0.008309 0.027778
5 0.185239 0.800463 0.023460 0.084259
5 0.206500 0.783796 0.024927 0.058333
5 0.006354 0.751389 0.012708 0.021296
5 0.563050 0.734259 0.007820 0.016667
5 0.451613 0.734259 0.023460 0.055556
5 0.747556 0.700926 0.014174 0.033333
5 0.012952 0.675000 0.025904 0.040741
5 0.297654 0.714815 0.057674 0.112963
5 0.048143 0.657407 0.019062 0.040741
5 0.405181 0.638426 0.006843 0.025000
5 0.084555 0.633333 0.008798 0.027778
5 0.164956 0.600000 0.013196 0.018519
1 0.473118 0.613889 0.156403 0.231481
5 0.081867 0.494444 0.026882 0.072222
5 0.414467 0.448611 0.030303 0.086111
5 0.570381 0.458333 0.012708 0.018519
5 0.501955 0.459259 0.033236 0.038889
5 0.574536 0.382407 0.011241 0.011111
1 0.022972 0.462500 0.045943 0.184259
5 0.285435 0.331944 0.008798 0.017593
5 0.391496 0.299537 0.016618 0.075000
5 0.697214 0.235648 0.015152 0.030556
5 0.177175 0.198611 0.015152 0.023148
5 0.641984 0.082407 0.020039 0.018519
1 0.023949 0.155093 0.047898 0.180556
5 0.502933 0.766667 0.034213 0.050000
5 0.280547 0.397685 0.023460 0.067593
5 0.364370 0.252315 0.018084 0.028704
5 0.550098 0.298611 0.054252 0.134259
5 0.490225 0.283333 0.047898 0.074074
5 0.491691 0.339815 0.026393 0.044444
1 0.438416 0.368981 0.083089 0.117593
1 0.474585 0.092593 0.130987 0.185185
1 0.466031 0.170370 0.195015 0.205556
5 0.038368 0.943519 0.041544 0.062963
5 0.057918 0.699074 0.050342 0.064815
5 0.014907 0.710185 0.029814 0.053704
5 0.271017 0.174537 0.035679 0.065741
5 0.315005 0.168519 0.020039 0.040741
5 0.155425 0.065741 0.032258 0.042593
5 0.070626 0.096296 0.026882 0.046296
5 0.761486 0.174074 0.028348 0.051852
5 0.897605 0.060648 0.011241 0.032407
5 0.734848 0.585185 0.018084 0.020370
5 0.601906 0.512037 0.007331 0.018519