0 0.526149 0.737963 0.243891 0.272222
0 0.489247 0.975926 0.053763 0.035185
5 0.084555 0.106944 0.033236 0.054630
5 0.056452 0.074074 0.045455 0.059259
5 0.097752 0.315278 0.032258 0.036111
5 0.147849 0.258333 0.024927 0.048148
5 0.179130 0.196296 0.025904 0.048148
5 0.215054 0.156019 0.043988 0.032407
5 0.187439 0.035648 0.027859 0.049074
5 0.069648 0.450926 0.059140 0.068519
5 0.029326 0.401389 0.046921 0.043519
5 0.009531 0.492130 0.016129 0.067593
5 0.069892 0.547685 0.018573 0.032407
5 0.060362 0.600926 0.028837 0.057407
5 0.123656 0.582407 0.037146 0.059259
5 0.096774 0.672222 0.040078 0.057407
5 0.034702 0.677315 0.054741 0.112037
5 0.106061 0.754167 0.021505 0.045370
5 0.022483 0.815741 0.030303 0.042593
5 0.112414 0.879630 0.027370 0.062963
5 0.039834 0.984722 0.049365 0.017593
5 0.293988 0.925000 0.053275 0.048148
5 0.260264 0.934722 0.039589 0.054630
5 0.300587 0.842130 0.047898 0.080556
5 0.407625 0.838426 0.049853 0.039815
5 0.465054 0.843519 0.029814 0.057407
5 0.431818 0.875463 0.036657 0.067593
5 0.401026 0.692593 0.022972 0.040741
5 0.400538 0.532870 0.033724 0.039815
5 0.294233 0.515278 0.039101 0.056481
5 0.422043 0.378704 0.039589 0.079630
5 0.490714 0.534259 0.025415 0.055556
5 0.535191 0.572685 0.038123 0.056481
5 0.571359 0.542130 0.026393 0.049074
5 0.519795 0.482870 0.052297 0.039815
5 0.295943 0.026389 0.023949 0.041667
5 0.784457 0.736574 0.042033 0.041667
5 0.741447 0.587037 0.020528 0.046296
5 0.613148 0.489352 0.026882 0.052778
5 0.759775 0.420833 0.034702 0.091667
5 0.801075 0.446296 0.022483 0.064815
5 0.818426 0.541204 0.026882 0.086111
5 0.755865 0.041667 0.035679 0.059259
5 0.648583 0.089352 0.023460 0.063889
5 0.933040 0.893981 0.028348 0.047222
5 0.861681 0.881481 0.029326 0.046296
5 0.912023 0.849537 0.046921 0.065741
5 0.895161 0.695833 0.031769 0.071296
5 0.884897 0.490278 0.033724 0.086111
5 0.921310 0.451389 0.023460 0.043519
5 0.974096 0.557407 0.038123 0.088889
5 0.986804 0.625463 0.017595 0.043519
5 0.983871 0.430556 0.025415 0.081481
5 0.914956 0.170370 0.041056 0.092593
5 0.969208 0.059722 0.048876 0.097222
5 0.902248 0.050926 0.063539 0.070370
5 0.280303 0.132407 0.029814 0.066667
5 0.275415 0.081481 0.022972 0.033333
5 0.301808 0.182870 0.023949 0.045370
5 0.315005 0.147222 0.029814 0.072222
5 0.287879 0.315278 0.015640 0.041667
5 0.302786 0.302315 0.021994 0.026852
5 0.305963 0.335648 0.019550 0.028704
5 0.326246 0.325926 0.015152 0.046296
5 0.313294 0.361574 0.020528 0.037963
5 0.414712 0.159722 0.025904 0.028704
5 0.400049 0.188426 0.015152 0.026852
5 0.419355 0.214815 0.012708 0.042593
5 0.432307 0.188426 0.014174 0.030556
5 0.451369 0.191204 0.023949 0.041667
0 0.557918 0.375000 0.243891 0.372222
0 0.519550 0.106019 0.227761 0.212037
5 0.635630 0.469444 0.023949 0.044444
5 0.656647 0.490741 0.019062 0.038889
5 0.673265 0.458796 0.021017 0.054630
5 0.649560 0.508333 0.032258 0.038889
5 0.991447 0.893981 0.014174 0.041667
5 0.967986 0.891204 0.023949 0.034259
5 0.976784 0.851852 0.025904 0.051852
5 0.958944 0.840278 0.018573 0.047222
5 0.954301 0.795370 0.038612 0.040741
5 0.927908 0.802778 0.022972 0.025926
5 0.911535 0.778241 0.028348 0.037963
5 0.886364 0.752778 0.025904 0.044444
5 0.891251 0.789352 0.015152 0.019444
5 0.904936 0.727315 0.024927 0.036111
5 0.981427 0.777315 0.027370 0.049074
5 0.982160 0.735648 0.030792 0.037963
5 0.977761 0.699074 0.015152 0.027778
5 0.912512 0.568519 0.013685 0.027778
5 0.935239 0.562963 0.026882 0.040741
5 0.920332 0.532870 0.022483 0.030556
5 0.789589 0.638889 0.033724 0.081481
5 0.766862 0.611111 0.019550 0.042593
5 0.773949 0.576852 0.026882 0.033333
5 0.793988 0.685185 0.023949 0.038889
5 0.797410 0.269907 0.045455 0.084259
5 0.750978 0.341204 0.036657 0.069444
5 0.767840 0.216204 0.019550 0.030556
5 0.780303 0.137500 0.027859 0.047222
5 0.753666 0.126852 0.021505 0.037037
5 0.911535 0.241204 0.023460 0.026852
5 0.908113 0.278241 0.015640 0.030556
5 0.911779 0.323611 0.031769 0.052778
5 0.907869 0.364352 0.020039 0.026852
5 0.909335 0.409259 0.020039 0.038889
5 0.947703 0.351389 0.020528 0.034259
5 0.960411 0.337500 0.021505 0.047222
5 0.980450 0.326852 0.019550 0.046296
5 0.744379 0.194907 0.011730 0.025000
5 0.787634 0.094444 0.020039 0.024074