5 0.617546 0.724537 0.016129 0.017593
5 0.300587 0.728241 0.033236 0.058333
5 0.708944 0.497685 0.010264 0.021296
5 0.780303 0.482870 0.013196 0.013889
5 0.898827 0.434259 0.029326 0.027778
5 0.762952 0.432870 0.010753 0.032407
0 0.535924 0.581481 0.109971 0.405556
5 0.014174 0.291204 0.028348 0.050926
5 0.686706 0.216204 0.009775 0.026852
5 0.919110 0.156481 0.018084 0.050000
5 0.595552 0.146296 0.014174 0.022222
5 0.949902 0.145833 0.028837 0.069444
5 0.262708 0.108796 0.026882 0.062037
5 0.500000 0.113426 0.009775 0.021296
5 0.120479 0.061574 0.023949 0.084259
5 0.974340 0.043519 0.006354 0.024074
2 0.646872 0.034259 0.008309 0.051852
0 0.514663 0.147222 0.277615 0.294444
5 0.257331 0.443056 0.032747 0.078704
5 0.237781 0.512500 0.035679 0.060185
5 0.204790 0.509259 0.031281 0.062963
5 0.239980 0.623148 0.044966 0.075926
5 0.080645 0.805556 0.036168 0.055556
5 0.138074 0.753704 0.041544 0.072222
5 0.159091 0.691204 0.021994 0.039815
5 0.148338 0.664815 0.019062 0.031481
5 0.098974 0.652778 0.030792 0.055556
5 0.103128 0.696296 0.027370 0.038889
5 0.137830 0.700000 0.017595 0.035185
5 0.234848 0.770370 0.024927 0.042593
5 0.161779 0.731019 0.028348 0.025000
5 0.046676 0.944444 0.031769 0.024074
5 0.012952 0.773611 0.021994 0.056481
5 0.008309 0.919907 0.016618 0.021296
0 0.508309 0.916667 0.295210 0.161111
3 0.516373 0.870370 0.045455 0.087037
5 0.604106 0.855093 0.026393 0.045370