5 0.094330 0.367130 0.067449 0.113889
1 0.241691 0.083796 0.159824 0.167593
5 0.347507 0.024074 0.045943 0.048148
5 0.454301 0.117593 0.155914 0.233333
5 0.387830 0.120833 0.063050 0.067593
5 0.397849 0.213426 0.074291 0.184259
1 0.288612 0.304167 0.154936 0.221296
1 0.280303 0.477778 0.169599 0.170370
5 0.400782 0.502315 0.054741 0.071296
5 0.101417 0.622222 0.017107 0.048148
1 0.262463 0.678704 0.153470 0.205556
5 0.348729 0.601852 0.032747 0.070370
1 0.268573 0.875926 0.112903 0.244444
5 0.490958 0.693981 0.056207 0.091667
5 0.527126 0.669444 0.072825 0.162963
5 0.485826 0.551852 0.047898 0.074074
5 0.541789 0.568056 0.037634 0.062037
5 0.432063 0.587037 0.022483 0.038889
5 0.508553 0.597685 0.025904 0.043519
5 0.657380 0.811574 0.037146 0.065741
5 0.613392 0.536111 0.029326 0.029630
5 0.570626 0.379630 0.034702 0.066667
5 0.596774 0.291667 0.039101 0.088889
5 0.649316 0.142130 0.068915 0.091667
5 0.676686 0.223148 0.043500 0.116667
5 0.725073 0.195833 0.052297 0.117593
5 0.653470 0.051852 0.060606 0.103704
5 0.762952 0.083796 0.043988 0.102778
1 0.804252 0.052315 0.062072 0.104630
1 0.819404 0.250463 0.117791 0.263889
5 0.731427 0.495370 0.024927 0.077778
5 0.633675 0.620370 0.027859 0.040741
5 0.855572 0.425463 0.131476 0.187963
1 0.807918 0.661111 0.104594 0.161111
1 0.778592 0.812500 0.111437 0.315741
1 0.783724 0.958796 0.086510 0.078704
5 0.856794 0.868519 0.049853 0.088889
5 0.831134 0.769907 0.046432 0.076852
5 0.969697 0.841204 0.059629 0.199074
5 0.925709 0.801389 0.036168 0.089815
5 0.968475 0.703704 0.060117 0.127778
5 0.918866 0.661111 0.076246 0.081481
5 0.935239 0.582870 0.062072 0.054630
5 0.951369 0.432407 0.045455 0.066667
5 0.915934 0.187500 0.049853 0.141667
5 0.877322 0.125463 0.032258 0.091667
5 0.934506 0.092130 0.060606 0.102778