1 0.820137 0.982407 0.081134 0.033333
5 0.939150 0.972222 0.040567 0.053704
5 0.917400 0.906944 0.017595 0.058333
1 0.772972 0.908333 0.106061 0.144444
5 0.722874 0.853241 0.023460 0.050926
5 0.985337 0.856944 0.028348 0.086111
2 0.838710 0.824074 0.021505 0.053704
5 0.488514 0.844444 0.034702 0.135185
5 0.880743 0.765741 0.036168 0.101852
5 0.460655 0.729630 0.018084 0.038889
1 0.009042 0.691667 0.018084 0.040741
5 0.551320 0.667593 0.017595 0.033333
5 0.505376 0.658333 0.043988 0.066667
5 0.235582 0.623148 0.017595 0.035185
5 0.605816 0.618519 0.035679 0.098148
1 0.782747 0.661111 0.137341 0.205556
5 0.514663 0.577778 0.017595 0.057407
5 0.848974 0.515278 0.016618 0.030556
5 0.650782 0.540278 0.040567 0.108333
5 0.895161 0.518519 0.023949 0.087037
5 0.633187 0.468056 0.045455 0.065741
5 0.924487 0.445370 0.027859 0.044444
5 0.880499 0.416204 0.022972 0.026852
5 0.969208 0.422222 0.060606 0.101852
2 0.685484 0.364815 0.072825 0.024074
5 0.981672 0.306481 0.035679 0.070370
5 0.097752 0.324074 0.046921 0.105556
5 0.715054 0.262037 0.014663 0.050000
5 0.399071 0.296296 0.065982 0.137037
5 0.730450 0.227778 0.019062 0.025926
5 0.447703 0.236574 0.032258 0.054630
5 0.932307 0.278241 0.051320 0.149074
5 0.315494 0.200463 0.011241 0.025000
5 0.525904 0.245833 0.070381 0.126852
5 0.347996 0.163889 0.015640 0.020370
5 0.538856 0.150926 0.014174 0.040741
5 0.063050 0.113426 0.053763 0.089815
5 0.967009 0.140278 0.026882 0.078704
5 0.876100 0.085185 0.025904 0.024074
5 0.451857 0.084259 0.016129 0.051852
5 0.967253 0.046296 0.016618 0.024074
5 0.931818 0.014352 0.019062 0.028704
5 0.880254 0.028241 0.048876 0.056481
5 0.406403 0.015741 0.029814 0.031481
1 0.277615 0.028241 0.076246 0.056481
5 0.026882 0.228241 0.048876 0.086111
5 0.333822 0.890741 0.071359 0.100000
1 0.245846 0.808333 0.148583 0.300000
1 0.238270 0.955093 0.166667 0.084259
1 0.244624 0.398611 0.195992 0.306481
1 0.240225 0.158796 0.133431 0.317593
5 0.304252 0.708333 0.107038 0.124074
5 0.369990 0.785648 0.056696 0.130556
5 0.413001 0.775000 0.042033 0.079630
5 0.431574 0.986111 0.021505 0.025926
5 0.471408 0.028704 0.012219 0.029630
5 0.490225 0.046296 0.042033 0.057407
5 0.609238 0.088426 0.057185 0.108333
5 0.597263 0.150000 0.019550 0.040741
5 0.644673 0.641204 0.034213 0.073148
5 0.649804 0.680556 0.011241 0.040741
5 0.558407 0.406019 0.134409 0.189815
5 0.602884 0.302778 0.033724 0.064815
5 0.533969 0.485185 0.038612 0.062963
5 0.888807 0.352315 0.019062 0.049074
5 0.855327 0.290741 0.060606 0.068519
5 0.704301 0.225926 0.026393 0.037037
5 0.695748 0.854630 0.029814 0.051852
5 0.634897 0.851389 0.026393 0.050926
5 0.665689 0.894907 0.086022 0.165741
1 0.775904 0.054630 0.114858 0.109259
1 0.842620 0.168981 0.080156 0.193519
1 0.780303 0.221296 0.093353 0.292593
1 0.785435 0.380556 0.095797 0.114815