5 0.508065 0.983796 0.015152 0.030556
1 0.788123 0.921759 0.142229 0.154630
5 0.199413 0.803704 0.014663 0.037037
5 0.534457 0.668056 0.028837 0.012037
5 0.685484 0.597685 0.023949 0.043519
5 0.590420 0.511111 0.008798 0.022222
1 0.819404 0.571296 0.124633 0.174074
5 0.502933 0.414352 0.019550 0.036111
5 0.469208 0.401852 0.009775 0.031481
5 0.989980 0.286111 0.018084 0.040741
5 0.636364 0.247222 0.016618 0.031481
5 0.709433 0.226852 0.036657 0.070370
5 0.749511 0.175463 0.028837 0.026852
5 0.934262 0.167130 0.008309 0.021296
5 0.600684 0.147685 0.011730 0.026852
5 0.047654 0.125463 0.034702 0.078704
2 0.928886 0.078241 0.013196 0.036111
5 0.992180 0.033333 0.014663 0.044444
1 0.847507 0.069907 0.107527 0.139815
1 0.310362 0.085648 0.092864 0.162037
1 0.302053 0.253704 0.158358 0.192593
5 0.224096 0.358796 0.045455 0.069444
1 0.324047 0.449074 0.086999 0.203704
1 0.277370 0.561574 0.111926 0.326852
5 0.228739 0.640741 0.062561 0.107407
1 0.239003 0.795833 0.056696 0.104630
1 0.267840 0.927315 0.119257 0.136111
5 0.823558 0.821296 0.025415 0.035185
5 0.566227 0.833796 0.024927 0.052778
5 0.569892 0.775926 0.030303 0.042593