5 0.412512 0.987037 0.056696 0.024074
5 0.692815 0.974074 0.017107 0.024074
5 0.260508 0.956481 0.007820 0.020370
5 0.727517 0.961111 0.012219 0.038889
5 0.243891 0.876852 0.020528 0.037037
5 0.844575 0.858333 0.032258 0.059259
5 0.119501 0.815278 0.026882 0.030556
5 0.070137 0.810648 0.007331 0.023148
5 0.840420 0.778241 0.028837 0.039815
5 0.011241 0.748148 0.022483 0.037037
5 0.092131 0.725463 0.008309 0.013889
5 0.124878 0.706019 0.021017 0.041667
5 0.354106 0.691667 0.031769 0.042593
5 0.753910 0.653241 0.008309 0.025000
5 0.336999 0.639352 0.023949 0.021296
5 0.012708 0.606019 0.006843 0.019444
5 0.739492 0.596296 0.018573 0.033333
5 0.333822 0.566204 0.037146 0.054630
5 0.754154 0.572222 0.035191 0.051852
5 0.066227 0.518981 0.011241 0.050926
5 0.534213 0.418056 0.017595 0.036111
5 0.761730 0.371759 0.033724 0.034259
5 0.091153 0.340741 0.026882 0.055556
5 0.728495 0.337963 0.031769 0.075926
5 0.387341 0.300463 0.016129 0.028704
5 0.362903 0.277778 0.013196 0.029630
5 0.148583 0.250463 0.021505 0.062037
5 0.403226 0.221759 0.041056 0.050926
5 0.007820 0.208333 0.015640 0.037037
5 0.586022 0.162037 0.019550 0.038889
5 0.443060 0.153704 0.009286 0.031481
5 0.921799 0.160185 0.062561 0.062963
5 0.675220 0.137963 0.008309 0.022222
5 0.721896 0.140278 0.012708 0.028704
5 0.849951 0.112037 0.024438 0.053704
5 0.417644 0.097222 0.035679 0.035185
5 0.079668 0.100000 0.027370 0.053704
5 0.985337 0.107870 0.028348 0.060185
5 0.240225 0.078241 0.022972 0.032407
5 0.004643 0.067130 0.009286 0.025000
5 0.853861 0.073611 0.024438 0.043519
5 0.506109 0.079630 0.028837 0.035185
5 0.891496 0.005093 0.012708 0.010185
5 0.857527 0.009722 0.014174 0.019444
5 0.123167 0.012037 0.013685 0.024074
5 0.092864 0.018981 0.017595 0.037963
5 0.062317 0.007407 0.022972 0.014815
5 0.136852 0.813426 0.020528 0.036111
5 0.138074 0.780093 0.021017 0.045370
5 0.144917 0.743981 0.016129 0.041667
5 0.132454 0.754630 0.013685 0.011111
5 0.032014 0.893519 0.015152 0.050000
5 0.035191 0.925000 0.010753 0.027778
5 0.115591 0.989352 0.005376 0.019444
5 0.411046 0.148148 0.018573 0.035185
5 0.423021 0.176852 0.030792 0.062963
5 0.393695 0.423148 0.030792 0.051852
5 0.395161 0.476389 0.028837 0.049074
5 0.391007 0.494444 0.012708 0.053704
5 0.364858 0.514352 0.024927 0.043519
5 0.626100 0.844444 0.009775 0.035185
5 0.663001 0.841204 0.040567 0.054630
5 0.495112 0.976852 0.025415 0.035185
5 0.466276 0.981481 0.024438 0.031481
0 0.575269 0.091204 0.120235 0.180556
5 0.517840 0.022222 0.018084 0.020370
5 0.496579 0.007870 0.018573 0.015741
5 0.618524 0.037037 0.023949 0.066667
5 0.638807 0.064815 0.013685 0.031481
0 0.560117 0.430556 0.404692 0.616667
5 0.594819 0.546296 0.026393 0.070370
5 0.750000 0.729167 0.030792 0.037963
0 0.555718 0.758796 0.461388 0.480556
0 0.511730 0.681019 0.201369 0.412037
5 0.742913 0.431019 0.030303 0.099074
5 0.638563 0.014815 0.033724 0.029630
5 0.757087 0.173611 0.016618 0.047222
5 0.839932 0.918981 0.019062 0.037963
5 0.857527 0.897222 0.022972 0.050000
5 0.765640 0.975000 0.030792 0.046296
5 0.764907 0.900000 0.039101 0.055556
5 0.774682 0.937963 0.011730 0.033333
5 0.789589 0.934259 0.013196 0.092593
5 0.803763 0.943519 0.017107 0.031481
5 0.854350 0.967130 0.016618 0.050926
5 0.880010 0.966667 0.023949 0.046296
5 0.900049 0.947685 0.024927 0.080556
5 0.914223 0.940741 0.010264 0.042593
5 0.944037 0.979167 0.022972 0.034259
5 0.988514 0.976852 0.018084 0.040741
5 0.964809 0.821759 0.037146 0.080556
5 0.978495 0.890278 0.038123 0.047222
5 0.994379 0.850926 0.010264 0.024074
5 0.790078 0.791667 0.040567 0.085185
5 0.846285 0.463889 0.023949 0.064815
5 0.845064 0.525000 0.013685 0.042593
5 0.869013 0.551389 0.024438 0.076852
5 0.840176 0.591667 0.026393 0.027778
5 0.840176 0.567130 0.029326 0.017593
5 0.845797 0.647685 0.020039 0.034259
5 0.858504 0.657870 0.007331 0.025000
5 0.872923 0.656481 0.016618 0.057407
5 0.899804 0.675463 0.034213 0.036111
5 0.949169 0.598611 0.018573 0.032407
5 0.922532 0.574074 0.040567 0.018519
5 0.877566 0.607407 0.025904 0.038889
5 0.899316 0.645370 0.027370 0.016667
5 0.921310 0.619907 0.027370 0.049074
5 0.938905 0.686111 0.041056 0.040741
5 0.966764 0.651389 0.013685 0.025000
5 0.963832 0.608796 0.008798 0.036111
5 0.952346 0.642593 0.010264 0.057407
5 0.967009 0.552315 0.039589 0.084259
5 0.992180 0.581944 0.010753 0.034259
5 0.983627 0.624537 0.027859 0.067593
5 0.947703 0.499537 0.021505 0.076852
5 0.975073 0.495370 0.031281 0.059259
5 0.981183 0.531944 0.012219 0.026852
5 0.984848 0.488889 0.016618 0.042593
5 0.967253 0.441667 0.017595 0.033333
5 0.966031 0.401389 0.043500 0.041667
5 0.959189 0.372222 0.028837 0.020370
5 0.943304 0.230556 0.029326 0.055556
5 0.941349 0.186111 0.017595 0.044444
5 0.953568 0.296759 0.036168 0.056481
5 0.857527 0.355093 0.050342 0.060185
5 0.767351 0.298611 0.008798 0.047222
5 0.773216 0.276389 0.007820 0.047222
5 0.787634 0.289815 0.017107 0.107407
5 0.811339 0.286111 0.037146 0.057407
5 0.885142 0.312037 0.020528 0.042593
5 0.905425 0.343056 0.023949 0.039815
5 0.915689 0.324537 0.042522 0.073148
5 0.861681 0.314815 0.027370 0.059259
5 0.868768 0.022685 0.012219 0.039815