5 0.012952 0.034722 0.025904 0.062037
5 0.009775 0.099074 0.019550 0.027778
5 0.099218 0.304630 0.042033 0.057407
5 0.097263 0.363426 0.028348 0.036111
5 0.152004 0.222685 0.043011 0.052778
5 0.108993 0.526852 0.031281 0.038889
5 0.139296 0.481944 0.023460 0.037963
5 0.136608 0.599537 0.025904 0.041667
5 0.018573 0.870833 0.037146 0.062037
5 0.148338 0.743056 0.030792 0.060185
5 0.152737 0.942593 0.029814 0.029630
1 0.266373 0.912963 0.112414 0.170370
5 0.281769 0.754630 0.037634 0.048148
5 0.259531 0.726389 0.030303 0.063889
5 0.319892 0.724537 0.033724 0.084259
5 0.340176 0.697685 0.022483 0.065741
5 0.370968 0.714352 0.017595 0.034259
5 0.360948 0.640741 0.021017 0.070370
5 0.393939 0.656944 0.027370 0.065741
1 0.260508 0.498611 0.145650 0.226852
1 0.251222 0.334259 0.071359 0.385185
1 0.246579 0.172685 0.161779 0.141667
1 0.248289 0.040741 0.064516 0.081481
5 0.328446 0.057407 0.041056 0.096296
5 0.150538 0.115278 0.022483 0.034259
5 0.165200 0.019907 0.022483 0.039815
5 0.081134 0.077778 0.019550 0.024074
5 0.424487 0.045833 0.037634 0.060185
5 0.423021 0.066204 0.046432 0.073148
5 0.453568 0.021296 0.033236 0.042593
5 0.489492 0.043981 0.028837 0.063889
5 0.465054 0.107870 0.019062 0.075000
5 0.445992 0.167130 0.034702 0.069444
5 0.351906 0.267130 0.027370 0.056481
5 0.441105 0.261111 0.027859 0.046296
5 0.470674 0.198611 0.023460 0.058333
5 0.532747 0.123611 0.035191 0.080556
5 0.532747 0.059259 0.022483 0.059259
5 0.483871 0.115278 0.020528 0.080556
5 0.447947 0.301852 0.017107 0.029630
5 0.313050 0.556944 0.038612 0.062037
5 0.359482 0.534259 0.030792 0.038889
5 0.384897 0.488426 0.019062 0.050926
5 0.420821 0.637500 0.024438 0.054630
5 0.442082 0.640741 0.024927 0.037037
5 0.452346 0.600000 0.027859 0.050000
5 0.456012 0.795833 0.048876 0.036111
5 0.451857 0.946296 0.040567 0.085185
5 0.647849 0.850000 0.021017 0.059259
5 0.679374 0.700926 0.024438 0.048148
5 0.616325 0.615741 0.033236 0.040741
5 0.453324 0.395833 0.025904 0.065741
5 0.452835 0.353241 0.035679 0.045370
5 0.469208 0.255093 0.017595 0.030556
5 0.501955 0.193519 0.030303 0.024074
5 0.549120 0.405556 0.068915 0.116667
5 0.597996 0.455093 0.057185 0.106481
5 0.578935 0.480556 0.024927 0.031481
5 0.545699 0.314815 0.024927 0.059259
5 0.650049 0.052778 0.023460 0.048148
5 0.570381 0.120833 0.031281 0.041667
5 0.678397 0.086574 0.036168 0.065741
5 0.614370 0.227778 0.025415 0.053704
5 0.639785 0.118056 0.022483 0.039815
5 0.729472 0.047222 0.033724 0.051852
1 0.795699 0.038426 0.028348 0.076852
5 0.803519 0.090278 0.034213 0.082407
5 0.684262 0.254167 0.020528 0.021296
5 0.689883 0.307870 0.016129 0.036111
5 0.702346 0.317130 0.023460 0.054630
5 0.660313 0.350463 0.014663 0.036111
1 0.791056 0.242593 0.073803 0.205556
5 0.736804 0.244907 0.032747 0.045370
5 0.813050 0.317593 0.043500 0.062963
5 0.846774 0.331481 0.052297 0.070370
5 0.829423 0.355093 0.026393 0.047222
1 0.786168 0.384722 0.115836 0.232407
5 0.756354 0.627315 0.038612 0.054630
1 0.789589 0.828241 0.128543 0.291667
1 0.785435 0.944444 0.078201 0.109259
5 0.841398 0.957870 0.031769 0.078704
5 0.866813 0.977778 0.029814 0.042593
5 0.928397 0.844907 0.023949 0.076852
5 0.986804 0.751389 0.024438 0.052778
5 0.935973 0.753704 0.041056 0.057407
5 0.988270 0.581481 0.021505 0.053704
5 0.919599 0.658333 0.026882 0.057407
5 0.932551 0.562500 0.033236 0.060185
5 0.889296 0.462500 0.023949 0.041667
5 0.948436 0.490741 0.014174 0.022222
5 0.978495 0.299537 0.041056 0.084259
5 0.908847 0.324074 0.034702 0.081481
5 0.923998 0.207407 0.052297 0.162963
5 0.963832 0.243519 0.037146 0.035185
5 0.923998 0.114815 0.048387 0.068519
5 0.201857 0.578704 0.021505 0.027778
5 0.372678 0.394907 0.017107 0.039815
5 0.354106 0.434259 0.021994 0.031481