5 0.829912 0.348148 0.112414 0.253704
5 0.958211 0.761574 0.080645 0.167593
5 0.703079 0.930556 0.075758 0.131481
1 0.553030 0.862037 0.148094 0.150000
1 0.579179 0.933796 0.086999 0.125000
1 0.557429 0.607407 0.121701 0.237037
1 0.570137 0.741204 0.094330 0.193519
1 0.549120 0.440741 0.108993 0.214815
1 0.554985 0.241204 0.114858 0.154630
5 0.335777 0.747222 0.047898 0.155556
5 0.244135 0.839352 0.056207 0.058333
5 0.214565 0.905556 0.040078 0.050000
5 0.174731 0.847222 0.045455 0.061111
5 0.235826 0.544444 0.018084 0.075926
5 0.085533 0.591667 0.026393 0.068519
5 0.466520 0.368981 0.023949 0.089815
5 0.232649 0.295370 0.017595 0.072222
5 0.102151 0.365278 0.043988 0.045370
2 0.036901 0.327778 0.055230 0.035185
5 0.340176 0.058796 0.042033 0.110185
5 0.427175 0.019444 0.033236 0.033333
5 0.807918 0.755093 0.063539 0.073148
5 0.645161 0.546296 0.066471 0.083333
5 0.094819 0.077778 0.040078 0.053704
5 0.191105 0.733796 0.018573 0.060185
5 0.140518 0.984722 0.028837 0.026852
5 0.773949 0.841204 0.014174 0.063889
5 0.770772 0.773611 0.035191 0.063889
2 0.520772 0.163426 0.064027 0.075000
5 0.563539 0.157407 0.043988 0.070370
5 0.596285 0.085648 0.036168 0.060185
5 0.670577 0.080556 0.093842 0.151852
5 0.761730 0.043519 0.044477 0.055556
5 0.958944 0.071296 0.022483 0.055556
5 0.853372 0.117593 0.017595 0.029630
5 0.936950 0.178704 0.027370 0.048148
5 0.648094 0.203704 0.050831 0.087037
5 0.652493 0.359259 0.027370 0.044444
5 0.920088 0.833796 0.035679 0.062037
2 0.971652 0.451389 0.052786 0.075000
5 0.130499 0.737963 0.027370 0.055556
5 0.134897 0.255556 0.032258 0.064815
5 0.271750 0.141204 0.017595 0.060185
2 0.982649 0.567593 0.031769 0.070370
5 0.332356 0.275926 0.037146 0.072222
5 0.021505 0.228241 0.043011 0.063889
5 0.235826 0.022222 0.032747 0.044444