5 0.764663 0.987963 0.019062 0.022222
5 0.096285 0.909259 0.082111 0.155556
5 0.455767 0.832870 0.036657 0.062037
1 0.317937 0.918981 0.179374 0.160185
5 0.175953 0.816204 0.039101 0.041667
5 0.526882 0.730093 0.021505 0.067593
5 0.473607 0.676389 0.048876 0.080556
5 0.414223 0.582407 0.021994 0.031481
5 0.778837 0.562037 0.013196 0.020370
5 0.105327 0.541204 0.033724 0.037963
2 0.985337 0.512500 0.028348 0.086111
5 0.012708 0.481481 0.024438 0.055556
5 0.394184 0.465278 0.019062 0.041667
5 0.919355 0.427778 0.017595 0.024074
5 0.830401 0.415741 0.015640 0.012963
5 0.576002 0.405556 0.021994 0.062963
5 0.680841 0.368519 0.011730 0.022222
5 0.159335 0.347685 0.022483 0.052778
5 0.242424 0.357870 0.026393 0.062037
1 0.105327 0.408333 0.115836 0.233333
5 0.479472 0.299074 0.035191 0.042593
5 0.458456 0.201389 0.036168 0.056481
5 0.752199 0.167130 0.015640 0.015741
3 0.127566 0.146296 0.042033 0.064815
5 0.779570 0.122685 0.022483 0.017593
5 0.766862 0.068519 0.031281 0.022222
5 0.684751 0.031481 0.011730 0.025926
5 0.037634 0.076852 0.028348 0.055556
1 0.265640 0.069907 0.152981 0.139815
1 0.290811 0.204630 0.180841 0.198148
5 0.280547 0.286111 0.035191 0.050000
5 0.215543 0.228704 0.034213 0.098148
1 0.315982 0.488426 0.138319 0.252778
1 0.323069 0.704630 0.190616 0.270370
5 0.292033 0.579167 0.064027 0.112037
5 0.226540 0.666667 0.064027 0.131481
5 0.196970 0.625463 0.049853 0.117593
5 0.402737 0.834259 0.037146 0.072222
5 0.560362 0.581019 0.046432 0.076852