5 0.974585 0.887037 0.011730 0.024074
5 0.846530 0.809722 0.006843 0.021296
5 0.220186 0.811111 0.016129 0.044444
5 0.642717 0.585185 0.005865 0.016667
5 0.684995 0.459259 0.012219 0.014815
5 0.367546 0.439815 0.015640 0.014815
5 0.939883 0.403704 0.027370 0.040741
5 0.019062 0.306944 0.038123 0.067593
5 0.943304 0.258333 0.022483 0.029630
5 0.924242 0.077778 0.030303 0.048148
0 0.485093 0.189815 0.306452 0.325926
5 0.044233 0.899074 0.020039 0.068519
5 0.018084 0.931481 0.035191 0.040741
5 0.011730 0.958333 0.022483 0.057407
5 0.059384 0.681019 0.039589 0.060185
5 0.138319 0.540741 0.023460 0.050000
5 0.011730 0.500926 0.022483 0.075926
5 0.088465 0.266204 0.042033 0.080556
5 0.214809 0.532870 0.024927 0.019444
5 0.246579 0.923148 0.029814 0.031481
5 0.285435 0.588426 0.032258 0.056481
5 0.246823 0.564352 0.033236 0.084259
5 0.244379 0.617130 0.035191 0.039815
5 0.265396 0.597685 0.017595 0.041667
0 0.517840 0.050926 0.063050 0.101852
5 0.780303 0.323148 0.031769 0.072222
5 0.805474 0.282407 0.052786 0.061111
5 0.769550 0.278704 0.016129 0.024074
5 0.541789 0.673148 0.012219 0.025926
5 0.497801 0.721759 0.056207 0.065741
5 0.501955 0.771296 0.017595 0.070370
0 0.537390 0.795833 0.178397 0.406481
2 0.576979 0.675926 0.076735 0.074074
5 0.832111 0.843519 0.039589 0.046296
5 0.864370 0.756019 0.017107 0.025000
5 0.932063 0.593056 0.023460 0.047222