1 0.283480 0.162037 0.135875 0.324074
3 0.218719 0.233333 0.073803 0.129630
5 0.198925 0.310185 0.016618 0.037037
5 0.351417 0.140741 0.025415 0.068519
5 0.383187 0.288889 0.037146 0.070370
1 0.267351 0.481944 0.129032 0.375000
5 0.393939 0.464815 0.043011 0.062963
1 0.262952 0.910185 0.236559 0.177778
1 0.796432 0.715741 0.186217 0.348148
1 0.801075 0.540741 0.135875 0.192593
3 0.817693 0.394444 0.043011 0.100000
5 0.805230 0.334259 0.021994 0.042593
5 0.693793 0.181481 0.015152 0.050000
1 0.824780 0.292130 0.090420 0.145370
1 0.840909 0.147222 0.181329 0.294444
5 0.936461 0.166204 0.027370 0.034259
5 0.958700 0.390278 0.018084 0.065741
5 0.519062 0.022685 0.060606 0.045370
5 0.489980 0.096759 0.084555 0.191667
5 0.743157 0.806944 0.027859 0.052778