1 0.272727 0.951852 0.058651 0.094444
5 0.554741 0.904630 0.016618 0.027778
5 0.692082 0.890278 0.029326 0.036111
5 0.225806 0.873148 0.012708 0.046296
5 0.717253 0.828704 0.016129 0.018519
5 0.928641 0.766667 0.022483 0.037037
5 0.134897 0.607407 0.017595 0.022222
5 0.201369 0.588426 0.061584 0.115741
5 0.053519 0.485185 0.018084 0.046296
5 0.702346 0.451389 0.019550 0.030556
5 0.566471 0.008796 0.013685 0.017593
3 0.199413 0.018519 0.049853 0.037037
3 0.300587 0.863889 0.064516 0.137037
3 0.346041 0.636574 0.069404 0.115741
1 0.279326 0.759722 0.175464 0.184259
3 0.201124 0.404630 0.026882 0.057407
1 0.275171 0.463889 0.126100 0.175926
3 0.226784 0.493981 0.030303 0.034259
1 0.287634 0.296296 0.127566 0.300000
1 0.287146 0.013889 0.042522 0.027778
1 0.320626 0.132407 0.149560 0.181481
5 0.271750 0.041667 0.069404 0.083333
5 0.563539 0.034259 0.015640 0.024074
1 0.804008 0.957870 0.095797 0.082407
1 0.820870 0.825926 0.122678 0.242593
1 0.806696 0.586574 0.146139 0.256481
5 0.854106 0.329167 0.023949 0.045370
1 0.805474 0.068056 0.118280 0.132407
1 0.838710 0.240278 0.107527 0.289815
1 0.824291 0.391667 0.099218 0.166667