5 0.062561 0.253241 0.043011 0.075000
5 0.025904 0.139352 0.030303 0.036111
5 0.028348 0.089815 0.032258 0.046296
5 0.086999 0.078704 0.044966 0.055556
5 0.076002 0.128241 0.032747 0.039815
5 0.192815 0.260185 0.033724 0.070370
5 0.223851 0.137963 0.024438 0.037037
5 0.266129 0.266667 0.032747 0.048148
5 0.283236 0.208796 0.035679 0.050926
5 0.298387 0.158796 0.040567 0.056481
5 0.343842 0.045833 0.033724 0.067593
5 0.360948 0.094444 0.035679 0.046296
5 0.098485 0.493056 0.055230 0.075000
5 0.108260 0.561574 0.041544 0.069444
5 0.046921 0.711111 0.035191 0.066667
5 0.159335 0.687963 0.030303 0.050000
5 0.191349 0.646296 0.028837 0.055556
5 0.316471 0.511111 0.046432 0.051852
0 0.516373 0.582870 0.082600 0.208333
5 0.541544 0.715741 0.025415 0.051852
0 0.580401 0.838426 0.333822 0.310185
5 0.664223 0.620833 0.019550 0.043519
5 0.724096 0.750463 0.021017 0.039815
5 0.849951 0.620833 0.026393 0.062037
5 0.784457 0.701852 0.025415 0.046296
5 0.881965 0.714815 0.021017 0.059259
5 0.934506 0.881944 0.019550 0.054630
5 0.341887 0.877778 0.022972 0.046296
5 0.502444 0.356944 0.019550 0.030556
5 0.543988 0.324074 0.025415 0.048148
0 0.631232 0.280556 0.325024 0.351852
5 0.795455 0.164352 0.035679 0.089815
5 0.826735 0.156944 0.021994 0.065741
5 0.862170 0.119444 0.037146 0.088889
5 0.901026 0.085185 0.026882 0.068519
0 0.690127 0.033333 0.030303 0.061111
0 0.624389 0.009259 0.064027 0.018519
5 0.955523 0.028704 0.041056 0.057407
5 0.947947 0.292593 0.032747 0.059259
5 0.982405 0.241667 0.021505 0.042593
5 0.922287 0.353704 0.018573 0.040741
5 0.832600 0.366204 0.035679 0.052778
5 0.984115 0.448611 0.024927 0.050926
5 0.928886 0.514352 0.023949 0.037963
5 0.793011 0.494444 0.030792 0.055556
5 0.818671 0.549074 0.022483 0.035185
5 0.747067 0.238426 0.021017 0.034259
5 0.687195 0.223148 0.024438 0.070370