5 0.161046 0.319907 0.010264 0.025000
5 0.124878 0.311574 0.033724 0.054630
5 0.090665 0.359259 0.010264 0.025926
5 0.012219 0.491667 0.024438 0.055556
5 0.112659 0.578704 0.018084 0.014815
5 0.132454 0.451852 0.017595 0.016667
5 0.251222 0.575463 0.008798 0.017593
5 0.287146 0.578704 0.010264 0.020370
5 0.280059 0.264815 0.024438 0.033333
5 0.289589 0.011574 0.028837 0.023148
5 0.401760 0.026852 0.005865 0.016667
5 0.402493 0.012500 0.008309 0.010185
5 0.447214 0.132407 0.026393 0.057407
5 0.389785 0.218981 0.006354 0.025000
5 0.440127 0.281944 0.016129 0.026852
5 0.420577 0.948611 0.018084 0.034259
5 0.432796 0.937500 0.014174 0.026852
5 0.450635 0.859722 0.013685 0.037963
5 0.882454 0.017130 0.013196 0.034259
5 0.922287 0.018519 0.013685 0.020370
5 0.946725 0.011574 0.017595 0.023148
5 0.862170 0.065741 0.019550 0.046296
5 0.902981 0.047685 0.015152 0.019444
5 0.912757 0.066204 0.011241 0.037963
5 0.902004 0.071296 0.026882 0.048148
5 0.902737 0.093981 0.042033 0.063889
5 0.902004 0.146296 0.036657 0.068519
5 0.861681 0.163889 0.011730 0.018519
5 0.862659 0.190278 0.029326 0.056481
5 0.917889 0.383333 0.026393 0.038889
5 0.913245 0.521296 0.020039 0.048148
5 0.855572 0.637500 0.028837 0.049074
5 0.899316 0.878704 0.015640 0.035185
5 0.984360 0.938426 0.030303 0.076852
5 0.979472 0.586574 0.028348 0.056481
5 0.961388 0.602778 0.017595 0.027778
5 0.991691 0.326389 0.015640 0.052778
5 0.987292 0.365741 0.024438 0.062963
5 0.753910 0.024074 0.021994 0.040741
5 0.730938 0.060185 0.025904 0.037037
5 0.769550 0.221759 0.028837 0.060185
5 0.758065 0.355556 0.038123 0.051852
5 0.791300 0.333796 0.026393 0.052778
5 0.764663 0.489352 0.017107 0.036111
0 0.546921 0.762500 0.183773 0.471296
5 0.584800 0.511574 0.012219 0.030556
0 0.548143 0.077315 0.177419 0.154630
5 0.573069 0.023148 0.008309 0.009259
0 0.547654 0.417593 0.215543 0.418519
2 0.508065 0.515278 0.037634 0.025000
2 0.454301 0.354630 0.043500 0.031481