5 0.448680 0.487500 0.042033 0.063889
5 0.433284 0.429630 0.027859 0.048148
5 0.448192 0.365278 0.017595 0.028704
5 0.520772 0.353704 0.025904 0.046296
5 0.527859 0.272685 0.018573 0.041667
5 0.554985 0.267593 0.020039 0.024074
5 0.472630 0.261574 0.019550 0.041667
5 0.567693 0.537963 0.042522 0.070370
5 0.606305 0.556944 0.027859 0.043519
5 0.630254 0.559259 0.015152 0.044444
5 0.685973 0.512963 0.028837 0.070370
5 0.634897 0.683333 0.036168 0.081481
5 0.593597 0.635185 0.021017 0.042593
5 0.720430 0.701852 0.040078 0.053704
5 0.643206 0.887500 0.021505 0.039815
5 0.564027 0.786574 0.019550 0.071296
5 0.498045 0.738426 0.036168 0.054630
5 0.476540 0.835648 0.065494 0.108333
5 0.467498 0.925000 0.034702 0.057407
5 0.559140 0.952778 0.032258 0.081481
5 0.520283 0.919907 0.026882 0.052778
5 0.429130 0.649074 0.025415 0.033333
5 0.498778 0.610185 0.034702 0.038889
5 0.528104 0.445833 0.015152 0.036111
5 0.577957 0.438889 0.021994 0.035185
5 0.618768 0.493519 0.026393 0.025926
5 0.632698 0.468981 0.012219 0.030556
5 0.617546 0.446296 0.033724 0.050000
5 0.637830 0.391204 0.039101 0.054630
5 0.646139 0.341667 0.035191 0.044444
5 0.597019 0.299074 0.021994 0.072222
5 0.593109 0.247222 0.020039 0.018519
5 0.675709 0.154630 0.045455 0.066667
5 0.689638 0.294444 0.036168 0.040741
5 0.581134 0.072222 0.032258 0.040741
5 0.510020 0.064815 0.042522 0.092593
5 0.383187 0.150463 0.026393 0.039815
5 0.642473 0.019444 0.022972 0.033333
5 0.670088 0.028241 0.029326 0.050926
5 0.698925 0.067130 0.029326 0.058333
5 0.720919 0.109259 0.022483 0.050000
5 0.601417 0.012963 0.021994 0.020370
5 0.416667 0.078704 0.013196 0.029630
5 0.707967 0.787037 0.033724 0.081481
5 0.706745 0.829167 0.018573 0.041667
5 0.714076 0.923611 0.044966 0.045370
5 0.711144 0.969907 0.042033 0.054630
5 0.756598 0.974074 0.025415 0.024074
5 0.913245 0.895370 0.034702 0.081481
5 0.933529 0.458333 0.022483 0.044444
5 0.893451 0.425463 0.021505 0.039815
5 0.926442 0.182870 0.033724 0.069444
5 0.925953 0.032407 0.041544 0.064815
5 0.934995 0.128241 0.024438 0.034259
5 0.963343 0.143519 0.030303 0.057407
5 0.984604 0.179630 0.023949 0.059259
5 0.979472 0.114815 0.035191 0.070370
5 0.820381 0.165741 0.034702 0.057407
5 0.813539 0.018056 0.034702 0.036111
1 0.796432 0.303241 0.091398 0.173148
5 0.819159 0.284722 0.018573 0.017593
1 0.798143 0.531481 0.090909 0.292593
5 0.087977 0.018981 0.022483 0.028704
5 0.027126 0.438889 0.018084 0.038889
5 0.145894 0.391204 0.045455 0.067593
5 0.008553 0.326852 0.014174 0.035185
5 0.062072 0.582870 0.032258 0.028704
5 0.079912 0.498611 0.017107 0.028704
5 0.007820 0.804167 0.014663 0.039815
5 0.128543 0.704630 0.017595 0.038889
3 0.175709 0.308796 0.093353 0.171296
5 0.152004 0.893519 0.026393 0.035185
5 0.008553 0.443056 0.016129 0.071296
1 0.788612 0.688426 0.096285 0.210185
3 0.796432 0.876389 0.089443 0.228704
1 0.787634 0.102315 0.113881 0.204630
1 0.283724 0.149074 0.157869 0.225926
1 0.244135 0.343056 0.125611 0.208333
1 0.244624 0.493981 0.164712 0.147222
1 0.251955 0.638426 0.136364 0.184259
3 0.201857 0.811111 0.047898 0.177778
1 0.258798 0.796296 0.077713 0.268519
3 0.182307 0.950926 0.029326 0.096296
1 0.229228 0.946759 0.121212 0.104630
3 0.288368 0.908333 0.081134 0.107407