1 0.299853 0.071296 0.185239 0.142593
1 0.274438 0.306944 0.148094 0.262037
1 0.293255 0.490741 0.193548 0.233333
1 0.260508 0.614352 0.165200 0.160185
1 0.269306 0.762963 0.182796 0.233333
1 0.262463 0.930093 0.167155 0.137963
5 0.668866 0.073611 0.047410 0.139815
1 0.801808 0.061574 0.120723 0.123148
5 0.869501 0.154630 0.019550 0.033333
5 0.777126 0.296759 0.017595 0.032407
5 0.837243 0.345833 0.032258 0.063889
5 0.857038 0.352778 0.012219 0.059259
1 0.815005 0.462963 0.099218 0.181481
1 0.824780 0.643519 0.069892 0.114815
1 0.797898 0.826852 0.128543 0.253704
5 0.990714 0.604630 0.017595 0.042593
5 0.533724 0.754630 0.016618 0.029630