5 0.263930 0.961574 0.035191 0.043519
5 0.412512 0.949537 0.012708 0.030556
5 0.810117 0.864352 0.033724 0.019444
5 0.609726 0.843056 0.020039 0.026852
5 0.850684 0.721759 0.018084 0.028704
5 0.668866 0.683796 0.027859 0.017593
5 0.828690 0.675463 0.037634 0.050926
5 0.966031 0.653704 0.028837 0.064815
5 0.069404 0.585185 0.007820 0.053704
5 0.007331 0.610185 0.014663 0.046296
5 0.925220 0.596296 0.018573 0.040741
5 0.043255 0.561574 0.026882 0.067593
5 0.940616 0.579167 0.017107 0.056481
5 0.825513 0.531019 0.022483 0.037963
5 0.608504 0.527778 0.032258 0.048148
5 0.887097 0.520833 0.016618 0.050926
5 0.827713 0.486111 0.014174 0.014815
5 0.186217 0.493981 0.024438 0.041667
5 0.704057 0.464352 0.026882 0.056481
5 0.604106 0.463426 0.021505 0.054630
5 0.527126 0.469907 0.046432 0.108333
5 0.276882 0.439352 0.045455 0.062037
5 0.886608 0.376389 0.037146 0.078704
5 0.718719 0.358796 0.064027 0.062037
5 0.332600 0.316667 0.008309 0.044444
5 0.267107 0.299537 0.023949 0.034259
5 0.664467 0.328241 0.055230 0.110185
5 0.884409 0.255093 0.017107 0.032407
5 0.237292 0.254630 0.014174 0.064815
5 0.298631 0.236111 0.022483 0.035185
5 0.051808 0.227778 0.009775 0.027778
5 0.898583 0.211111 0.032747 0.079630
5 0.598729 0.220370 0.037146 0.064815
5 0.659824 0.219907 0.044966 0.093519
5 0.903226 0.154167 0.015640 0.036111
5 0.072825 0.152778 0.017595 0.025926
5 0.114614 0.145370 0.021994 0.053704
5 0.830401 0.092130 0.029326 0.025000
5 0.759775 0.091667 0.030792 0.050000
5 0.138563 0.075000 0.022972 0.046296
5 0.410802 0.060648 0.047410 0.121296
5 0.389296 0.013426 0.010264 0.026852
5 0.254888 0.010648 0.016129 0.021296
5 0.181574 0.986574 0.018084 0.013889
5 0.282502 0.479630 0.019550 0.029630
5 0.288612 0.693519 0.035679 0.037037
5 0.275171 0.673148 0.010753 0.064815
5 0.284946 0.669444 0.024438 0.035185
5 0.297898 0.658796 0.021017 0.036111
5 0.249756 0.662963 0.007820 0.016667
5 0.231916 0.656019 0.009286 0.023148
5 0.281525 0.511111 0.020528 0.025926
5 0.319648 0.947685 0.020528 0.049074
5 0.279326 0.846296 0.019062 0.061111
5 0.292033 0.806019 0.019062 0.030556
0 0.350196 0.903704 0.057185 0.183333
5 0.398338 0.793981 0.017595 0.043519
5 0.359482 0.809259 0.042522 0.059259
5 0.382209 0.758796 0.015640 0.030556
5 0.390762 0.784259 0.042522 0.027778
5 0.385142 0.521296 0.041056 0.033333
0 0.415445 0.664815 0.243402 0.609259
5 0.531525 0.843056 0.041544 0.065741
5 0.519795 0.962963 0.017107 0.062963
5 0.557185 0.960648 0.033236 0.075000
5 0.576246 0.892593 0.014663 0.066667
5 0.682307 0.662963 0.023460 0.035185
5 0.691593 0.599074 0.052786 0.116667
5 0.532747 0.234722 0.041056 0.084259
5 0.551075 0.195833 0.022972 0.049074
5 0.665689 0.058796 0.016618 0.028704
5 0.762219 0.903704 0.034702 0.050000
5 0.754154 0.379167 0.013685 0.045370
5 0.785679 0.394907 0.021017 0.062037
5 0.778104 0.443056 0.039101 0.056481
5 0.765152 0.482870 0.018084 0.049074
5 0.769306 0.346296 0.027370 0.031481
5 0.009286 0.322685 0.018573 0.054630
5 0.148583 0.212037 0.033236 0.024074
5 0.036168 0.085185 0.035191 0.074074
5 0.086022 0.019907 0.015640 0.023148
5 0.280792 0.168519 0.021017 0.031481
5 0.360459 0.356019 0.027859 0.037963
5 0.381476 0.344444 0.018084 0.035185
5 0.408358 0.366204 0.027859 0.030556
5 0.399316 0.259259 0.038123 0.066667
5 0.381232 0.116204 0.025415 0.025000
5 0.395161 0.140278 0.010264 0.056481
5 0.767107 0.271759 0.024927 0.086111
5 0.924242 0.407407 0.050831 0.087037
5 0.951857 0.423148 0.046432 0.064815
5 0.879277 0.075926 0.032258 0.064815
5 0.884897 0.068056 0.043500 0.032407
5 0.899804 0.044444 0.017595 0.044444
5 0.871212 0.023611 0.041544 0.043519
5 0.894673 0.022222 0.014174 0.031481
5 0.857527 0.669444 0.014174 0.031481
5 0.900293 0.720833 0.042033 0.087963
5 0.852151 0.803241 0.022972 0.034259
5 0.845308 0.876389 0.023949 0.076852
5 0.840176 0.938889 0.024438 0.050000
5 0.860459 0.954167 0.030792 0.063889
5 0.887097 0.894444 0.029326 0.048148
5 0.891007 0.939352 0.027370 0.030556
5 0.876833 0.910648 0.053763 0.056481
5 0.980205 0.870370 0.027859 0.037037
5 0.965054 0.800463 0.028837 0.095370
5 0.954057 0.799537 0.019550 0.037963
5 0.966031 0.746296 0.021017 0.059259
5 0.985582 0.713426 0.024927 0.073148
5 0.959922 0.258333 0.029326 0.070370
5 0.983627 0.194907 0.028837 0.062037
5 0.988270 0.259259 0.020528 0.037037
5 0.972141 0.292593 0.036168 0.051852
5 0.970919 0.329630 0.036657 0.044444