5 0.360215 0.547685 0.022483 0.065741
5 0.377810 0.465278 0.016618 0.047222
5 0.356794 0.466667 0.024438 0.037037
5 0.337977 0.418056 0.020039 0.032407
5 0.484360 0.385648 0.007820 0.021296
3 0.334311 0.038426 0.062561 0.076852
5 0.205523 0.059259 0.016129 0.074074
1 0.293744 0.098148 0.170088 0.196296
3 0.220430 0.240741 0.064516 0.151852
1 0.286413 0.326389 0.173998 0.245370
1 0.252199 0.484259 0.129032 0.238889
3 0.241691 0.551852 0.044477 0.079630
5 0.292522 0.468981 0.017107 0.041667
5 0.300831 0.428704 0.014174 0.040741
5 0.314027 0.467593 0.018084 0.053704
1 0.248778 0.825463 0.178886 0.254630
5 0.114370 0.962963 0.020528 0.029630
2 0.346041 0.652778 0.042033 0.096296
5 0.439638 0.671759 0.016129 0.030556
5 0.480694 0.596296 0.019062 0.031481
5 0.369746 0.855556 0.032747 0.050000
5 0.357283 0.970370 0.025415 0.051852
5 0.396139 0.787500 0.023949 0.045370
3 0.540078 0.871759 0.021505 0.041667
5 0.619746 0.906481 0.042033 0.033333
5 0.684262 0.846759 0.023460 0.065741
5 0.737537 0.846296 0.020528 0.044444
5 0.709433 0.800463 0.025904 0.017593
5 0.576491 0.774537 0.029814 0.060185
5 0.524438 0.727778 0.019550 0.029630
5 0.574047 0.606481 0.031769 0.042593
5 0.634653 0.526389 0.025904 0.047222
5 0.631965 0.487963 0.023460 0.046296
5 0.695992 0.601389 0.016618 0.060185
5 0.713099 0.593981 0.013685 0.049074
5 0.731183 0.594444 0.020528 0.040741
5 0.735826 0.541204 0.041544 0.043519
5 0.762952 0.543519 0.016618 0.053704
5 0.747801 0.578241 0.014663 0.026852
5 0.748045 0.478704 0.022972 0.027778
5 0.791789 0.472685 0.023460 0.062037
5 0.657380 0.399074 0.017595 0.035185
5 0.571359 0.322222 0.025415 0.037037
5 0.502688 0.344444 0.020039 0.027778
5 0.581867 0.143056 0.025904 0.065741
5 0.490225 0.083333 0.027370 0.046296
5 0.492913 0.027315 0.035679 0.050926
5 0.517107 0.012500 0.013685 0.025000
5 0.665934 0.069907 0.019062 0.037963
5 0.714565 0.166667 0.022483 0.035185
5 0.733382 0.121759 0.042522 0.041667
5 0.728983 0.026852 0.019062 0.022222
5 0.736804 0.013889 0.024927 0.027778
1 0.788368 0.246759 0.137830 0.228704
5 0.860459 0.294907 0.016129 0.045370
5 0.895161 0.287500 0.019062 0.045370
5 0.931085 0.217130 0.017595 0.037963
5 0.927664 0.136574 0.040078 0.076852
5 0.832356 0.135648 0.023460 0.026852
5 0.739003 0.156019 0.021505 0.019444
5 0.778837 0.180093 0.018084 0.030556
3 0.812561 0.063889 0.080645 0.127778
5 0.949413 0.563889 0.018084 0.040741
5 0.811095 0.543519 0.019062 0.040741
3 0.831867 0.643056 0.114370 0.195370
1 0.801075 0.750000 0.127077 0.196296
1 0.822336 0.895370 0.130499 0.201852
5 0.939150 0.761574 0.025904 0.052778
5 0.949413 0.723611 0.017107 0.043519
5 0.964076 0.953704 0.049365 0.055556
5 0.981183 0.457870 0.033724 0.052778