5 0.428152 0.977315 0.011730 0.019444
5 0.130987 0.957870 0.022483 0.030556
5 0.256109 0.971296 0.020528 0.033333
5 0.302542 0.949074 0.016618 0.018519
5 0.753666 0.934722 0.011730 0.017593
5 0.368035 0.911111 0.031281 0.038889
5 0.434506 0.900463 0.030303 0.050926
5 0.941838 0.836574 0.043988 0.080556
5 0.414467 0.824074 0.031281 0.075926
5 0.618035 0.770833 0.021017 0.041667
5 0.308407 0.767593 0.037146 0.042593
5 0.027859 0.690278 0.007820 0.023148
5 0.461632 0.631481 0.010264 0.033333
5 0.564761 0.670833 0.057185 0.134259
5 0.074291 0.602315 0.015640 0.050926
5 0.905914 0.530556 0.019062 0.051852
5 0.319404 0.509259 0.026882 0.040741
5 0.105327 0.525926 0.032747 0.074074
5 0.331378 0.450463 0.044966 0.075000
5 0.177664 0.392130 0.019062 0.034259
5 0.329668 0.367593 0.018084 0.029630
5 0.990469 0.227778 0.008309 0.025926
5 0.460411 0.212500 0.015640 0.017593
5 0.242180 0.181019 0.014174 0.034259
5 0.015640 0.101389 0.026393 0.036111
5 0.328446 0.032870 0.022483 0.043519
5 0.023216 0.509259 0.046432 0.146296
5 0.051564 0.053704 0.025904 0.044444
5 0.054985 0.089352 0.026882 0.045370
0 0.644428 0.831944 0.232160 0.330556
0 0.651515 0.593519 0.376344 0.207407
5 0.571114 0.404167 0.037634 0.041667
5 0.627810 0.456944 0.045455 0.047222
0 0.584555 0.237037 0.185728 0.455556
0 0.607283 0.056481 0.164712 0.112963
5 0.612414 0.031481 0.030303 0.062963
5 0.554008 0.030556 0.022972 0.061111
5 0.696970 0.200000 0.028348 0.048148
5 0.734604 0.193519 0.036168 0.061111