5 0.006843 0.947222 0.013685 0.044444
5 0.503177 0.923611 0.010264 0.021296
5 0.063050 0.912037 0.013685 0.016667
2 0.670821 0.842130 0.013196 0.050926
2 0.994868 0.835648 0.009286 0.025000
5 0.067693 0.781481 0.007331 0.016667
5 0.392473 0.586111 0.012708 0.011111
2 0.079912 0.573148 0.024927 0.018519
2 0.627810 0.478704 0.021994 0.018519
5 0.932551 0.448148 0.013685 0.029630
5 0.361437 0.417130 0.009286 0.017593
2 0.180352 0.375000 0.028348 0.050000
2 0.138319 0.308796 0.025415 0.039815
2 0.792278 0.296759 0.089932 0.115741
2 0.109971 0.268056 0.030303 0.050926
2 0.566960 0.237500 0.010753 0.050926
2 0.083089 0.196759 0.016618 0.023148
2 0.510264 0.190278 0.051808 0.021296
2 0.549609 0.087500 0.026882 0.036111
2 0.010508 0.082870 0.018084 0.021296
5 0.637341 0.058796 0.013685 0.025000
2 0.840176 0.009259 0.042033 0.018519
2 0.039834 0.011574 0.017107 0.023148
2 0.642229 0.686111 0.032258 0.055556
0 0.624878 0.493519 0.188172 0.374074
0 0.620968 0.771759 0.210655 0.389815
0 0.633431 0.955556 0.197458 0.083333