1 0.242180 0.112500 0.142229 0.225000
1 0.251955 0.418056 0.149071 0.223148
4 0.250244 0.300000 0.113392 0.174074
1 0.232405 0.655556 0.130499 0.257407
1 0.240225 0.846759 0.194037 0.156481
1 0.257087 0.937963 0.256109 0.122222
4 0.500000 0.678241 0.058651 0.091667
5 0.530547 0.525000 0.021017 0.061111
4 0.390029 0.839352 0.061584 0.086111
5 0.631232 0.891204 0.040567 0.058333
5 0.632454 0.581944 0.022483 0.054630
5 0.668133 0.537037 0.020528 0.040741
5 0.578935 0.435648 0.027859 0.032407
5 0.609726 0.665278 0.023949 0.060185
1 0.757576 0.122685 0.040078 0.147222
1 0.766373 0.256944 0.056696 0.171296
1 0.760264 0.461111 0.094330 0.333333
1 0.781525 0.626389 0.137830 0.241667
1 0.813539 0.955093 0.101173 0.086111
5 0.931329 0.580556 0.040567 0.092593
5 0.985093 0.687037 0.027859 0.068519