3 0.843842 0.924537 0.118768 0.149074
3 0.344086 0.823148 0.021505 0.046296
5 0.497312 0.625000 0.019062 0.033333
5 0.538856 0.553241 0.015152 0.026852
5 0.076002 0.524074 0.020039 0.046296
5 0.899316 0.512963 0.007820 0.024074
5 0.598485 0.503704 0.015152 0.038889
5 0.713832 0.463426 0.021994 0.047222
5 0.045210 0.452778 0.024927 0.066667
5 0.485093 0.409722 0.030792 0.034259
5 0.448925 0.312500 0.020039 0.017593
5 0.994624 0.316204 0.009775 0.043519
5 0.494379 0.311574 0.028837 0.073148
5 0.922776 0.214352 0.010753 0.023148
5 0.529081 0.200000 0.014174 0.027778
5 0.644673 0.141667 0.018573 0.025926
5 0.354839 0.115278 0.026393 0.052778
5 0.710655 0.084722 0.013685 0.043519
5 0.004154 0.028704 0.008309 0.024074
1 0.798387 0.088889 0.129521 0.177778
5 0.113148 0.755093 0.009286 0.019444
5 0.102639 0.765741 0.015640 0.029630
3 0.183040 0.746759 0.073803 0.173148
1 0.297165 0.840741 0.157380 0.283333
3 0.234360 0.843519 0.052297 0.142593
5 0.348240 0.545833 0.023949 0.052778
5 0.294477 0.679167 0.025904 0.030556
1 0.273216 0.622222 0.128055 0.166667
3 0.233138 0.568056 0.098729 0.100926
3 0.216520 0.455556 0.045943 0.174074
5 0.257820 0.464815 0.021994 0.053704
5 0.218475 0.345833 0.050831 0.099074
1 0.309384 0.526389 0.044966 0.037963
1 0.256843 0.322222 0.176442 0.348148
3 0.190371 0.042593 0.080645 0.085185
1 0.276637 0.091204 0.189638 0.182407
1 0.830645 0.982870 0.017107 0.030556
5 0.987781 0.825926 0.022483 0.105556
5 0.990958 0.256481 0.014174 0.033333
1 0.828690 0.164815 0.097263 0.261111
1 0.833333 0.309259 0.107527 0.138889
1 0.806940 0.806944 0.173021 0.249074
1 0.819892 0.482870 0.084555 0.173148
1 0.808895 0.615278 0.140762 0.132407