5 0.112414 0.040278 0.044966 0.080556
1 0.028837 0.140278 0.057674 0.071296
1 0.003666 0.370370 0.007331 0.135185
1 0.018817 0.628704 0.037634 0.094444
1 0.007087 0.753241 0.014174 0.084259
5 0.008065 0.975926 0.016129 0.046296
5 0.096530 0.670370 0.046432 0.109259
5 0.176197 0.856481 0.037634 0.072222
5 0.214565 0.426389 0.026393 0.078704
5 0.229228 0.309259 0.048876 0.057407
5 0.103128 0.300000 0.020528 0.033333
5 0.225806 0.113889 0.128055 0.224074
5 0.230938 0.969907 0.039589 0.056481
5 0.298143 0.751852 0.024438 0.087037
5 0.337732 0.188426 0.022483 0.091667
5 0.412023 0.189815 0.044966 0.100000
1 0.487292 0.063426 0.082111 0.126852
1 0.457722 0.339815 0.164712 0.398148
1 0.500000 0.676852 0.123167 0.264815
5 0.582600 0.546296 0.039101 0.070370
1 0.480205 0.874537 0.098240 0.171296
5 0.435973 0.791667 0.038123 0.122222
5 0.396139 0.954630 0.051320 0.088889
5 0.684506 0.903704 0.025904 0.038889
5 0.867058 0.899537 0.037146 0.060185
5 0.924731 0.678241 0.027370 0.063889
5 0.325024 0.651852 0.023460 0.053704