2 0.059629 0.305556 0.119257 0.035185
2 0.047898 0.342593 0.095797 0.098148
5 0.111681 0.238426 0.034702 0.047222
5 0.196970 0.167593 0.044966 0.057407
5 0.247801 0.036111 0.062561 0.051852
2 0.057674 0.098611 0.115347 0.197222
5 0.156158 0.036111 0.014174 0.037037
5 0.184751 0.472222 0.033236 0.103704
5 0.200635 0.281944 0.023949 0.041667
5 0.265640 0.356944 0.022972 0.047222
5 0.210899 0.325463 0.014174 0.015741
5 0.272727 0.516204 0.018573 0.045370
5 0.246823 0.620833 0.033236 0.045370
5 0.213343 0.639352 0.028837 0.049074
5 0.205034 0.732407 0.039589 0.140741
5 0.166667 0.713889 0.024438 0.022222
5 0.023460 0.577315 0.025415 0.052778
5 0.045699 0.694907 0.039589 0.056481
5 0.022483 0.784722 0.044966 0.139815
5 0.324291 0.545833 0.019062 0.050926
5 0.321359 0.641667 0.022972 0.079630
5 0.258798 0.703241 0.027859 0.047222
5 0.302542 0.768519 0.030303 0.061111
5 0.343353 0.880556 0.030792 0.038889
5 0.294721 0.950000 0.024438 0.074074
5 0.398827 0.844444 0.050831 0.153704
5 0.416422 0.675926 0.043011 0.050000
5 0.416911 0.707870 0.025415 0.039815
5 0.377077 0.975000 0.051320 0.046296
5 0.434262 0.860648 0.044477 0.026852
5 0.467986 0.844907 0.017107 0.063889
5 0.446237 0.934259 0.054741 0.129630
5 0.482405 0.932407 0.046921 0.131481
5 0.503666 0.950000 0.038612 0.062963
5 0.425220 0.982870 0.016618 0.030556
5 0.461632 0.966667 0.026882 0.059259
5 0.515152 0.810648 0.041056 0.130556
5 0.371945 0.438426 0.071359 0.058333
5 0.395650 0.528241 0.047410 0.067593
5 0.424976 0.568056 0.043500 0.069444
5 0.417889 0.607870 0.016618 0.025000
5 0.341887 0.368519 0.046432 0.029630
5 0.352884 0.315278 0.024438 0.050926
5 0.384897 0.331481 0.037634 0.094444
5 0.422043 0.357407 0.018084 0.038889
5 0.396628 0.218519 0.039589 0.116667
5 0.436706 0.261111 0.093353 0.131481
5 0.404448 0.021759 0.047410 0.043519
5 0.330890 0.076852 0.031281 0.087037
5 0.352151 0.076852 0.041544 0.120370
5 0.378299 0.121759 0.040078 0.043519
5 0.375855 0.161111 0.034213 0.031481
5 0.453568 0.145370 0.069404 0.107407
5 0.488025 0.093981 0.050342 0.084259
5 0.454790 0.056944 0.069892 0.113889
5 0.464809 0.389815 0.019550 0.029630
5 0.503421 0.405093 0.033236 0.117593
5 0.505376 0.467593 0.050831 0.120370
5 0.535924 0.015278 0.063050 0.030556
5 0.559873 0.071759 0.029814 0.087963
1 0.595797 0.060185 0.069404 0.120370
5 0.615347 0.168519 0.037146 0.098148
1 0.573069 0.268981 0.114858 0.354630
5 0.564027 0.420833 0.074291 0.086111
5 0.514418 0.608796 0.021994 0.034259
5 0.517840 0.651389 0.032747 0.106481
5 0.544966 0.967593 0.016618 0.048148
5 0.590420 0.962037 0.086022 0.074074
5 0.544233 0.700000 0.044477 0.122222
5 0.538368 0.157407 0.060117 0.051852
1 0.613148 0.567593 0.169599 0.211111
5 0.657136 0.027315 0.046432 0.054630
5 0.673998 0.008796 0.020528 0.017593
5 0.712366 0.047685 0.052297 0.093519
5 0.731672 0.010648 0.020528 0.019444
5 0.765152 0.135185 0.030792 0.072222
5 0.760997 0.175000 0.009775 0.048148
5 0.733627 0.312037 0.039101 0.055556
5 0.736804 0.360185 0.020039 0.055556
5 0.673998 0.362037 0.050831 0.137037
5 0.687928 0.479167 0.020039 0.076852
5 0.693793 0.440278 0.062072 0.086111
5 0.736559 0.464815 0.060606 0.072222
5 0.663978 0.572222 0.055230 0.061111
5 0.715054 0.662963 0.041056 0.048148
5 0.648827 0.748611 0.036657 0.145370
5 0.679619 0.769444 0.059140 0.135185
5 0.720674 0.814815 0.054252 0.100000
5 0.671799 0.894444 0.079668 0.133333
1 0.590665 0.780556 0.101173 0.411111
5 0.758553 0.959722 0.145650 0.078704
5 0.776882 0.929167 0.059140 0.065741
5 0.866080 0.952315 0.024438 0.091667
5 0.831378 0.918519 0.017595 0.059259
5 0.838465 0.887963 0.037634 0.057407
5 0.749756 0.760185 0.115347 0.238889
5 0.753177 0.637500 0.033236 0.034259
5 0.928397 0.810185 0.034702 0.072222
5 0.925464 0.925000 0.024927 0.064815
5 0.957234 0.901389 0.044477 0.112037
5 0.978250 0.867130 0.041544 0.104630
5 0.968719 0.976852 0.013685 0.040741
5 0.990958 0.959259 0.015152 0.077778
5 0.823803 0.835648 0.060117 0.087963
5 0.854594 0.872685 0.029814 0.052778
5 0.819404 0.781019 0.066960 0.119444
5 0.867791 0.720833 0.046432 0.087963
5 0.890274 0.706481 0.016129 0.037037
5 0.828690 0.683796 0.062072 0.106481
5 0.843109 0.656019 0.036168 0.052778
5 0.844330 0.609722 0.033724 0.075000
5 0.893206 0.605556 0.057185 0.122222
5 0.988025 0.703241 0.021017 0.043519
5 0.969208 0.573611 0.031281 0.056481
5 0.987537 0.577315 0.021017 0.062037
5 0.956500 0.430556 0.031281 0.087037
5 0.908602 0.403704 0.050831 0.027778
5 0.756843 0.511574 0.029814 0.036111
5 0.783480 0.522222 0.036168 0.074074
5 0.800098 0.498611 0.040078 0.108333
5 0.838465 0.525463 0.026882 0.050926
5 0.844086 0.565278 0.024438 0.058333
5 0.793011 0.350463 0.036657 0.136111
5 0.791789 0.319907 0.043988 0.062037
5 0.802297 0.411574 0.031769 0.067593
5 0.818426 0.419907 0.027859 0.086111
5 0.828446 0.461111 0.036168 0.068519
5 0.853128 0.425463 0.030792 0.087963
5 0.863881 0.453704 0.043500 0.083333
5 0.992424 0.489815 0.014174 0.081481
5 0.779081 0.258796 0.025415 0.028704
5 0.805718 0.239815 0.035679 0.062963
5 0.832111 0.301852 0.055230 0.042593
5 0.823314 0.343519 0.014174 0.035185
5 0.910802 0.287963 0.031769 0.075926
5 0.871212 0.254630 0.036657 0.077778
5 0.871212 0.254167 0.062072 0.052778
5 0.804741 0.176389 0.048387 0.065741
5 0.821848 0.223611 0.060117 0.075000
5 0.857771 0.214352 0.045943 0.073148
5 0.771505 0.031944 0.034702 0.062037
5 0.788612 0.026389 0.037634 0.052778
5 0.814516 0.021296 0.014174 0.042593
5 0.849707 0.101389 0.020039 0.087963
5 0.827957 0.133333 0.028348 0.042593
5 0.848974 0.140278 0.027370 0.069444
5 0.866813 0.127778 0.025904 0.025926
5 0.867546 0.041204 0.037146 0.082407
5 0.890274 0.068056 0.064027 0.058333
5 0.931818 0.010185 0.015152 0.020370
5 0.981916 0.044444 0.033236 0.087037
5 0.956745 0.081019 0.041544 0.119444
5 0.978006 0.095370 0.021505 0.090741
5 0.967742 0.138889 0.040078 0.029630
5 0.983871 0.181944 0.030303 0.097222
5 0.988270 0.117130 0.020528 0.076852