5 0.180352 0.044907 0.079179 0.089815
5 0.035191 0.028704 0.014663 0.055556
5 0.045699 0.271296 0.046432 0.048148
5 0.042278 0.556019 0.025904 0.045370
5 0.131720 0.546296 0.039589 0.085185
5 0.170821 0.540741 0.021994 0.051852
5 0.190371 0.512037 0.028837 0.051852
5 0.220430 0.443981 0.043011 0.082407
5 0.169599 0.396296 0.022483 0.057407
5 0.201857 0.415741 0.025415 0.079630
5 0.057918 0.812500 0.057185 0.112037
5 0.086266 0.813889 0.039589 0.050000
5 0.221163 0.746759 0.051320 0.097222
5 0.232405 0.593981 0.028837 0.036111
5 0.293744 0.836574 0.031281 0.047222
5 0.142717 0.948148 0.040078 0.088889
5 0.359482 0.864352 0.030792 0.084259
5 0.263441 0.512500 0.024438 0.071296
5 0.347263 0.452315 0.042522 0.091667
1 0.424242 0.147222 0.166178 0.294444
1 0.400293 0.406019 0.127077 0.219444
1 0.450635 0.253704 0.086999 0.231481
1 0.455523 0.517593 0.151515 0.229630
5 0.260508 0.655093 0.020528 0.047222
5 0.468719 0.925463 0.023460 0.054630
5 0.494135 0.894444 0.038123 0.074074
5 0.561095 0.664352 0.052786 0.167593
5 0.557185 0.210648 0.021505 0.087963
1 0.974096 0.905556 0.049853 0.185185
5 0.856549 0.290741 0.022972 0.037037