5 0.410068 0.064352 0.061584 0.087963
1 0.469697 0.232870 0.172043 0.367593
5 0.533724 0.176852 0.055718 0.066667
5 0.572336 0.457870 0.052786 0.097222
5 0.552053 0.488889 0.022972 0.057407
1 0.442815 0.532407 0.132942 0.337037
5 0.420577 0.615741 0.027859 0.046296
1 0.450880 0.733333 0.155914 0.166667
1 0.453079 0.919444 0.167155 0.151852
5 0.546188 0.832407 0.025904 0.038889
5 0.339932 0.833796 0.026882 0.086111
5 0.291300 0.863426 0.040078 0.097222
5 0.287146 0.748611 0.046432 0.084259
5 0.245601 0.831481 0.046432 0.072222
5 0.297654 0.592130 0.046921 0.123148
1 0.231427 0.639815 0.123656 0.235185
1 0.173998 0.438426 0.117302 0.212037
5 0.261486 0.433333 0.032258 0.037037
5 0.147849 0.272222 0.062072 0.062963
5 0.215787 0.221759 0.068915 0.137963
5 0.194770 0.121759 0.057185 0.075000
5 0.184995 0.039815 0.046432 0.057407
5 0.279814 0.218519 0.045455 0.057407
5 0.323069 0.194444 0.043988 0.079630
1 0.299120 0.084722 0.123167 0.169444
5 0.331623 0.096296 0.039589 0.055556
5 0.054008 0.104167 0.090420 0.100926
5 0.020039 0.230093 0.040078 0.086111
5 0.007087 0.337963 0.014174 0.072222
1 0.022727 0.471759 0.045455 0.228704
5 0.097996 0.500000 0.037634 0.074074
5 0.096285 0.623148 0.075269 0.144444
1 0.164223 0.790278 0.128055 0.189815
1 0.136119 0.890278 0.190127 0.204630
5 0.030303 0.959259 0.025415 0.068519
5 0.023705 0.872685 0.029814 0.050926
5 0.241935 0.975463 0.058651 0.039815
5 0.231427 0.886574 0.032747 0.037963
5 0.609726 0.583796 0.029814 0.069444
5 0.608260 0.632870 0.089443 0.086111
5 0.661046 0.607870 0.046432 0.093519
5 0.697947 0.566667 0.049853 0.151852
5 0.725806 0.492130 0.038123 0.050926
5 0.734848 0.418981 0.026882 0.049074
5 0.798387 0.435648 0.029814 0.076852
5 0.777615 0.578704 0.024438 0.046296
5 0.862170 0.678241 0.042033 0.049074
5 0.849707 0.740741 0.040567 0.107407
5 0.742913 0.756944 0.061584 0.112037
5 0.756109 0.875000 0.054741 0.090741
5 0.644917 0.793981 0.036657 0.067593
5 0.637097 0.906944 0.027859 0.097222
5 0.703568 0.939352 0.035679 0.037963
5 0.678397 0.981944 0.018573 0.030556
5 0.944037 0.466204 0.042522 0.076852
5 0.787634 0.163426 0.027859 0.052778
5 0.767107 0.033333 0.027859 0.066667
5 0.809140 0.113889 0.025904 0.040741
5 0.629032 0.011111 0.031281 0.022222
5 0.187683 0.530093 0.019550 0.054630
5 0.565005 0.105093 0.037146 0.045370
5 0.785924 0.294444 0.029326 0.059259
5 0.970186 0.413426 0.032258 0.063889
5 0.075024 0.375000 0.028837 0.044444
5 0.929619 0.317130 0.025415 0.039815
5 0.390029 0.378704 0.021505 0.035185
5 0.329668 0.300926 0.024927 0.042593
5 0.163490 0.565741 0.030792 0.048148
5 0.527126 0.630093 0.017107 0.049074
5 0.671554 0.056481 0.030303 0.059259
5 0.336510 0.924074 0.021994 0.037037