5 0.130254 0.023611 0.043500 0.045370
5 0.262952 0.200463 0.044966 0.099074
5 0.110704 0.127315 0.025904 0.065741
5 0.075269 0.097222 0.031281 0.044444
5 0.231183 0.310185 0.037146 0.061111
5 0.406647 0.067593 0.033236 0.085185
5 0.043255 0.738426 0.051320 0.073148
4 0.060850 0.792593 0.023949 0.066667
5 0.046432 0.820833 0.033236 0.050926
5 0.270772 0.941667 0.043011 0.075926
5 0.275904 0.884722 0.041544 0.032407
5 0.462854 0.948148 0.057674 0.094444
5 0.515885 0.943981 0.028837 0.050926
5 0.501711 0.908796 0.041544 0.067593
5 0.418866 0.857870 0.022483 0.041667
5 0.459922 0.852778 0.038123 0.042593
5 0.414712 0.699537 0.021017 0.062037
5 0.479472 0.605093 0.033236 0.054630
5 0.454790 0.537500 0.026882 0.073148
5 0.449413 0.351852 0.022972 0.044444
5 0.402248 0.241667 0.030303 0.088889
5 0.421554 0.280556 0.027859 0.038889
5 0.446481 0.064352 0.031769 0.028704
5 0.531281 0.421759 0.037146 0.041667
5 0.630743 0.256019 0.063050 0.062037
1 0.586999 0.075463 0.088954 0.150926
5 0.632454 0.013426 0.032258 0.026852
1 0.600196 0.356481 0.151515 0.283333
5 0.506598 0.370833 0.070870 0.075000
1 0.573069 0.603241 0.135386 0.173148
1 0.591887 0.772222 0.101662 0.283333
1 0.605816 0.919907 0.115836 0.156481
5 0.710411 0.696296 0.028837 0.046296
5 0.721652 0.663426 0.025904 0.045370
5 0.760020 0.826852 0.028348 0.062963
5 0.857771 0.956944 0.019550 0.080556
5 0.912268 0.852315 0.013196 0.054630
5 0.863881 0.698148 0.023949 0.064815
5 0.858504 0.456019 0.032747 0.056481
5 0.813539 0.327778 0.023949 0.074074
5 0.793988 0.543056 0.032747 0.089815
5 0.732649 0.460648 0.023460 0.052778
5 0.780303 0.454630 0.024927 0.035185
5 0.894673 0.528704 0.029814 0.044444
5 0.866813 0.269444 0.038612 0.109259
5 0.847019 0.218519 0.023460 0.090741
5 0.751466 0.080093 0.037634 0.052778
5 0.771750 0.103704 0.035191 0.074074
5 0.966520 0.561574 0.044477 0.110185
5 0.895894 0.193519 0.048876 0.072222
5 0.854594 0.101389 0.044477 0.054630
5 0.962854 0.231944 0.018573 0.080556
5 0.948925 0.769907 0.043500 0.043519
5 0.965054 0.717593 0.025904 0.053704
5 0.898094 0.612963 0.045455 0.066667
5 0.931574 0.893981 0.025415 0.060185