0 0.677175 0.984259 0.103128 0.029630
5 0.307918 0.965741 0.009775 0.037037
5 0.064027 0.896296 0.038123 0.072222
5 0.513930 0.865741 0.005376 0.018519
5 0.681818 0.809722 0.010753 0.015741
5 0.600440 0.775463 0.008309 0.015741
4 0.965543 0.714352 0.018084 0.028704
4 0.328446 0.688426 0.011730 0.012037
5 0.449413 0.643056 0.027859 0.073148
5 0.813539 0.591204 0.028837 0.052778
5 0.191349 0.573148 0.029814 0.042593
5 0.880499 0.369444 0.025904 0.057407
5 0.989247 0.368519 0.020528 0.042593
5 0.972385 0.353241 0.011241 0.036111
5 0.811339 0.333796 0.019550 0.032407
5 0.398094 0.346759 0.021994 0.065741
5 0.829423 0.207870 0.020528 0.036111
5 0.933040 0.107407 0.026393 0.031481
4 0.910557 0.060185 0.016618 0.020370
0 0.746823 0.015278 0.038123 0.030556
0 0.693793 0.052778 0.026882 0.105556
4 0.450391 0.011574 0.020039 0.023148
0 0.585044 0.191204 0.140762 0.382407
2 0.536413 0.268981 0.012219 0.039815
2 0.567937 0.382870 0.068426 0.084259
5 0.613636 0.688889 0.027859 0.037037
1 0.621701 0.526389 0.290323 0.282407
5 0.657136 0.241667 0.008309 0.022222
5 0.963343 0.330556 0.022483 0.046296
5 0.825024 0.882407 0.011730 0.050000
5 0.826246 0.608796 0.018084 0.058333
5 0.817693 0.700000 0.022483 0.031481
2 0.524682 0.721296 0.056207 0.146296
0 0.596774 0.818056 0.236559 0.358333
5 0.505376 0.971296 0.023460 0.040741
0 0.500978 0.944907 0.063539 0.106481