5 0.047165 0.239352 0.036657 0.043519
5 0.076002 0.264815 0.042522 0.051852
5 0.082111 0.548148 0.037146 0.068519
5 0.090420 0.649537 0.023460 0.050926
5 0.211388 0.512500 0.025904 0.047222
5 0.069404 0.911111 0.029326 0.051852
5 0.142717 0.742130 0.035191 0.078704
5 0.114125 0.774074 0.019062 0.040741
0 0.640029 0.918519 0.221408 0.159259
5 0.655425 0.863426 0.025415 0.047222
5 0.518573 0.651852 0.027370 0.044444
5 0.556940 0.535648 0.023949 0.052778
5 0.630987 0.567130 0.024438 0.045370
5 0.661046 0.585185 0.026882 0.016667
5 0.552786 0.426389 0.031281 0.069444
5 0.591398 0.378241 0.017595 0.034259
3 0.570381 0.257870 0.077224 0.165741
0 0.612659 0.068981 0.322092 0.137963
5 0.542033 0.119444 0.015640 0.040741
5 0.777370 0.655093 0.033724 0.056481
5 0.789345 0.580093 0.018573 0.047222
5 0.796188 0.518981 0.049853 0.073148
5 0.801320 0.483333 0.021017 0.044444
5 0.781036 0.418056 0.022483 0.050926
5 0.840665 0.555093 0.019550 0.052778
5 0.808895 0.337037 0.022483 0.027778
5 0.858504 0.777315 0.028837 0.080556
5 0.887097 0.787037 0.035191 0.055556
5 0.906403 0.735185 0.021994 0.051852
5 0.945992 0.643519 0.018084 0.051852
5 0.920821 0.973611 0.025415 0.047222
5 0.900293 0.937963 0.027370 0.055556
5 0.962121 0.481019 0.023949 0.049074
5 0.524682 0.476389 0.010264 0.028704