5 0.376833 0.984722 0.011730 0.019444
2 0.575024 0.890278 0.021017 0.023148
5 0.152493 0.778241 0.011730 0.030556
5 0.843109 0.753241 0.010753 0.013889
5 0.801564 0.731019 0.012708 0.028704
2 0.833822 0.787500 0.182796 0.149074
5 0.292033 0.670370 0.008309 0.029630
5 0.190860 0.615741 0.010264 0.012963
5 0.991691 0.600463 0.015640 0.037963
5 0.728250 0.549074 0.005865 0.018519
5 0.462610 0.540741 0.009286 0.018519
5 0.815982 0.494444 0.011241 0.037037
5 0.722141 0.443056 0.009286 0.032407
5 0.150538 0.324074 0.012708 0.014815
5 0.098240 0.258796 0.016618 0.017593
5 0.428886 0.246296 0.008309 0.016667
5 0.135875 0.240741 0.013685 0.011111
5 0.315982 0.212500 0.010264 0.019444
5 0.047898 0.211574 0.016618 0.012037
2 0.139541 0.076852 0.027859 0.042593
5 0.374389 0.014815 0.017595 0.011111
2 0.324047 0.026389 0.055718 0.052778
5 0.187195 0.011574 0.007820 0.023148
5 0.419355 0.838889 0.042033 0.053704
0 0.450147 0.744444 0.327468 0.509259
5 0.460899 0.492593 0.038123 0.072222
0 0.442571 0.167130 0.283969 0.334259
0 0.468475 0.355556 0.339687 0.379630