5 0.118280 0.881944 0.055718 0.049074
5 0.346530 0.845370 0.019550 0.035185
5 0.357283 0.724537 0.045943 0.078704
5 0.767595 0.576389 0.056207 0.104630
5 0.525904 0.476852 0.011730 0.024074
5 0.974340 0.409722 0.034702 0.056481
5 0.453812 0.317593 0.008309 0.038889
5 0.941593 0.281019 0.037634 0.089815
5 0.813783 0.143981 0.031281 0.054630
5 0.870235 0.106944 0.021017 0.075000
5 0.535679 0.101389 0.036168 0.052778
5 0.759531 0.019907 0.025415 0.039815
0 0.648827 0.072222 0.186217 0.144444
5 0.336999 0.631481 0.061095 0.075926
5 0.701124 0.273611 0.065005 0.154630
0 0.574047 0.660648 0.286901 0.245370
0 0.591887 0.850463 0.362659 0.293519
5 0.936950 0.445833 0.050831 0.058333