5 0.182551 0.993056 0.007331 0.012037
5 0.228250 0.985185 0.015640 0.027778
5 0.195992 0.973611 0.031281 0.050926
5 0.748534 0.787963 0.017107 0.029630
5 0.007331 0.775926 0.014663 0.057407
5 0.043744 0.723148 0.005376 0.016667
5 0.648827 0.705556 0.012219 0.016667
5 0.813539 0.573148 0.010264 0.014815
5 0.382209 0.525000 0.027370 0.038889
5 0.540323 0.499537 0.024927 0.043519
5 0.700880 0.429167 0.008798 0.030556
5 0.922043 0.423148 0.009286 0.025926
5 0.386364 0.391667 0.066960 0.074074
1 0.019062 0.413426 0.038123 0.126852
5 0.514418 0.339352 0.011241 0.039815
1 0.466276 0.462500 0.120235 0.291667
5 0.311095 0.239352 0.013196 0.026852
5 0.508553 0.197685 0.012219 0.021296
5 0.005865 0.162500 0.011730 0.026852
5 0.100440 0.151389 0.018084 0.028704
5 0.758309 0.128241 0.020039 0.037963
5 0.014907 0.110185 0.019062 0.024074
5 0.986559 0.023148 0.025904 0.046296
5 0.044721 0.008796 0.016129 0.017593
5 0.010020 0.502778 0.020039 0.040741
5 0.142962 0.471296 0.076735 0.092593
5 0.161290 0.432870 0.015640 0.019444
5 0.163734 0.366667 0.051808 0.077778
5 0.206500 0.388889 0.035679 0.053704
5 0.225806 0.464815 0.032258 0.074074
5 0.224340 0.340741 0.020528 0.059259
4 0.260264 0.198611 0.024927 0.047222
5 0.271505 0.348148 0.031769 0.057407
5 0.430596 0.212963 0.021505 0.048148
1 0.456745 0.169444 0.056207 0.201852
5 0.449902 0.296759 0.011241 0.023148
5 0.507576 0.512500 0.007331 0.019444
1 0.447947 0.800463 0.178397 0.395370
5 0.475318 0.051389 0.036657 0.063889
5 0.522239 0.100000 0.073803 0.111111
5 0.574780 0.128241 0.050831 0.115741
5 0.693060 0.585648 0.017595 0.045370
5 0.657380 0.353704 0.006843 0.033333
5 0.665200 0.353704 0.008798 0.029630
5 0.674731 0.196296 0.039589 0.070370
5 0.813294 0.382407 0.026393 0.035185
5 0.762219 0.455556 0.059140 0.033333
5 0.875122 0.418056 0.024927 0.043519
5 0.865347 0.005093 0.010264 0.010185