5 0.065982 0.010185 0.009775 0.020370
5 0.089443 0.091204 0.055718 0.093519
5 0.099218 0.127315 0.011730 0.023148
5 0.117058 0.105556 0.025904 0.055556
5 0.110459 0.273148 0.026393 0.053704
5 0.039345 0.484259 0.024927 0.087037
5 0.091887 0.875926 0.010753 0.011111
5 0.114614 0.914352 0.021994 0.041667
5 0.051564 0.979167 0.038612 0.039815
5 0.065005 0.979630 0.020528 0.033333
5 0.133431 0.809722 0.033236 0.113889
5 0.170332 0.873611 0.033724 0.080556
5 0.200880 0.904630 0.006843 0.016667
5 0.145161 0.425926 0.042033 0.024074
5 0.160313 0.434722 0.017595 0.073148
5 0.143695 0.378241 0.015640 0.021296
5 0.288856 0.111111 0.025415 0.042593
5 0.279814 0.238426 0.007331 0.023148
5 0.272972 0.232870 0.012219 0.019444
5 0.197458 0.397222 0.032258 0.075926
5 0.219453 0.428241 0.010753 0.012037
5 0.287146 0.424537 0.013196 0.025000
5 0.242180 0.515741 0.071848 0.125926
5 0.158113 0.667130 0.006354 0.025000
5 0.225073 0.706481 0.019062 0.044444
5 0.228006 0.761111 0.016129 0.053704
5 0.235337 0.975463 0.008309 0.025000
5 0.260753 0.991204 0.010264 0.015741
5 0.301320 0.963426 0.065982 0.071296
5 0.327224 0.700000 0.009286 0.025926
5 0.317693 0.708796 0.017595 0.021296
5 0.280303 0.728241 0.084555 0.113889
5 0.265396 0.719907 0.028348 0.067593
5 0.310606 0.594907 0.024927 0.030556
5 0.299609 0.553704 0.017595 0.018519
5 0.307918 0.545370 0.011730 0.027778
5 0.285435 0.559259 0.015640 0.062963
5 0.305230 0.431481 0.015152 0.024074
5 0.318182 0.480093 0.010753 0.030556
5 0.376344 0.019444 0.016618 0.022222
5 0.360215 0.249074 0.032258 0.088889
5 0.387830 0.295833 0.012219 0.010185
5 0.386364 0.337963 0.036657 0.059259
5 0.382698 0.392593 0.011730 0.027778
5 0.389296 0.821296 0.039589 0.077778
1 0.445015 0.940741 0.164712 0.116667
5 0.431085 0.712500 0.009775 0.019444
1 0.455034 0.748148 0.189638 0.159259
5 0.499756 0.523611 0.013196 0.015741
1 0.445503 0.617593 0.128543 0.259259
1 0.459433 0.451389 0.107527 0.163889
1 0.488514 0.287037 0.127566 0.196296
5 0.533724 0.427315 0.014663 0.045370
5 0.556696 0.537963 0.018573 0.040741
5 0.552542 0.584722 0.009286 0.021296
5 0.545210 0.613426 0.012219 0.023148
5 0.482160 0.187037 0.033724 0.031481
5 0.526637 0.200926 0.029814 0.037037
5 0.535191 0.236111 0.019550 0.029630
5 0.555230 0.187963 0.016618 0.029630
5 0.578935 0.164352 0.029814 0.025000
5 0.496090 0.065278 0.019550 0.032407
1 0.464565 0.062500 0.134409 0.125000
5 0.597263 0.672685 0.042033 0.091667
5 0.662512 0.526389 0.021017 0.049074
5 0.649071 0.431019 0.007820 0.017593
5 0.617546 0.272222 0.005376 0.029630
5 0.665689 0.048148 0.026393 0.042593
5 0.705279 0.339815 0.009775 0.011111
5 0.743402 0.337037 0.005865 0.014815
5 0.732405 0.440741 0.015152 0.012963
2 0.718475 0.624537 0.018573 0.032407
5 0.689638 0.750463 0.013685 0.030556
5 0.715787 0.794444 0.029814 0.098148
5 0.838954 0.738889 0.013196 0.031481
5 0.801075 0.612037 0.011730 0.020370
5 0.855083 0.660648 0.015152 0.021296
5 0.855083 0.581481 0.010264 0.033333
5 0.834555 0.523148 0.012219 0.020370
5 0.771261 0.415741 0.041056 0.072222
5 0.843842 0.434259 0.008309 0.014815
5 0.784457 0.245833 0.018573 0.043519
5 0.787390 0.146759 0.017595 0.036111
5 0.771994 0.113426 0.012219 0.017593
5 0.858993 0.014352 0.011241 0.028704
5 0.787634 0.187037 0.011241 0.020370
5 0.827713 0.235648 0.031769 0.045370
5 0.869990 0.270833 0.017595 0.028704
4 0.880010 0.307870 0.022972 0.049074
4 0.879277 0.335648 0.020528 0.060185
5 0.866813 0.388889 0.021017 0.048148
5 0.904692 0.921296 0.012708 0.020370
5 0.948680 0.855093 0.014663 0.063889
4 0.937439 0.428241 0.024438 0.036111
5 0.892717 0.278704 0.010264 0.020370
5 0.903959 0.280556 0.010264 0.016667
5 0.912757 0.310648 0.020039 0.082407
5 0.906891 0.170833 0.017107 0.037963
4 0.904692 0.132407 0.037146 0.042593
4 0.901760 0.027315 0.013685 0.034259
4 0.983627 0.012037 0.013196 0.022222