5 0.016373 0.203241 0.030792 0.102778
5 0.091642 0.290278 0.057185 0.080556
5 0.217742 0.325000 0.062072 0.062963
5 0.278104 0.271296 0.034213 0.053704
5 0.304008 0.144907 0.055718 0.069444
1 0.511241 0.115741 0.118280 0.168519
1 0.489003 0.434722 0.092375 0.293519
5 0.437439 0.374074 0.021505 0.094444
5 0.400782 0.600926 0.023460 0.064815
5 0.194037 0.589352 0.049853 0.080556
5 0.011975 0.465278 0.021994 0.095370
5 0.294721 0.633796 0.040078 0.060185
5 0.310362 0.534722 0.023460 0.076852
5 0.408847 0.777778 0.053275 0.101852
5 0.054497 0.775463 0.106061 0.234259
5 0.534702 0.937500 0.159335 0.119444
5 0.687439 0.731481 0.076735 0.129630
5 0.855572 0.709259 0.069892 0.101852
5 0.662512 0.184722 0.021994 0.071296
1 0.452346 0.033796 0.080645 0.067593
5 0.752444 0.481944 0.047410 0.036111
5 0.859482 0.274074 0.032747 0.092593
5 0.768084 0.299537 0.039589 0.071296
5 0.810850 0.178241 0.020528 0.071296
2 0.920577 0.529167 0.155914 0.671296