5 0.043011 0.984259 0.025415 0.029630
5 0.065249 0.787500 0.048387 0.060185
5 0.531769 0.780556 0.034213 0.068519
5 0.938905 0.749074 0.021505 0.031481
5 0.781525 0.731944 0.026393 0.063889
5 0.119990 0.723148 0.020039 0.061111
5 0.662512 0.709722 0.021994 0.043519
5 0.382698 0.700463 0.029326 0.049074
5 0.250000 0.732870 0.023949 0.071296
5 0.746579 0.625463 0.020039 0.043519
5 0.983627 0.637037 0.031769 0.072222
5 0.286168 0.649537 0.042522 0.043519
5 0.659335 0.614352 0.024438 0.041667
5 0.694770 0.614352 0.013196 0.036111
5 0.647361 0.518519 0.018084 0.037037
5 0.681818 0.509259 0.039101 0.064815
5 0.102639 0.478704 0.039101 0.037037
5 0.428397 0.474074 0.023949 0.033333
5 0.162023 0.460648 0.042522 0.076852
5 0.527615 0.409722 0.017107 0.034259
5 0.228250 0.343981 0.025415 0.037963
5 0.534213 0.326389 0.027370 0.054630
5 0.556207 0.312037 0.010753 0.033333
5 0.675953 0.269444 0.013685 0.057407
5 0.814516 0.281481 0.009286 0.018519
5 0.959189 0.301852 0.039589 0.059259
5 0.546676 0.263889 0.020039 0.037037
2 0.706012 0.233796 0.028837 0.050926
5 0.484604 0.149074 0.049365 0.075926
5 0.498778 0.108333 0.019062 0.044444
5 0.817449 0.034722 0.021994 0.032407
5 0.291056 0.017593 0.043500 0.035185
5 0.147116 0.883796 0.042033 0.052778
5 0.156647 0.851389 0.026882 0.067593
5 0.199413 0.854630 0.056696 0.075926
5 0.193060 0.828704 0.022483 0.053704
5 0.043011 0.713889 0.016618 0.029630
5 0.047654 0.687037 0.016129 0.040741
5 0.042033 0.613426 0.043988 0.097222
5 0.114370 0.653241 0.033236 0.062037
5 0.093842 0.711574 0.016618 0.075000
5 0.217986 0.689352 0.017595 0.045370
5 0.300587 0.818981 0.055718 0.089815
5 0.297165 0.766667 0.015640 0.037037
5 0.295455 0.897222 0.045455 0.061111
5 0.013685 0.446759 0.019550 0.050926
5 0.034457 0.469444 0.017107 0.050000
5 0.068671 0.462963 0.029814 0.053704
5 0.101906 0.507407 0.007331 0.042593
5 0.149316 0.536111 0.038612 0.046296
5 0.168377 0.552315 0.023949 0.047222
5 0.214565 0.493981 0.028348 0.039815
5 0.183773 0.460185 0.026393 0.057407
5 0.198680 0.407870 0.023949 0.034259
5 0.183040 0.341204 0.031769 0.036111
5 0.237537 0.566667 0.038123 0.070370
5 0.190860 0.507870 0.040567 0.060185
5 0.171554 0.300926 0.032258 0.042593
5 0.128543 0.299074 0.021505 0.035185
5 0.139052 0.308333 0.016129 0.059259
5 0.227517 0.374537 0.016129 0.025000
5 0.077713 0.287037 0.042033 0.062963
5 0.072336 0.076389 0.038123 0.062037
5 0.090176 0.104167 0.029814 0.034259
5 0.086755 0.126852 0.024927 0.038889
5 0.119257 0.138426 0.023460 0.039815
5 0.108993 0.073611 0.025415 0.043519
5 0.157380 0.093519 0.041056 0.055556
5 0.205523 0.064352 0.014174 0.058333
5 0.215298 0.112963 0.033724 0.085185
5 0.180841 0.072685 0.019550 0.043519
5 0.089443 0.197685 0.035191 0.036111
5 0.067937 0.157870 0.018573 0.043519
5 0.048631 0.172685 0.024927 0.047222
5 0.991202 0.791204 0.014663 0.032407
5 0.928641 0.885185 0.015640 0.012963
5 0.900782 0.593981 0.028348 0.026852
5 0.913734 0.424537 0.018084 0.037963
5 0.983138 0.550926 0.023949 0.020370
5 0.771017 0.617130 0.022972 0.034259
5 0.676197 0.755556 0.021994 0.038889
5 0.428886 0.712037 0.043500 0.085185
5 0.510020 0.570833 0.034702 0.063889
5 0.420332 0.827315 0.016618 0.030556
5 0.411290 0.868981 0.061095 0.086111
5 0.315249 0.511111 0.025415 0.050000
5 0.339198 0.511111 0.017595 0.038889
5 0.315494 0.546759 0.017107 0.030556
5 0.278592 0.407407 0.030303 0.035185
5 0.293744 0.419907 0.018573 0.045370
5 0.315982 0.396759 0.037634 0.063889
5 0.399071 0.339815 0.022972 0.062963
5 0.453324 0.331481 0.018084 0.051852
5 0.425709 0.376852 0.021505 0.053704
5 0.312317 0.256944 0.041056 0.067593
5 0.326246 0.207870 0.021994 0.026852
5 0.336999 0.107407 0.017107 0.044444
5 0.371212 0.056481 0.031769 0.050000
5 0.348240 0.016667 0.028837 0.033333
5 0.485826 0.067130 0.016618 0.023148
5 0.553519 0.030556 0.019062 0.051852
0 0.461877 0.847222 0.382209 0.301852
0 0.574536 0.706481 0.329912 0.581481
0 0.581867 0.787037 0.064027 0.424074
0 0.579912 0.193519 0.080645 0.387037