3 0.510264 0.324074 0.095797 0.238889
5 0.520283 0.179630 0.040567 0.072222
5 0.547898 0.122685 0.022483 0.050926
5 0.513196 0.064815 0.031281 0.070370
5 0.435973 0.030556 0.048876 0.042593
5 0.275171 0.064815 0.038123 0.114815
5 0.275171 0.185648 0.036168 0.075000
5 0.034702 0.268981 0.026393 0.049074
5 0.031769 0.323148 0.035191 0.033333
5 0.031769 0.614815 0.027370 0.070370
5 0.083822 0.401389 0.022972 0.043519
5 0.214565 0.082870 0.019550 0.073148
5 0.242424 0.882870 0.043011 0.056481
5 0.235582 0.500000 0.031281 0.044444
5 0.017595 0.963426 0.025415 0.060185
5 0.412757 0.885185 0.027859 0.048148
5 0.732649 0.797222 0.063539 0.127778
5 0.724829 0.684259 0.037146 0.068519
5 0.965543 0.715741 0.039589 0.053704
5 0.968719 0.622222 0.037146 0.062963
5 0.964321 0.338426 0.057674 0.080556
5 0.939394 0.068519 0.044966 0.061111
5 0.981183 0.290741 0.028837 0.035185
5 0.887341 0.084259 0.026882 0.053704
5 0.842375 0.093981 0.041544 0.045370
5 0.870723 0.859722 0.026882 0.054630
5 0.977761 0.826852 0.017107 0.051852
5 0.249756 0.124537 0.027370 0.049074
0 0.460899 0.538426 0.379277 0.173148
0 0.504399 0.744444 0.167155 0.498148
5 0.854594 0.702778 0.024927 0.085185
5 0.841153 0.656944 0.025415 0.054630