5 0.368768 0.924537 0.009286 0.015741
5 0.458456 0.814352 0.013685 0.034259
5 0.360459 0.746296 0.007331 0.018519
5 0.012219 0.698611 0.009775 0.049074
5 0.581623 0.669907 0.012708 0.017593
5 0.426197 0.668519 0.010753 0.020370
5 0.481427 0.660648 0.032258 0.058333
5 0.102395 0.607870 0.009286 0.019444
5 0.741447 0.586111 0.008798 0.046296
5 0.875855 0.553704 0.011730 0.033333
5 0.016618 0.522685 0.019550 0.025000
5 0.572581 0.494444 0.021017 0.046296
5 0.671554 0.476852 0.043011 0.081481
5 0.182063 0.372222 0.014174 0.016667
5 0.597996 0.361111 0.019062 0.024074
5 0.647849 0.343519 0.011241 0.029630
5 0.781769 0.319444 0.016129 0.020370
5 0.903715 0.337037 0.019550 0.055556
5 0.049609 0.319444 0.049365 0.057407
5 0.860948 0.306944 0.040567 0.049074
5 0.054985 0.201852 0.023949 0.038889
5 0.167400 0.151389 0.008309 0.021296
5 0.232893 0.035185 0.016129 0.031481
5 0.347752 0.613889 0.017107 0.035185
5 0.899071 0.317593 0.017107 0.037037