5 0.616325 0.747222 0.008798 0.029630
5 0.317937 0.569444 0.017107 0.035185
5 0.933284 0.477315 0.009286 0.028704
5 0.148583 0.472685 0.014663 0.021296
5 0.027859 0.174537 0.008798 0.030556
5 0.439150 0.074537 0.015152 0.032407
1 0.783480 0.006019 0.026393 0.012037
5 0.483627 0.018519 0.028837 0.037037
5 0.215054 0.023148 0.034213 0.046296
5 0.254888 0.043519 0.014174 0.025926
2 0.245846 0.107407 0.076246 0.129630
1 0.210411 0.179630 0.071848 0.155556
2 0.247556 0.234722 0.057185 0.062037
5 0.216764 0.331944 0.017107 0.032407
4 0.240714 0.343056 0.045455 0.110185
5 0.109726 0.228241 0.024927 0.030556
4 0.176442 0.498611 0.037146 0.134259
5 0.188416 0.595833 0.022972 0.041667
5 0.168377 0.599074 0.017107 0.037037
5 0.146383 0.719907 0.023949 0.054630
5 0.145650 0.879630 0.011730 0.018519
5 0.166911 0.925000 0.012219 0.038889
5 0.183529 0.845833 0.017107 0.019444
4 0.192815 0.785185 0.065005 0.098148
4 0.233138 0.773148 0.030303 0.066667
4 0.217986 0.837500 0.099707 0.119444
5 0.287634 0.812037 0.032747 0.079630
1 0.190860 0.925926 0.085533 0.146296
4 0.179863 0.612500 0.028348 0.054630
1 0.214565 0.640278 0.088954 0.156481
4 0.311584 0.433333 0.029814 0.050000
5 0.280059 0.556944 0.019550 0.028704
4 0.282502 0.658796 0.033236 0.049074
4 0.332111 0.712963 0.057185 0.107407
5 0.460899 0.893981 0.014663 0.036111
5 0.381965 0.528704 0.021994 0.038889
4 0.400293 0.576852 0.024438 0.088889
5 0.409580 0.650926 0.022483 0.044444
5 0.478495 0.410185 0.058651 0.079630
5 0.515396 0.443981 0.012219 0.019444
5 0.515640 0.304630 0.029326 0.050000
5 0.495846 0.120370 0.027859 0.037037
5 0.343353 0.148148 0.024927 0.061111
4 0.596285 0.931944 0.049853 0.091667
5 0.556940 0.369444 0.019062 0.029630
4 0.641007 0.124074 0.058162 0.083333
4 0.662023 0.050926 0.022972 0.037037
4 0.681085 0.206019 0.034702 0.063889
5 0.682551 0.301852 0.020039 0.022222
5 0.676442 0.341204 0.015640 0.030556
5 0.695503 0.380093 0.019550 0.026852
5 0.661535 0.768981 0.017107 0.043519
5 0.659335 0.923611 0.014663 0.043519
5 0.964809 0.454167 0.044966 0.049074
4 0.934262 0.076852 0.048387 0.057407
4 0.989980 0.543519 0.019062 0.024074
1 0.722630 0.864352 0.047410 0.249074
4 0.762952 0.775000 0.046921 0.062963
1 0.731672 0.606944 0.073314 0.200926
5 0.737781 0.454630 0.091398 0.105556
5 0.797410 0.262037 0.022972 0.035185
5 0.725806 0.337963 0.049853 0.029630
1 0.736559 0.191204 0.098729 0.143519