5 0.330890 0.963889 0.014663 0.011111
5 0.094575 0.900463 0.005376 0.015741
5 0.020039 0.833796 0.007820 0.012037
5 0.821848 0.729167 0.005376 0.023148
5 0.992913 0.354167 0.013196 0.049074
5 0.445992 0.334259 0.014174 0.009259
5 0.786413 0.330093 0.007820 0.034259
5 0.913490 0.266204 0.032258 0.063889
5 0.028348 0.887500 0.025415 0.023148
5 0.112903 0.075000 0.014663 0.029630
5 0.207967 0.328241 0.043500 0.063889
5 0.258553 0.722685 0.022483 0.056481
5 0.164712 0.593519 0.013685 0.025926
5 0.140274 0.693981 0.051808 0.280556
5 0.305230 0.735648 0.037634 0.062037
5 0.300098 0.890741 0.039101 0.062963
5 0.331134 0.597222 0.024927 0.055556
5 0.425709 0.644907 0.013685 0.023148
0 0.555963 0.825463 0.235093 0.347222
5 0.486070 0.559722 0.010264 0.010185
5 0.512708 0.557870 0.025415 0.041667
2 0.558895 0.392593 0.074780 0.070370
2 0.503910 0.421759 0.063539 0.037963
2 0.488759 0.343056 0.043011 0.034259
0 0.589443 0.211574 0.190616 0.423148
5 0.630010 0.379630 0.021505 0.051852
5 0.681329 0.877778 0.023460 0.070370
5 0.801564 0.919907 0.019550 0.060185
5 0.782991 0.893981 0.024438 0.047222
5 0.922043 0.903704 0.035679 0.037037
5 0.913734 0.942130 0.033724 0.047222
5 0.922043 0.984259 0.019062 0.027778
5 0.893206 0.798148 0.011241 0.022222
5 0.924242 0.826852 0.017595 0.038889
5 0.863148 0.738426 0.025415 0.058333
5 0.917400 0.695370 0.020528 0.011111
5 0.975073 0.493519 0.017595 0.046296
5 0.991691 0.466667 0.015640 0.038889
5 0.992424 0.505093 0.014174 0.043519
5 0.925464 0.147222 0.018084 0.050000
5 0.875855 0.005556 0.011730 0.011111
5 0.919355 0.014815 0.017595 0.029630
5 0.916911 0.059722 0.028348 0.047222
5 0.823314 0.456944 0.033724 0.071296