5 0.736559 0.990278 0.016618 0.017593
5 0.208700 0.856481 0.008798 0.024074
5 0.605327 0.780093 0.008309 0.017593
5 0.310606 0.766667 0.014174 0.016667
5 0.750489 0.758796 0.016129 0.034259
5 0.898094 0.701852 0.013196 0.012963
5 0.370235 0.584722 0.008309 0.019444
5 0.012708 0.504630 0.014663 0.020370
5 0.483138 0.441204 0.017107 0.021296
5 0.513685 0.443519 0.020528 0.070370
5 0.468964 0.412037 0.009286 0.031481
5 0.387830 0.325000 0.011241 0.018519
5 0.098485 0.334722 0.021994 0.041667
5 0.071359 0.229167 0.014663 0.021296
5 0.589687 0.209722 0.011241 0.013889
5 0.641251 0.128241 0.012708 0.013889
5 0.207967 0.112037 0.011241 0.011111
5 0.818671 0.034722 0.010753 0.013889
5 0.151026 0.199074 0.021505 0.077778
5 0.194037 0.345370 0.034213 0.037037
5 0.190616 0.562963 0.024438 0.033333
5 0.167644 0.663889 0.007820 0.016667
5 0.266618 0.650000 0.034702 0.087037
5 0.317937 0.725463 0.010264 0.025000
5 0.371701 0.897222 0.023949 0.044444
5 0.369501 0.934722 0.010753 0.028704
5 0.545210 0.713889 0.030792 0.075926
5 0.418866 0.424074 0.023460 0.062963
5 0.493646 0.020833 0.008798 0.013889
0 0.522727 0.052778 0.021017 0.105556
5 0.638319 0.019907 0.010753 0.008333
5 0.613636 0.637037 0.007331 0.014815
5 0.630010 0.947685 0.026393 0.049074
5 0.884653 0.121759 0.029326 0.082407
5 0.872190 0.487500 0.046432 0.115741
4 0.932796 0.545833 0.042522 0.089815
5 0.882942 0.781019 0.005376 0.008333
5 0.791056 0.768056 0.009286 0.012037
5 0.974829 0.718519 0.021017 0.048148
5 0.990958 0.714352 0.015152 0.028704
5 0.989736 0.724537 0.019550 0.086111
5 0.849218 0.670833 0.039589 0.045370
5 0.808162 0.610185 0.008309 0.009259
5 0.677664 0.864815 0.008309 0.018519
0 0.451124 0.839815 0.218964 0.318519
0 0.414223 0.608796 0.393451 0.426852
5 0.376344 0.193519 0.123167 0.203704
0 0.360459 0.178241 0.313294 0.356481