1 0.257820 0.966667 0.038612 0.064815
4 0.706012 0.927315 0.023949 0.019444
5 0.685484 0.919907 0.026882 0.041667
5 0.370968 0.826852 0.028348 0.046296
5 0.491447 0.794444 0.019062 0.042593
5 0.709189 0.774074 0.019550 0.046296
5 0.602151 0.647685 0.021505 0.034259
5 0.971163 0.626389 0.028348 0.043519
5 0.741691 0.563889 0.015152 0.031481
5 0.615836 0.539815 0.020528 0.038889
1 0.261241 0.465741 0.135386 0.183333
5 0.422287 0.364815 0.023460 0.044444
4 0.530059 0.311111 0.031769 0.044444
5 0.094086 0.196296 0.022972 0.042593
5 0.949413 0.103241 0.007331 0.021296
5 0.736070 0.046296 0.013685 0.038889
5 0.069648 0.598148 0.028837 0.037037
5 0.268573 0.901389 0.025904 0.054630
5 0.206012 0.956019 0.014174 0.045370
4 0.180596 0.814815 0.024927 0.040741
5 0.248534 0.856019 0.019062 0.032407
5 0.310606 0.799537 0.059140 0.050926
5 0.412512 0.926852 0.022483 0.035185
2 0.301564 0.755556 0.137830 0.124074
4 0.294477 0.051852 0.062072 0.098148
5 0.311828 0.015741 0.017595 0.029630
1 0.249022 0.164815 0.148094 0.211111
5 0.262219 0.200463 0.015152 0.030556
5 0.279814 0.262963 0.027859 0.046296
5 0.371701 0.634259 0.027859 0.042593
5 0.305963 0.642593 0.022483 0.022222
5 0.422776 0.505556 0.023460 0.044444
5 0.386608 0.229167 0.016618 0.041667
5 0.418866 0.242593 0.015640 0.035185
5 0.326491 0.832407 0.016618 0.024074
4 0.400049 0.732870 0.069892 0.106481
5 0.385875 0.691204 0.025904 0.058333
5 0.377810 0.587500 0.020528 0.021296
5 0.507820 0.904630 0.021505 0.044444
5 0.566716 0.812963 0.027859 0.046296
5 0.587977 0.879167 0.031281 0.067593
5 0.700880 0.607870 0.017595 0.030556
5 0.681818 0.635185 0.019550 0.038889
5 0.637341 0.612500 0.018573 0.019444
5 0.551564 0.721296 0.021994 0.022222
5 0.550831 0.630556 0.023460 0.055556
5 0.566960 0.645370 0.027370 0.046296
5 0.588954 0.486574 0.027370 0.043519
5 0.604594 0.493056 0.021505 0.045370
5 0.546188 0.491204 0.021994 0.032407
5 0.526882 0.382870 0.010753 0.039815
5 0.535435 0.414815 0.016129 0.025926
5 0.576491 0.379167 0.016129 0.026852
5 0.583578 0.354630 0.022483 0.038889
4 0.590665 0.325000 0.017107 0.044444
4 0.669599 0.852315 0.023460 0.054630
5 0.720674 0.764815 0.016129 0.027778
5 0.714809 0.714815 0.026882 0.050000
5 0.639052 0.593981 0.014174 0.025000
5 0.698680 0.410185 0.019062 0.031481
5 0.692815 0.388889 0.017107 0.027778
5 0.689638 0.314352 0.010753 0.043519
5 0.694526 0.274074 0.027370 0.050000
5 0.724585 0.188889 0.013196 0.035185
5 0.714076 0.219907 0.014663 0.019444
5 0.716276 0.252778 0.013196 0.029630
5 0.711144 0.272222 0.013685 0.027778
5 0.678397 0.141204 0.024438 0.032407
5 0.637341 0.014352 0.010753 0.028704
5 0.744379 0.146759 0.015640 0.036111
5 0.782258 0.218981 0.021017 0.052778
5 0.839443 0.240741 0.030792 0.062963
5 0.845064 0.258333 0.014663 0.059259
5 0.804741 0.553241 0.023949 0.058333
5 0.821603 0.502778 0.015640 0.024074
5 0.816227 0.521296 0.016618 0.033333
5 0.802542 0.486574 0.022483 0.025000
5 0.957967 0.909722 0.030303 0.062037
5 0.990469 0.890278 0.017107 0.043519
5 0.884897 0.773611 0.024927 0.036111
5 0.995846 0.745370 0.007331 0.009259
5 0.993157 0.671759 0.011730 0.045370
5 0.975562 0.608333 0.016618 0.035185
5 0.951124 0.325463 0.015640 0.028704
5 0.993646 0.457870 0.011730 0.032407
5 0.979961 0.206481 0.019550 0.035185
5 0.989736 0.186111 0.013685 0.025926
5 0.993157 0.071296 0.012708 0.035185
5 0.877077 0.101389 0.012219 0.023148
5 0.875611 0.125000 0.026882 0.061111
5 0.991447 0.122222 0.016129 0.050000
1 0.804741 0.755093 0.139296 0.254630
1 0.784213 0.916667 0.137341 0.125926
1 0.787879 0.439352 0.087977 0.195370
1 0.771017 0.338889 0.117791 0.209259
1 0.796432 0.098611 0.134409 0.197222
5 0.617791 0.009722 0.013685 0.019444
5 0.539834 0.111574 0.015152 0.034259
5 0.552053 0.153241 0.006354 0.019444