5 0.066716 0.098148 0.034702 0.083333
5 0.274682 0.034722 0.045943 0.065741
5 0.259042 0.087963 0.042033 0.038889
5 0.428641 0.053241 0.077224 0.106481
5 0.314272 0.227778 0.215054 0.255556
5 0.045210 0.344907 0.029814 0.084259
5 0.121945 0.507870 0.062072 0.058333
5 0.309873 0.418519 0.104594 0.162963
5 0.201124 0.576389 0.025904 0.093519
5 0.358749 0.607407 0.083089 0.175926
5 0.407136 0.635185 0.040078 0.105556
5 0.426442 0.539352 0.066960 0.139815
5 0.378299 0.370833 0.067449 0.065741
5 0.418866 0.227315 0.035191 0.123148
5 0.434995 0.136111 0.062561 0.122222
5 0.572581 0.142130 0.021994 0.067593
5 0.482649 0.046296 0.056207 0.092593
5 0.662023 0.080093 0.037634 0.049074
5 0.655425 0.032870 0.056696 0.065741
5 0.770039 0.220370 0.109971 0.440741
5 0.883675 0.312500 0.049853 0.063889
5 0.560606 0.295370 0.043988 0.087037
5 0.520528 0.536574 0.056696 0.158333
5 0.460655 0.488426 0.022972 0.043519
5 0.559140 0.403704 0.077224 0.124074
5 0.605572 0.408333 0.045943 0.068519
5 0.602884 0.545370 0.036657 0.122222
1 0.201613 0.752315 0.152981 0.300926
1 0.238025 0.952315 0.064516 0.084259
5 0.345308 0.875926 0.082600 0.122222
5 0.424242 0.955093 0.024438 0.076852
5 0.454301 0.770370 0.090420 0.122222
5 0.538368 0.766667 0.102151 0.142593
5 0.532258 0.891204 0.085044 0.086111
5 0.542033 0.954630 0.078201 0.081481
1 0.763685 0.911574 0.120723 0.173148
1 0.760264 0.759259 0.094330 0.246296
5 0.958211 0.895833 0.079668 0.191667
5 0.868768 0.743981 0.172532 0.299074
5 0.951369 0.676852 0.093353 0.314815