5 0.046188 0.056019 0.015152 0.028704
5 0.003177 0.106019 0.006354 0.019444
5 0.037879 0.012500 0.035679 0.025000
5 0.172776 0.235648 0.023949 0.050926
5 0.189150 0.306481 0.016618 0.031481
5 0.144184 0.382870 0.040078 0.091667
5 0.112903 0.467130 0.051808 0.039815
5 0.054741 0.627778 0.015640 0.059259
5 0.055718 0.687963 0.018573 0.016667
5 0.097263 0.697685 0.009775 0.017593
5 0.197214 0.107870 0.021994 0.069444
5 0.221163 0.099074 0.039589 0.092593
5 0.233382 0.508333 0.038612 0.066667
5 0.231916 0.632407 0.022972 0.064815
5 0.233138 0.955556 0.013685 0.024074
5 0.226051 0.990741 0.025904 0.016667
5 0.392229 0.078704 0.023949 0.088889
5 0.414712 0.097685 0.029814 0.065741
5 0.468475 0.273611 0.015152 0.069444
5 0.903715 0.028704 0.030303 0.057407
5 0.950880 0.013889 0.021017 0.025926
5 0.706256 0.255556 0.049853 0.074074
5 0.794966 0.955093 0.070870 0.087963
5 0.891007 0.902778 0.010753 0.031481
5 0.739247 0.837963 0.068915 0.174074
5 0.745112 0.449537 0.020039 0.032407
5 0.622923 0.212963 0.028837 0.061111
5 0.618524 0.776852 0.007331 0.029630
5 0.469941 0.918056 0.014174 0.030556
0 0.500489 0.873611 0.126100 0.249074
5 0.471408 0.781019 0.016129 0.034259
5 0.272727 0.736111 0.017595 0.014815
5 0.350929 0.887963 0.010753 0.014815
0 0.492669 0.257407 0.240469 0.512963
0 0.545699 0.473148 0.213587 0.470370
5 0.557429 0.637500 0.014174 0.019444
0 0.529814 0.755556 0.185728 0.487037
0 0.593842 0.965741 0.012708 0.066667
5 0.569404 0.387963 0.026393 0.055556
5 0.559140 0.388889 0.014663 0.044444