3 0.212366 0.040741 0.077713 0.081481
1 0.322092 0.035185 0.105572 0.070370
3 0.293744 0.123148 0.154448 0.244444
1 0.303030 0.283796 0.170088 0.180556
1 0.296432 0.434722 0.152981 0.206481
1 0.311828 0.608333 0.122190 0.305556
5 0.381965 0.677315 0.027859 0.050926
5 0.435239 0.609722 0.014174 0.026852
3 0.203324 0.558333 0.092864 0.225926
1 0.261241 0.738426 0.112903 0.276852
3 0.238025 0.925926 0.063539 0.096296
1 0.307918 0.956944 0.061584 0.084259
5 0.648827 0.478704 0.047410 0.116667
5 0.730938 0.419444 0.048387 0.070370
5 0.606305 0.781019 0.013196 0.021296
5 0.894917 0.898148 0.035191 0.100000
1 0.830890 0.917593 0.086022 0.161111
1 0.825024 0.849537 0.124145 0.215741
1 0.803763 0.566667 0.100196 0.257407
1 0.845552 0.700463 0.108504 0.167593
5 0.920577 0.493056 0.024927 0.056481
1 0.835533 0.036574 0.165689 0.073148
1 0.835288 0.226852 0.106549 0.246296
5 0.019306 0.287963 0.038612 0.083333
5 0.101173 0.305093 0.025415 0.054630