5 0.567449 0.193519 0.017595 0.025926
5 0.580401 0.225000 0.018084 0.031481
5 0.657869 0.222222 0.020528 0.031481
5 0.675464 0.193981 0.016618 0.026852
5 0.685239 0.070370 0.035191 0.050000
5 0.617791 0.111111 0.016618 0.025926
5 0.630499 0.067593 0.015640 0.024074
5 0.577224 0.016667 0.030303 0.033333
5 0.554985 0.100000 0.027859 0.057407
5 0.554497 0.129167 0.019062 0.034259
5 0.555474 0.421759 0.009286 0.012037
5 0.564516 0.563426 0.031281 0.041667
5 0.664712 0.474537 0.033236 0.058333
5 0.710899 0.501852 0.024927 0.037037
5 0.700635 0.453704 0.033724 0.051852
5 0.605083 0.419907 0.040078 0.026852
5 0.609482 0.405093 0.016618 0.028704
5 0.609971 0.431019 0.019550 0.037963
5 0.600196 0.709259 0.021505 0.033333
5 0.623412 0.617593 0.019062 0.031481
5 0.663490 0.646759 0.018084 0.041667
5 0.671554 0.681481 0.029326 0.040741
5 0.701124 0.707870 0.013196 0.028704
5 0.632942 0.761111 0.020528 0.033333
5 0.659335 0.806019 0.018573 0.025000
5 0.583822 0.805556 0.016129 0.048148
5 0.569648 0.845833 0.021994 0.032407
5 0.572092 0.880093 0.025904 0.047222
5 0.536901 0.919444 0.021017 0.031481
5 0.717009 0.308333 0.017595 0.038889
5 0.810606 0.075926 0.017107 0.044444
5 0.798876 0.099537 0.015152 0.026852
5 0.870723 0.050463 0.017107 0.026852
5 0.889541 0.028704 0.010753 0.018519
5 0.867302 0.176389 0.021994 0.045370
5 0.932307 0.139352 0.022972 0.025000
5 0.981672 0.136574 0.023949 0.026852
5 0.943548 0.298611 0.019062 0.028704
5 0.979717 0.269907 0.024927 0.041667
5 0.964565 0.465278 0.017107 0.067593
5 0.984115 0.527778 0.013196 0.029630
5 0.816227 0.505556 0.019550 0.031481
5 0.813294 0.544907 0.024438 0.043519
5 0.820137 0.574074 0.020528 0.038889
5 0.851662 0.550000 0.020039 0.057407
5 0.928152 0.729167 0.012708 0.021296
5 0.960411 0.844444 0.019550 0.042593
5 0.977761 0.878241 0.016129 0.052778
5 0.990958 0.618056 0.017107 0.045370
5 0.993157 0.559722 0.012708 0.030556
5 0.935728 0.599074 0.014174 0.031481
5 0.942815 0.614352 0.011730 0.026852
5 0.990958 0.153704 0.017107 0.050000
5 0.989736 0.025000 0.017595 0.050000
5 0.976540 0.063426 0.018573 0.032407
5 0.902981 0.386111 0.040567 0.044444
5 0.989980 0.303241 0.018084 0.047222
5 0.507087 0.771759 0.020039 0.060185
5 0.502444 0.815278 0.011730 0.023148
5 0.461144 0.693519 0.048387 0.055556
5 0.410068 0.700926 0.020528 0.035185
5 0.417644 0.982870 0.031769 0.032407
5 0.421799 0.452315 0.018573 0.026852
5 0.400293 0.504630 0.031281 0.042593
5 0.382942 0.418056 0.015152 0.030556
5 0.406891 0.060648 0.022972 0.034259
5 0.410557 0.089352 0.020528 0.034259
5 0.350684 0.018981 0.028837 0.037963
5 0.264907 0.748148 0.010753 0.027778
5 0.201369 0.790278 0.016618 0.036111
1 0.273949 0.821296 0.073803 0.094444
5 0.099707 0.548148 0.013685 0.020370
5 0.091642 0.482870 0.018084 0.045370
5 0.080156 0.388889 0.035191 0.059259
5 0.695015 0.113426 0.020528 0.043519
5 0.745601 0.129630 0.020039 0.035185
5 0.794721 0.355093 0.010753 0.021296
1 0.808895 0.274074 0.189638 0.235185
5 0.810850 0.210648 0.012708 0.023148
1 0.793744 0.425926 0.145650 0.166667
1 0.778348 0.912500 0.131476 0.171296
1 0.270528 0.587963 0.121701 0.137037
1 0.271261 0.271296 0.048876 0.266667
2 0.258798 0.402778 0.058162 0.046296
5 0.193793 0.383796 0.006354 0.021296
1 0.267351 0.081944 0.076246 0.163889
1 0.238270 0.013426 0.042522 0.026852
1 0.765640 0.598148 0.132454 0.164815
1 0.779326 0.721296 0.155914 0.268519