1 0.026393 0.124537 0.052786 0.249074
1 0.015396 0.271296 0.030792 0.101852
1 0.039345 0.356481 0.078690 0.118519
1 0.013441 0.521759 0.026882 0.076852
5 0.206500 0.518981 0.019062 0.039815
5 0.235582 0.575463 0.020528 0.013889
5 0.279570 0.573611 0.022483 0.034259
5 0.155181 0.590741 0.022972 0.050000
1 0.031036 0.718519 0.057185 0.096296
5 0.046921 0.651852 0.016618 0.033333
5 0.149804 0.724537 0.024927 0.054630
5 0.014418 0.956481 0.027859 0.072222
5 0.140762 0.989352 0.058651 0.019444
5 0.280303 0.857870 0.027859 0.054630
5 0.332111 0.878241 0.019062 0.025000
5 0.310850 0.816204 0.020528 0.023148
5 0.282991 0.737500 0.026393 0.043519
5 0.333089 0.661574 0.038612 0.086111
5 0.216031 0.377315 0.065494 0.086111
5 0.349951 0.367593 0.022483 0.057407
5 0.304741 0.278241 0.044477 0.071296
5 0.284213 0.196759 0.022972 0.032407
5 0.234604 0.234722 0.070381 0.078704
5 0.311339 0.111574 0.025415 0.037963
5 0.362659 0.159259 0.016618 0.044444
5 0.363148 0.084259 0.052786 0.042593
5 0.220674 0.023148 0.037634 0.033333
5 0.337243 0.008796 0.034213 0.017593
5 0.364614 0.973148 0.028348 0.040741
5 0.343353 0.963426 0.016129 0.050926
5 0.435973 0.562963 0.040078 0.070370
5 0.452346 0.795833 0.046432 0.073148
5 0.451369 0.744444 0.036657 0.061111
5 0.572581 0.128241 0.024927 0.054630
5 0.552542 0.068981 0.030792 0.056481
5 0.533724 0.086574 0.009775 0.028704
1 0.550098 0.021759 0.040567 0.043519
5 0.652737 0.295833 0.019062 0.047222
5 0.629521 0.383333 0.016618 0.050000
1 0.524927 0.301389 0.147605 0.271296
5 0.531036 0.411574 0.011241 0.021296
5 0.461877 0.184722 0.015640 0.030556
5 0.637586 0.535185 0.047410 0.074074
5 0.603861 0.489352 0.017107 0.032407
1 0.527859 0.562963 0.131965 0.240741
5 0.561828 0.626389 0.018084 0.034259
1 0.528104 0.814352 0.134409 0.365741
1 0.516618 0.680093 0.025415 0.054630
5 0.829668 0.885185 0.058162 0.105556
5 0.913245 0.793056 0.021017 0.045370
5 0.920332 0.703241 0.009775 0.030556
2 0.943548 0.415278 0.044477 0.065741
5 0.858993 0.182407 0.034702 0.070370
5 0.915689 0.187963 0.010264 0.029630
5 0.864125 0.119444 0.025415 0.035185
5 0.849218 0.075000 0.028837 0.035185
5 0.721163 0.029167 0.057185 0.054630
5 0.717742 0.282870 0.021994 0.036111