0 0.915689 0.975926 0.037634 0.046296
5 0.159580 0.929630 0.025904 0.024074
5 0.387097 0.918519 0.011730 0.014815
5 0.902981 0.805093 0.040567 0.080556
5 0.377077 0.761111 0.030792 0.061111
5 0.941593 0.679167 0.023949 0.037963
5 0.151760 0.648611 0.017107 0.032407
5 0.142473 0.488889 0.015152 0.031481
5 0.977273 0.444444 0.011241 0.012963
5 0.490958 0.257407 0.009286 0.024074
5 0.323803 0.154167 0.013196 0.045370
5 0.551564 0.112500 0.023949 0.054630
5 0.973363 0.038426 0.008309 0.025000
5 0.564027 0.031944 0.018573 0.037963
5 0.837732 0.037037 0.048876 0.074074
0 0.678152 0.108796 0.192082 0.217593
5 0.297898 0.007870 0.010264 0.015741
5 0.927664 0.169444 0.030303 0.066667
0 0.676442 0.526852 0.347996 0.853704
5 0.549609 0.623611 0.034702 0.050926
0 0.640029 0.794907 0.347507 0.408333
0 0.638563 0.865741 0.148094 0.261111