5 0.304008 0.809722 0.017595 0.028704
5 0.707234 0.670833 0.010753 0.037963
5 0.928397 0.623611 0.037634 0.080556
5 0.984604 0.515278 0.025904 0.069444
5 0.659580 0.355556 0.025904 0.035185
5 0.822825 0.314352 0.018084 0.063889
5 0.784946 0.090278 0.011730 0.017593
5 0.156891 0.050463 0.008798 0.017593
5 0.828935 0.019907 0.030303 0.039815
5 0.161290 0.640741 0.052786 0.074074
5 0.566716 0.784259 0.051320 0.100000
5 0.446481 0.097685 0.013196 0.086111
0 0.368768 0.838889 0.500978 0.316667
1 0.420088 0.664815 0.258553 0.611111
1 0.486559 0.238889 0.108016 0.474074
5 0.713587 0.858333 0.075269 0.112963
5 0.699169 0.931944 0.068915 0.128704