5 0.274927 0.858333 0.089443 0.120370
5 0.890762 0.878241 0.051320 0.108333
5 0.013441 0.769444 0.021017 0.033333
5 0.678152 0.728241 0.010264 0.019444
5 0.037146 0.714815 0.011730 0.031481
5 0.941838 0.649074 0.009775 0.022222
5 0.338465 0.461574 0.012219 0.019444
5 0.925464 0.446296 0.031769 0.029630
5 0.917889 0.384722 0.030303 0.041667
5 0.376833 0.384722 0.044966 0.087963
5 0.449902 0.326389 0.040567 0.047222
5 0.909824 0.187963 0.048387 0.050000
5 0.861437 0.168056 0.016129 0.032407
5 0.885875 0.148148 0.012219 0.038889
5 0.516618 0.134259 0.013685 0.016667
5 0.231427 0.109259 0.014174 0.014815
5 0.489003 0.100926 0.032747 0.131481
5 0.409824 0.055093 0.023949 0.056481
5 0.327468 0.042130 0.021505 0.050926
5 0.849462 0.023148 0.048876 0.046296
5 0.431329 0.754167 0.030792 0.075000
5 0.493157 0.406481 0.049853 0.118519
5 0.467009 0.546759 0.090420 0.187963
0 0.622923 0.882407 0.385630 0.231481
0 0.564761 0.688426 0.205767 0.562037
0 0.625611 0.318056 0.339198 0.536111
5 0.681574 0.172685 0.022972 0.054630
0 0.574047 0.092130 0.358260 0.184259
5 0.869257 0.968056 0.038612 0.060185
5 0.915445 0.970370 0.071359 0.057407