5 0.545943 0.880556 0.011730 0.016667
5 0.027370 0.862963 0.011730 0.009259
3 0.215054 0.896296 0.064516 0.101852
5 0.381232 0.636574 0.022483 0.030556
5 0.017107 0.612500 0.022483 0.034259
5 0.393939 0.593519 0.006843 0.014815
5 0.397361 0.563426 0.012708 0.015741
5 0.892473 0.436111 0.026393 0.040741
5 0.796676 0.181019 0.025415 0.039815
5 0.115347 0.161111 0.026393 0.046296
0 0.527615 0.948148 0.036657 0.100000
5 0.493891 0.911574 0.007331 0.025000
5 0.611681 0.790741 0.006354 0.011111
0 0.514418 0.700463 0.189150 0.113889
0 0.492424 0.447685 0.148094 0.325000
5 0.433040 0.389352 0.011730 0.026852
5 0.446237 0.453704 0.008798 0.014815
5 0.732893 0.300000 0.067937 0.105556