5 0.141984 0.964352 0.012219 0.050926
5 0.272483 0.937037 0.012219 0.022222
5 0.580156 0.864352 0.012708 0.028704
5 0.134164 0.842593 0.018084 0.024074
5 0.794233 0.848148 0.039101 0.061111
5 0.071114 0.752778 0.012219 0.014815
5 0.097996 0.744907 0.021994 0.039815
5 0.987781 0.611111 0.023460 0.040741
5 0.775904 0.373611 0.010264 0.021296
5 0.246579 0.256019 0.015152 0.032407
5 0.174487 0.251389 0.013685 0.030556
5 0.134409 0.200000 0.026393 0.046296
5 0.699658 0.169444 0.059140 0.066667
5 0.787879 0.130093 0.029326 0.047222
5 0.301075 0.131019 0.052786 0.117593
5 0.587977 0.076389 0.010753 0.013889
0 0.063539 0.037963 0.091887 0.046296
5 0.671065 0.029167 0.035191 0.058333
5 0.980694 0.342593 0.037634 0.122222
5 0.576735 0.780556 0.085044 0.155556
0 0.411290 0.762037 0.279081 0.474074
0 0.344330 0.317130 0.512708 0.634259
0 0.479228 0.105556 0.342620 0.211111
5 0.620235 0.287500 0.082111 0.160185
5 0.662023 0.856481 0.057185 0.122222