5 0.395161 0.265741 0.060117 0.155556
5 0.347019 0.274537 0.024438 0.054630
5 0.333089 0.212500 0.038612 0.041667
5 0.275415 0.214815 0.058162 0.125926
5 0.265640 0.044444 0.075758 0.083333
5 0.322581 0.043519 0.031281 0.050000
5 0.218231 0.291667 0.064027 0.129630
5 0.168622 0.174537 0.020528 0.052778
5 0.122434 0.269907 0.021017 0.041667
5 0.066471 0.261111 0.023460 0.050000
5 0.040323 0.181019 0.023949 0.047222
5 0.045699 0.109722 0.023949 0.063889
5 0.009042 0.029167 0.017107 0.043519
5 0.019062 0.477778 0.023460 0.070370
5 0.047410 0.478241 0.040078 0.034259
5 0.054252 0.525463 0.024438 0.041667
5 0.071359 0.630093 0.042033 0.049074
5 0.041544 0.855093 0.049853 0.073148
5 0.149071 0.873148 0.028348 0.046296
5 0.152004 0.700463 0.017595 0.056481
5 0.187439 0.571296 0.044477 0.138889
5 0.207722 0.747685 0.052786 0.125000
5 0.220430 0.912500 0.054741 0.073148
5 0.246579 0.838889 0.043500 0.114815
5 0.278837 0.612500 0.113881 0.149074
5 0.262708 0.728241 0.048387 0.099074
5 0.315738 0.811574 0.054741 0.089815
5 0.381232 0.736111 0.027370 0.051852
5 0.365103 0.966204 0.087977 0.062037
5 0.288368 0.952315 0.043988 0.058333
5 0.393206 0.506944 0.025904 0.043519
5 0.318426 0.537500 0.027859 0.049074
5 0.343353 0.411111 0.057185 0.098148
5 0.392473 0.461574 0.029326 0.037963
5 0.422043 0.474537 0.016129 0.028704
5 0.178886 0.059259 0.031281 0.046296
5 0.438905 0.555556 0.036168 0.048148
5 0.470919 0.470833 0.034702 0.058333
5 0.475073 0.421759 0.018573 0.028704
5 0.489247 0.281019 0.048876 0.080556
5 0.598485 0.506481 0.065005 0.083333
5 0.605816 0.406481 0.026882 0.077778
5 0.594575 0.306481 0.047410 0.088889
5 0.680352 0.175000 0.034213 0.092593
5 0.653470 0.294444 0.036168 0.037037
5 0.690860 0.400000 0.070870 0.192593
5 0.696237 0.575000 0.039589 0.118519
5 0.652493 0.587963 0.036168 0.061111
5 0.674976 0.674074 0.025415 0.048148
5 0.691349 0.726389 0.032747 0.052778
5 0.728983 0.543519 0.028837 0.059259
5 0.732649 0.455556 0.022483 0.059259
5 0.734360 0.728241 0.022972 0.041667
5 0.794966 0.829167 0.083578 0.130556
5 0.778592 0.932407 0.116325 0.129630
5 0.812317 0.685185 0.030303 0.061111
5 0.809384 0.618519 0.024438 0.048148
5 0.860704 0.736574 0.034213 0.054630
5 0.929619 0.885648 0.055718 0.080556
5 0.910068 0.916204 0.043011 0.062037
5 0.900293 0.976852 0.042033 0.037037
5 0.820870 0.900463 0.035679 0.039815
5 0.973607 0.862963 0.045943 0.268519
5 0.976540 0.625926 0.040078 0.118519
5 0.953324 0.563426 0.043500 0.110185
5 0.914956 0.495833 0.038123 0.078704
5 0.896383 0.395833 0.045943 0.073148
5 0.982405 0.473611 0.026393 0.062037
5 0.953324 0.148148 0.087488 0.290741
5 0.883675 0.257407 0.043011 0.079630
5 0.847996 0.152778 0.042033 0.096296
5 0.883187 0.161111 0.020528 0.070370
5 0.915934 0.040741 0.056696 0.070370
5 0.778104 0.154630 0.086999 0.198148
5 0.757087 0.350000 0.110459 0.281481
1 0.521750 0.376852 0.108993 0.188889
1 0.512952 0.558333 0.112903 0.155556
1 0.520528 0.738889 0.114370 0.120370
1 0.515640 0.882407 0.110459 0.222222
5 0.478983 0.831944 0.030303 0.097222
5 0.497556 0.643519 0.035191 0.035185
5 0.582600 0.966667 0.024438 0.057407
5 0.428641 0.175926 0.018573 0.037037
5 0.471163 0.075463 0.029326 0.039815
5 0.675709 0.085648 0.024927 0.050926
5 0.956012 0.123148 0.011730 0.033333
5 0.183773 0.978704 0.027370 0.024074
5 0.588221 0.225000 0.034702 0.038889
5 0.761730 0.613426 0.020039 0.060185
1 0.499267 0.188426 0.138319 0.191667
1 0.530303 0.099074 0.086999 0.198148