2 0.021505 0.126852 0.043011 0.012963
5 0.067937 0.053241 0.019550 0.050926
5 0.066227 0.029167 0.024927 0.039815
5 0.119746 0.099074 0.021505 0.027778
5 0.092864 0.135648 0.022483 0.037963
5 0.168622 0.192593 0.014663 0.027778
5 0.176442 0.194907 0.020528 0.036111
5 0.145161 0.023611 0.038123 0.047222
5 0.222630 0.028241 0.038612 0.056481
5 0.182063 0.043981 0.020039 0.036111
5 0.183284 0.060648 0.018573 0.015741
5 0.223607 0.318519 0.012219 0.027778
5 0.190371 0.368519 0.033724 0.040741
5 0.130743 0.475000 0.012219 0.072222
5 0.089932 0.377315 0.019550 0.034259
5 0.166667 0.637500 0.014663 0.036111
5 0.211877 0.554630 0.017107 0.057407
5 0.279570 0.553704 0.018573 0.035185
5 0.258309 0.648148 0.024927 0.044444
5 0.244135 0.631481 0.013196 0.020370
5 0.211877 0.625000 0.015152 0.020370
5 0.243891 0.851389 0.008798 0.008333
5 0.234604 0.804630 0.020528 0.033333
5 0.108993 0.973611 0.026393 0.050926
5 0.310362 0.157407 0.018573 0.031481
5 0.321359 0.279167 0.014174 0.037963
5 0.319892 0.389352 0.023949 0.036111
5 0.465298 0.419444 0.021505 0.040741
5 0.358260 0.654167 0.024438 0.047222
5 0.298387 0.625926 0.053275 0.098148
5 0.316471 0.539352 0.004399 0.012037
5 0.333333 0.520833 0.026393 0.025000
5 0.401515 0.161111 0.023949 0.038889
5 0.462121 0.078241 0.025904 0.056481
5 0.490714 0.023611 0.019550 0.025000
5 0.444770 0.217593 0.008798 0.012963
5 0.493402 0.632407 0.029814 0.088889
5 0.507087 0.687963 0.041544 0.046296
5 0.547165 0.736111 0.011241 0.046296
5 0.525415 0.825926 0.022483 0.037037
5 0.554497 0.834722 0.006354 0.023148
5 0.511730 0.900000 0.027370 0.050000
5 0.426197 0.937963 0.020528 0.033333
5 0.570870 0.919444 0.021505 0.038889
5 0.597019 0.847222 0.024927 0.051852
5 0.610459 0.817130 0.017595 0.030556
5 0.628543 0.828241 0.014663 0.050926
5 0.654448 0.699537 0.014663 0.021296
5 0.623412 0.676389 0.021994 0.039815
5 0.539589 0.568056 0.015640 0.034259
5 0.648583 0.611111 0.030303 0.050000
5 0.583822 0.386111 0.019062 0.055556
5 0.587977 0.444907 0.015640 0.017593
5 0.546676 0.439352 0.028837 0.036111
5 0.531769 0.328704 0.008798 0.012963
5 0.512708 0.288426 0.017595 0.039815
5 0.569648 0.268519 0.016129 0.038889
5 0.602884 0.280093 0.014174 0.032407
5 0.595064 0.191204 0.012219 0.032407
5 0.607527 0.116204 0.014663 0.054630
5 0.634653 0.050000 0.024927 0.038889
5 0.647116 0.048611 0.015640 0.030556
5 0.650782 0.016667 0.051320 0.033333
5 0.661046 0.030556 0.017107 0.048148
5 0.683773 0.019907 0.019550 0.039815
5 0.608260 0.337500 0.016129 0.052778
5 0.656158 0.339815 0.010264 0.033333
5 0.678397 0.368056 0.012708 0.026852
5 0.702590 0.399074 0.021017 0.029630
5 0.661046 0.261111 0.011241 0.025926
5 0.647849 0.512963 0.010264 0.024074
5 0.647849 0.531481 0.013196 0.020370
5 0.668133 0.882407 0.039101 0.068519
5 0.682551 0.843056 0.022972 0.028704
5 0.724096 0.789815 0.027859 0.061111
5 0.729228 0.665741 0.017595 0.033333
5 0.763196 0.685185 0.034702 0.027778
5 0.777859 0.644907 0.009286 0.050926
5 0.796921 0.634259 0.018084 0.062963
5 0.826735 0.630556 0.012219 0.025926
5 0.759531 0.790278 0.021505 0.036111
5 0.802542 0.787500 0.028348 0.054630
5 0.773216 0.894907 0.041056 0.073148
5 0.725562 0.929167 0.016129 0.030556
0 0.717742 0.917593 0.138319 0.159259
5 0.641496 0.970833 0.030792 0.056481
5 0.788123 0.095833 0.011241 0.037963
5 0.807674 0.129630 0.008309 0.046296
5 0.812805 0.080093 0.034213 0.076852
5 0.842864 0.022685 0.019062 0.045370
5 0.839198 0.143056 0.033236 0.067593
5 0.822092 0.279630 0.034213 0.033333
5 0.757820 0.362963 0.027859 0.037037
5 0.771994 0.436574 0.053275 0.065741
5 0.768573 0.472222 0.016129 0.033333
5 0.812317 0.474074 0.036168 0.068519
5 0.858993 0.451852 0.020039 0.040741
5 0.886852 0.640741 0.022972 0.055556
5 0.858260 0.896296 0.021505 0.053704
5 0.889541 0.889352 0.033236 0.049074
5 0.890518 0.929167 0.040078 0.052778
5 0.897116 0.929167 0.015152 0.073148
5 0.847752 0.967593 0.023949 0.046296
5 0.885386 0.977778 0.059140 0.042593
5 0.883431 0.955093 0.016129 0.023148
5 0.872190 0.930556 0.005376 0.016667
5 0.963832 0.952778 0.011730 0.027778
5 0.986559 0.904630 0.020039 0.048148
5 0.969697 0.768519 0.030303 0.072222
5 0.974829 0.870833 0.049365 0.095370
5 0.964321 0.714815 0.043011 0.044444
5 0.981427 0.734722 0.020528 0.028704
5 0.989492 0.699537 0.020039 0.045370
5 0.986315 0.633333 0.026393 0.020370
5 0.989980 0.628241 0.008309 0.015741
5 0.932063 0.537037 0.033236 0.066667
5 0.917889 0.423611 0.014663 0.045370
5 0.900782 0.383333 0.024438 0.042593
5 0.987292 0.419907 0.024438 0.063889
5 0.989736 0.347685 0.009775 0.030556
5 0.949902 0.281481 0.044477 0.062963
5 0.874389 0.334722 0.041056 0.060185
5 0.888807 0.268519 0.022972 0.051852
5 0.902737 0.292130 0.023460 0.078704
5 0.900782 0.219907 0.019550 0.039815
5 0.913001 0.215741 0.015640 0.035185
5 0.918133 0.205556 0.026882 0.044444
5 0.932307 0.159722 0.015152 0.021296
5 0.922043 0.059259 0.019062 0.042593
5 0.933529 0.083333 0.023460 0.048148
5 0.934262 0.106481 0.010264 0.046296
5 0.964809 0.045833 0.016618 0.034259
5 0.949658 0.091204 0.007820 0.019444
5 0.991935 0.322222 0.015152 0.042593
5 0.836266 0.367593 0.017595 0.040741
5 0.269306 0.964815 0.042033 0.066667
5 0.287879 0.885648 0.050831 0.056481
5 0.355572 0.838426 0.029814 0.054630
0 0.744379 0.442130 0.287390 0.386111
5 0.645161 0.415278 0.014663 0.032407
0 0.735582 0.160648 0.268817 0.321296
5 0.232160 0.422685 0.030303 0.041667
5 0.397116 0.905556 0.035679 0.031481