5 0.274194 0.951389 0.050831 0.089815
5 0.848240 0.882870 0.030792 0.028704
5 0.261241 0.881481 0.050342 0.068519
5 0.178641 0.872685 0.023949 0.086111
5 0.386852 0.826852 0.026882 0.094444
5 0.951124 0.633796 0.018573 0.037963
5 0.100929 0.610648 0.093353 0.076852
5 0.616325 0.593056 0.044966 0.049074
5 0.231672 0.398148 0.051808 0.035185
5 0.630499 0.310648 0.033236 0.041667
5 0.128299 0.342130 0.069892 0.132407
5 0.682551 0.228704 0.055230 0.098148
5 0.066716 0.751852 0.041544 0.138889
5 0.150049 0.750926 0.041056 0.072222
5 0.124633 0.802778 0.078201 0.068519
5 0.119013 0.656944 0.045455 0.071296
5 0.207478 0.656944 0.106061 0.187963
5 0.255621 0.522222 0.033236 0.096296
5 0.223363 0.482870 0.080156 0.232407
5 0.256843 0.309259 0.026882 0.053704
5 0.292278 0.319907 0.037146 0.097222
5 0.293500 0.451852 0.055230 0.055556
1 0.434506 0.365278 0.114370 0.154630
1 0.407380 0.220833 0.080645 0.276852
1 0.423509 0.149537 0.172532 0.299074
5 0.865836 0.520370 0.033724 0.074074
5 0.606549 0.453241 0.021505 0.062037
5 0.922287 0.120370 0.065494 0.085185
5 0.761486 0.031019 0.011730 0.060185
5 0.759775 0.514352 0.017107 0.037963
5 0.366813 0.229167 0.028837 0.067593
1 0.440616 0.688426 0.060117 0.217593
1 0.459189 0.862963 0.113881 0.272222