5 0.038856 0.330093 0.073803 0.167593
5 0.106549 0.497685 0.035191 0.054630
5 0.026149 0.672685 0.020039 0.054630
5 0.013930 0.877778 0.025904 0.085185
5 0.166911 0.920833 0.058162 0.058333
1 0.267351 0.907870 0.094819 0.180556
1 0.260020 0.744907 0.076246 0.112037
1 0.243646 0.638426 0.147116 0.143519
1 0.261730 0.474537 0.098240 0.299074
1 0.240469 0.344907 0.102639 0.280556
1 0.249267 0.138426 0.099707 0.175000
5 0.323069 0.200926 0.073314 0.087037
5 0.353128 0.406944 0.031769 0.112037
5 0.332600 0.368981 0.046432 0.106481
5 0.352639 0.647222 0.069892 0.157407
5 0.402493 0.530556 0.038612 0.120370
5 0.441838 0.365278 0.118280 0.221296
5 0.504154 0.629630 0.055230 0.075926
5 0.549120 0.632407 0.073803 0.094444
5 0.489492 0.219444 0.024927 0.055556
5 0.599218 0.210185 0.028348 0.074074
5 0.659580 0.021759 0.038612 0.043519
5 0.645406 0.149537 0.023949 0.050926
5 0.625122 0.709259 0.029326 0.059259
5 0.640274 0.603241 0.017595 0.045370
5 0.680596 0.693981 0.013196 0.036111
5 0.715543 0.625926 0.030303 0.042593
1 0.764174 0.848611 0.139296 0.126852
5 0.721163 0.948611 0.031769 0.087963
1 0.759286 0.962037 0.040567 0.068519
5 0.746334 0.687037 0.019550 0.057407
5 0.766862 0.694444 0.019550 0.051852
1 0.765640 0.550463 0.088465 0.271296
5 0.794477 0.475000 0.045455 0.116667
1 0.779326 0.367593 0.120723 0.151852
1 0.786657 0.189352 0.112903 0.249074
5 0.793500 0.234722 0.037634 0.060185
5 0.860215 0.257407 0.033236 0.055556
1 0.789589 0.027778 0.056207 0.055556
5 0.903959 0.130093 0.118768 0.191667
5 0.949658 0.240741 0.098729 0.129630
5 0.971896 0.116667 0.024927 0.068519
5 0.922043 0.316204 0.065982 0.071296
5 0.649316 0.451852 0.021017 0.048148
5 0.685484 0.455093 0.024927 0.037963