0 0.611926 0.429630 0.260997 0.624074
5 0.113148 0.085185 0.039589 0.090741
5 0.015396 0.062963 0.022972 0.037037
5 0.208211 0.502315 0.076246 0.071296
5 0.453568 0.511111 0.048876 0.070370
5 0.274682 0.644907 0.055718 0.087963
5 0.273949 0.569444 0.023949 0.055556
5 0.256354 0.837500 0.026882 0.041667
5 0.219941 0.837037 0.032258 0.061111
5 0.152248 0.935648 0.034702 0.100926
5 0.430108 0.141204 0.028348 0.052778
5 0.503910 0.144444 0.026393 0.068519
5 0.496823 0.549537 0.038612 0.060185
5 0.502933 0.621296 0.043011 0.057407
5 0.542033 0.663889 0.036168 0.090741
5 0.618035 0.877778 0.041544 0.068519
5 0.560117 0.906019 0.057674 0.139815
5 0.758309 0.968981 0.040567 0.056481
5 0.760997 0.887037 0.032258 0.061111
5 0.757820 0.687037 0.053275 0.079630
5 0.776637 0.547685 0.024438 0.063889
5 0.635142 0.456944 0.038612 0.050926
5 0.753910 0.448611 0.034702 0.112037
5 0.789101 0.502315 0.039589 0.056481
5 0.882454 0.824537 0.054252 0.125000
5 0.905670 0.696759 0.026393 0.073148
5 0.924976 0.618981 0.034702 0.071296
5 0.974096 0.672685 0.041056 0.067593
5 0.913245 0.544907 0.021017 0.032407
5 0.889541 0.512037 0.036168 0.072222
5 0.709922 0.492130 0.029814 0.050926
5 0.795943 0.418056 0.025904 0.050926
5 0.868524 0.385648 0.021505 0.047222
5 0.888807 0.348148 0.071848 0.079630
5 0.965054 0.354167 0.054252 0.086111
5 0.950147 0.476852 0.030303 0.055556
5 0.973363 0.278241 0.046432 0.087963
5 0.979472 0.182407 0.027370 0.055556
5 0.937439 0.155093 0.023460 0.052778
5 0.896872 0.155556 0.037146 0.085185
5 0.784213 0.186574 0.041544 0.063889
5 0.800098 0.052315 0.049853 0.076852
5 0.703568 0.090741 0.021994 0.057407
5 0.676197 0.048148 0.027859 0.059259
5 0.907380 0.025000 0.046432 0.044444
5 0.975806 0.025000 0.029814 0.038889
5 0.854350 0.108333 0.031281 0.051852
5 0.757576 0.323148 0.020528 0.050000
5 0.723363 0.370370 0.031281 0.044444
5 0.862170 0.683796 0.020528 0.047222
0 0.623900 0.191667 0.206745 0.383333