5 0.577224 0.450926 0.055718 0.087037
1 0.780303 0.312963 0.125611 0.287037
1 0.753421 0.574074 0.137341 0.364815
1 0.756109 0.811574 0.131965 0.147222
5 0.454790 0.464815 0.022972 0.046296
5 0.584555 0.700926 0.043988 0.087037
5 0.556940 0.774074 0.050342 0.064815
5 0.689150 0.878241 0.043988 0.078704
5 0.971163 0.835648 0.034213 0.058333
5 0.976051 0.333796 0.017595 0.030556
5 0.939883 0.195370 0.033236 0.051852
5 0.688172 0.314815 0.051808 0.061111
1 0.246090 0.653241 0.113881 0.200926
1 0.261730 0.860185 0.184262 0.262963
5 0.529326 0.282407 0.047898 0.064815
5 0.521994 0.217130 0.045943 0.045370
5 0.583333 0.175463 0.027859 0.067593
5 0.459677 0.676389 0.062072 0.136111
5 0.698680 0.646759 0.037634 0.052778
5 0.681329 0.014815 0.031281 0.029630
5 0.379277 0.822222 0.034213 0.061111
5 0.359482 0.747222 0.044477 0.083333
5 0.603372 0.254630 0.042522 0.064815
1 0.239492 0.473611 0.056696 0.115741
1 0.246823 0.322222 0.131965 0.314815
5 0.356794 0.156944 0.018573 0.045370
5 0.373167 0.075000 0.014174 0.027778
5 0.365103 0.131019 0.022483 0.043519
5 0.675709 0.252315 0.012219 0.026852
5 0.687195 0.228241 0.033236 0.041667
5 0.670332 0.216667 0.020039 0.035185
5 0.594819 0.031944 0.033236 0.045370
5 0.581378 0.055093 0.021017 0.036111
5 0.543988 0.827778 0.035191 0.038889
5 0.541789 0.872222 0.021017 0.042593
1 0.759531 0.950463 0.096774 0.084259
5 0.845064 0.156481 0.026393 0.046296
5 0.858993 0.103704 0.035679 0.048148
5 0.968475 0.740278 0.022972 0.034259
5 0.945259 0.738889 0.033236 0.053704
5 0.967498 0.620370 0.024927 0.037037
5 0.992669 0.631019 0.013685 0.039815
5 0.854839 0.261111 0.015640 0.033333
5 0.911779 0.498611 0.019062 0.025000
5 0.898827 0.476852 0.015640 0.037037
5 0.898094 0.633333 0.010264 0.027778
5 0.978739 0.388889 0.009286 0.029630
5 0.690371 0.700463 0.017107 0.028704
5 0.671554 0.615741 0.015640 0.025926
5 0.684506 0.550463 0.026882 0.052778
5 0.635630 0.531944 0.020039 0.028704
5 0.663245 0.476389 0.014663 0.026852
5 0.547165 0.546296 0.016129 0.035185
5 0.470430 0.844907 0.015152 0.030556
5 0.496823 0.906481 0.018084 0.033333
5 0.581378 0.837037 0.014174 0.024074
5 0.531281 0.725926 0.020528 0.038889
5 0.591887 0.608333 0.013685 0.022222
5 0.974585 0.488889 0.022483 0.051852
5 0.962610 0.510185 0.026882 0.038889