5 0.023216 0.034259 0.046432 0.068519
5 0.077468 0.143056 0.021994 0.060185
5 0.006354 0.284259 0.012708 0.046296
5 0.080645 0.334722 0.037146 0.054630
5 0.033969 0.554167 0.024927 0.065741
5 0.039101 0.573148 0.034213 0.022222
5 0.015885 0.554630 0.031769 0.074074
5 0.029081 0.640278 0.058162 0.056481
5 0.014174 0.620833 0.028348 0.026852
5 0.089932 0.758796 0.014663 0.030556
5 0.014907 0.965741 0.029814 0.062963
5 0.018328 0.907407 0.036657 0.061111
5 0.006354 0.868981 0.011730 0.087963
5 0.120479 0.509259 0.062072 0.057407
5 0.164712 0.519907 0.055718 0.119444
5 0.162757 0.040741 0.028348 0.053704
5 0.209433 0.034722 0.044477 0.054630
5 0.231916 0.069444 0.035679 0.055556
5 0.209433 0.125926 0.031769 0.027778
5 0.263441 0.113889 0.022483 0.051852
5 0.283236 0.057870 0.035679 0.082407
5 0.286413 0.325926 0.049853 0.062963
5 0.254154 0.459259 0.043988 0.105556
5 0.234115 0.193981 0.025415 0.036111
5 0.248778 0.237500 0.034213 0.054630
5 0.319892 0.241667 0.026882 0.092593
5 0.363392 0.204630 0.024927 0.051852
5 0.367302 0.133796 0.022972 0.043519
5 0.351417 0.275000 0.026393 0.055556
5 0.283480 0.372685 0.057674 0.062037
5 0.304985 0.415278 0.050831 0.075000
5 0.231916 0.635185 0.021017 0.081481
5 0.188172 0.662037 0.049853 0.057407
5 0.296676 0.684259 0.039101 0.079630
5 0.260264 0.920370 0.044477 0.079630
5 0.399071 0.046296 0.069892 0.092593
5 0.485582 0.156481 0.035679 0.135185
5 0.420332 0.144907 0.021505 0.019444
5 0.532502 0.181944 0.050342 0.091667
5 0.423265 0.212500 0.035191 0.036111
5 0.440616 0.227315 0.019062 0.050926
5 0.458700 0.310648 0.045455 0.087963
5 0.394184 0.429630 0.032747 0.133333
5 0.447214 0.395833 0.059629 0.158333
5 0.378055 0.309722 0.049365 0.067593
5 0.392717 0.368056 0.090420 0.213889
5 0.418133 0.296759 0.030792 0.028704
5 0.398827 0.602778 0.034213 0.105556
5 0.430108 0.657407 0.050831 0.094444
5 0.347996 0.737963 0.043988 0.070370
5 0.391007 0.814815 0.059629 0.101852
5 0.361193 0.819907 0.017595 0.076852
5 0.362903 0.901852 0.026882 0.035185
5 0.331378 0.941667 0.039101 0.079630
5 0.563294 0.822222 0.026882 0.061111
1 0.546676 0.917593 0.084555 0.161111
1 0.598729 0.985185 0.025415 0.025926
5 0.480205 0.556019 0.017107 0.043519
5 0.515640 0.733333 0.086022 0.112963
5 0.586022 0.589815 0.051808 0.074074
1 0.576979 0.672222 0.206745 0.235185
5 0.501466 0.014815 0.027370 0.029630
5 0.525415 0.013889 0.012708 0.025926
5 0.567449 0.124537 0.063539 0.067593
5 0.594575 0.012500 0.053275 0.025000
5 0.633675 0.033796 0.026882 0.065741
5 0.654692 0.050463 0.035679 0.100926
5 0.683284 0.054167 0.036168 0.108333
4 0.597752 0.047685 0.023460 0.087963
4 0.598240 0.089352 0.026393 0.028704
5 0.563050 0.189815 0.049853 0.059259
5 0.647605 0.275926 0.007820 0.035185
5 0.669110 0.302315 0.024438 0.047222
1 0.581378 0.286574 0.097263 0.086111
5 0.779326 0.066667 0.021994 0.018519
5 0.807429 0.031944 0.040078 0.063889
5 0.853617 0.022222 0.034702 0.044444
5 0.841887 0.047685 0.013196 0.041667
5 0.955523 0.157870 0.038123 0.060185
5 0.890518 0.271759 0.036168 0.065741
5 0.933284 0.269444 0.019062 0.046296
5 0.871212 0.171296 0.016129 0.077778
5 0.827468 0.150000 0.091887 0.201852
5 0.973363 0.385648 0.023949 0.025000
5 0.990225 0.435185 0.017595 0.100000
5 0.930108 0.401852 0.045943 0.085185
5 0.838710 0.440741 0.072336 0.105556
5 0.880254 0.485648 0.042033 0.050926
5 0.910068 0.493056 0.016618 0.039815
5 0.893695 0.562963 0.022972 0.061111
5 0.842864 0.598148 0.051320 0.085185
5 0.619990 0.144444 0.025904 0.062963
5 0.677664 0.179630 0.045455 0.057407
5 0.735337 0.181944 0.033724 0.069444
5 0.739492 0.230556 0.018573 0.072222
5 0.708944 0.239352 0.042522 0.089815
5 0.706500 0.308796 0.048387 0.067593
5 0.739492 0.339352 0.059629 0.150926
5 0.748534 0.007870 0.010264 0.015741
5 0.773216 0.406481 0.016618 0.040741
5 0.776393 0.353704 0.042522 0.151852
5 0.759775 0.532870 0.099218 0.241667
5 0.703079 0.555093 0.093353 0.152778
5 0.730205 0.662500 0.037146 0.087963
5 0.758065 0.648148 0.017595 0.061111
5 0.740225 0.731481 0.017107 0.024074
5 0.797410 0.713426 0.062072 0.062037
5 0.811095 0.736111 0.024927 0.033333
5 0.859726 0.743519 0.043011 0.101852
5 0.818182 0.656019 0.052786 0.091667
5 0.873656 0.686574 0.009286 0.025000
5 0.685239 0.874074 0.017595 0.046296
5 0.708456 0.922222 0.046432 0.048148
5 0.715298 0.966667 0.058162 0.064815
5 0.982893 0.892593 0.032258 0.144444
5 0.836266 0.915741 0.027370 0.033333
5 0.882698 0.848611 0.047898 0.076852
5 0.863881 0.870833 0.051320 0.102778
5 0.867302 0.941204 0.063050 0.093519
5 0.895161 0.976389 0.015152 0.041667
5 0.920088 0.973611 0.024927 0.050926
5 0.934262 0.784259 0.067937 0.100000
5 0.938416 0.869444 0.048876 0.166667
5 0.914467 0.868056 0.026393 0.071296
5 0.955523 0.860648 0.017595 0.032407
5 0.979228 0.971296 0.035679 0.027778
1 0.604350 0.463889 0.088465 0.200000
1 0.562317 0.399074 0.091398 0.259259