5 0.100929 0.350463 0.023949 0.060185
3 0.338954 0.200463 0.070870 0.223148
3 0.354594 0.041667 0.147116 0.077778
1 0.268084 0.117130 0.065982 0.232407
3 0.239003 0.168056 0.108504 0.239815
3 0.223851 0.345370 0.093842 0.192593
1 0.291789 0.321759 0.074291 0.278704
1 0.322336 0.573611 0.160802 0.252778
5 0.234115 0.528241 0.086999 0.136111
5 0.215543 0.718981 0.102639 0.239815
5 0.287634 0.770370 0.077713 0.157407
5 0.243646 0.901389 0.158847 0.186111
1 0.768573 0.195833 0.085533 0.287963
5 0.846530 0.233796 0.095797 0.156481
5 0.861926 0.078241 0.131476 0.150926
5 0.807185 0.423611 0.158847 0.186111
1 0.811584 0.582870 0.179374 0.223148
5 0.847996 0.720833 0.151515 0.149074
5 0.819892 0.860648 0.181329 0.250926
5 0.852151 0.935185 0.123656 0.114815
5 0.662023 0.957407 0.058162 0.074074