5 0.408113 0.940278 0.004888 0.012037
5 0.890274 0.908333 0.006354 0.022222
5 0.251222 0.912500 0.015640 0.039815
4 0.578446 0.882407 0.021994 0.040741
5 0.709189 0.876389 0.021505 0.030556
5 0.299609 0.869907 0.020528 0.026852
5 0.488025 0.764352 0.018084 0.030556
5 0.256598 0.683796 0.015640 0.013889
5 0.728250 0.641667 0.007820 0.020370
5 0.083089 0.462963 0.011730 0.027778
5 0.148338 0.408796 0.015152 0.015741
5 0.996090 0.362037 0.006843 0.020370
5 0.503421 0.027315 0.033236 0.047222
5 0.369746 0.016204 0.010264 0.021296
5 0.033480 0.090741 0.021017 0.035185
5 0.009775 0.475000 0.019550 0.050000
4 0.156158 0.932407 0.026882 0.044444
5 0.204057 0.331944 0.011241 0.026852
5 0.215054 0.397685 0.073314 0.136111
5 0.179863 0.535648 0.010753 0.026852
1 0.245357 0.980556 0.047898 0.035185
1 0.326002 0.976389 0.120235 0.045370
5 0.231183 0.819444 0.021505 0.020370
1 0.289345 0.782870 0.145650 0.106481
5 0.360459 0.743981 0.024927 0.034259
1 0.285435 0.576852 0.240469 0.138889
1 0.298143 0.397685 0.059629 0.265741
5 0.330645 0.372685 0.023949 0.062037
1 0.302542 0.019907 0.126100 0.039815
1 0.269550 0.147222 0.137341 0.292593
5 0.444037 0.661574 0.026882 0.054630
5 0.466764 0.937500 0.011730 0.025000
4 0.623412 0.978704 0.017107 0.038889
5 0.752933 0.082407 0.018084 0.044444
5 0.773705 0.024074 0.024438 0.040741
1 0.827713 0.056019 0.081623 0.112037
5 0.985337 0.036574 0.012708 0.012037
3 0.869501 0.888426 0.063539 0.219444
1 0.816716 0.875000 0.088954 0.246296
3 0.846530 0.743056 0.150538 0.154630
1 0.838710 0.608333 0.141740 0.224074
1 0.808407 0.501852 0.130987 0.142593
3 0.849218 0.488426 0.121701 0.206481
1 0.819159 0.286111 0.132942 0.216667
4 0.815249 0.156944 0.014663 0.036111
3 0.846774 0.190278 0.119746 0.232407