5 0.925953 0.868056 0.009286 0.028704
5 0.662512 0.574537 0.018084 0.015741
5 0.105816 0.040278 0.036657 0.078704
5 0.082600 0.051852 0.027370 0.059259
5 0.088710 0.112500 0.022972 0.043519
5 0.136364 0.189352 0.030303 0.034259
5 0.015640 0.872685 0.030303 0.045370
5 0.015885 0.978241 0.026882 0.041667
5 0.264907 0.887963 0.020528 0.044444
5 0.393206 0.179167 0.022972 0.054630
5 0.453812 0.578704 0.019062 0.037037
0 0.461632 0.531019 0.211632 0.452778
5 0.362903 0.661574 0.011241 0.021296
5 0.369746 0.425926 0.014174 0.018519
0 0.495112 0.187963 0.195503 0.375926
5 0.579179 0.724537 0.014663 0.021296
5 0.599462 0.157407 0.010264 0.007407
5 0.736804 0.318519 0.022972 0.066667
0 0.624389 0.024074 0.014174 0.048148
5 0.251222 0.673611 0.019550 0.036111
5 0.959922 0.207407 0.043011 0.055556
5 0.975562 0.527315 0.012708 0.039815
5 0.939394 0.648148 0.029326 0.040741
5 0.984848 0.562037 0.029326 0.033333
5 0.939883 0.900926 0.022483 0.035185
5 0.887341 0.835185 0.029814 0.044444