5 0.008553 0.143981 0.017107 0.041667
5 0.034702 0.148611 0.014663 0.065741
5 0.067693 0.105556 0.024927 0.046296
5 0.090420 0.078704 0.025415 0.042593
5 0.006598 0.678241 0.011241 0.037963
5 0.012952 0.854167 0.015152 0.054630
5 0.259286 0.533333 0.025904 0.061111
2 0.293011 0.045833 0.014174 0.091667
5 0.352395 0.376852 0.027370 0.031481
0 0.516129 0.350000 0.246334 0.700000
5 0.619501 0.041667 0.028837 0.044444
0 0.510753 0.802778 0.152493 0.383333
0 0.504643 0.911111 0.112903 0.174074
5 0.634653 0.712037 0.026882 0.068519
5 0.715543 0.314352 0.009775 0.043519
5 0.752933 0.551852 0.108016 0.161111
5 0.746334 0.975926 0.021505 0.044444