5 0.338954 0.817593 0.007331 0.018519
5 0.984604 0.804630 0.029814 0.061111
5 0.444282 0.707407 0.007820 0.025926
4 0.861681 0.677778 0.008798 0.022222
5 0.716520 0.510648 0.028348 0.052778
5 0.868524 0.393056 0.023460 0.026852
5 0.923265 0.180556 0.006843 0.022222
5 0.025904 0.266204 0.023460 0.026852
5 0.013196 0.088426 0.026393 0.037963
4 0.144184 0.079167 0.007820 0.032407
1 0.275171 0.958796 0.063539 0.080556
1 0.294721 0.865278 0.080156 0.156481
2 0.290323 0.831019 0.043988 0.115741
1 0.278592 0.724537 0.095797 0.117593
4 0.261730 0.585185 0.078690 0.096296
5 0.278104 0.450000 0.019550 0.037037
5 0.260997 0.459722 0.012708 0.021296
2 0.272483 0.489352 0.076735 0.097222
1 0.262463 0.255556 0.121212 0.161111
4 0.275660 0.352315 0.023460 0.041667
1 0.278348 0.118981 0.121701 0.119444
1 0.274927 0.031019 0.083578 0.062037
5 0.524927 0.681481 0.021505 0.025926
5 0.482649 0.258333 0.016129 0.033333
4 0.387830 0.204167 0.031769 0.071296
5 0.518573 0.404167 0.037146 0.032407
5 0.559873 0.410185 0.020039 0.040741
5 0.550587 0.454167 0.029814 0.037963
5 0.454790 0.313889 0.016129 0.044444
5 0.409335 0.088889 0.026882 0.051852
4 0.409580 0.125000 0.015640 0.027778
5 0.637586 0.909722 0.015152 0.039815
5 0.602395 0.551852 0.026882 0.040741
5 0.582111 0.536574 0.021505 0.039815
5 0.599951 0.282870 0.023949 0.041667
5 0.599218 0.151852 0.010753 0.033333
5 0.581378 0.084259 0.018084 0.037037
5 0.581867 0.036574 0.026882 0.039815
5 0.587977 0.060185 0.024438 0.031481
5 0.709189 0.894444 0.038123 0.079630
5 0.922776 0.280093 0.021505 0.058333
5 0.880499 0.527778 0.017107 0.027778
5 0.966520 0.879167 0.024927 0.041667
5 0.780792 0.907407 0.022972 0.048148
1 0.781525 0.960648 0.041056 0.075000
1 0.802786 0.742130 0.117791 0.300926
5 0.881232 0.749537 0.020528 0.026852
1 0.789345 0.561574 0.057674 0.186111
1 0.792278 0.423148 0.142717 0.112963
2 0.830890 0.266667 0.063539 0.055556
5 0.739247 0.280556 0.024927 0.042593
2 0.766618 0.290741 0.034702 0.029630
2 0.757331 0.314815 0.038612 0.037037
5 0.706500 0.234722 0.031769 0.050926
5 0.747801 0.148611 0.030303 0.060185
1 0.756109 0.044907 0.080156 0.089815
1 0.785924 0.143056 0.132942 0.226852
5 0.866080 0.062500 0.025415 0.047222