5 0.048631 0.025463 0.048387 0.050926
5 0.011486 0.051852 0.022972 0.029630
5 0.011730 0.100000 0.023460 0.022222
5 0.006598 0.386574 0.013196 0.032407
5 0.058407 0.541204 0.023949 0.045370
5 0.088710 0.746759 0.015152 0.036111
5 0.120235 0.752315 0.018573 0.043519
5 0.118524 0.702315 0.005376 0.019444
5 0.066716 0.861574 0.052297 0.119444
5 0.068915 0.973148 0.027370 0.051852
5 0.112414 0.877315 0.011730 0.025000
5 0.175464 0.400926 0.033236 0.033333
5 0.232893 0.958796 0.021017 0.032407
5 0.244135 0.535648 0.029814 0.063889
5 0.211632 0.103241 0.010753 0.028704
5 0.387341 0.221759 0.014174 0.019444
5 0.391740 0.232870 0.019062 0.012037
5 0.373167 0.419907 0.021994 0.054630
5 0.375367 0.502315 0.025415 0.054630
5 0.390518 0.592593 0.019550 0.031481
5 0.422532 0.057407 0.014174 0.029630
5 0.435484 0.148611 0.018573 0.026852
5 0.456989 0.164352 0.026393 0.039815
5 0.439150 0.164815 0.012219 0.079630
5 0.413001 0.311574 0.029326 0.054630
5 0.398827 0.636574 0.014663 0.036111
5 0.354594 0.548148 0.007331 0.018519
5 0.379765 0.649074 0.015640 0.020370
5 0.417889 0.637500 0.013685 0.025000
5 0.489247 0.512963 0.041056 0.027778
5 0.496823 0.539815 0.020039 0.035185
5 0.533236 0.492593 0.022483 0.048148
5 0.499022 0.435185 0.027370 0.055556
5 0.494868 0.387037 0.028837 0.040741
5 0.457967 0.118519 0.008798 0.029630
5 0.461632 0.089352 0.011241 0.023148
5 0.474096 0.003241 0.004888 0.006481
5 0.510020 0.064815 0.012219 0.024074
5 0.523949 0.698148 0.026393 0.042593
5 0.410313 0.688889 0.050342 0.087037
5 0.389541 0.878241 0.010753 0.043519
5 0.410068 0.976389 0.034213 0.026852
5 0.614614 0.881944 0.027859 0.054630
5 0.631476 0.862500 0.031281 0.026852
5 0.717253 0.982407 0.013196 0.029630
5 0.670577 0.976852 0.004888 0.022222
5 0.744379 0.771296 0.046921 0.092593
5 0.585777 0.761574 0.027859 0.049074
5 0.609726 0.750000 0.013196 0.020370
5 0.624389 0.745370 0.015152 0.031481
5 0.655914 0.757870 0.062561 0.099074
5 0.561828 0.700000 0.015152 0.037037
5 0.587977 0.158333 0.022483 0.061111
5 0.771017 0.289815 0.063050 0.098148
5 0.745601 0.194444 0.024927 0.033333
5 0.826246 0.166204 0.040567 0.076852
5 0.858016 0.028704 0.047410 0.055556
5 0.750489 0.532407 0.021017 0.035185
5 0.783969 0.612500 0.045943 0.047222
0 0.591887 0.323148 0.276637 0.646296
5 0.522483 0.284722 0.012708 0.023148
5 0.624145 0.317593 0.011730 0.031481
0 0.569159 0.731944 0.281036 0.534259
5 0.504643 0.626389 0.023949 0.036111
0 0.592620 0.838889 0.218475 0.320370
0 0.608993 0.987037 0.020528 0.024074
0 0.633675 0.993519 0.037634 0.011111
0 0.678397 0.995370 0.025415 0.005556
5 0.971408 0.018056 0.030792 0.036111
5 0.933040 0.065741 0.026393 0.088889
5 0.863881 0.090741 0.018084 0.055556
5 0.977517 0.214815 0.043988 0.061111
5 0.915934 0.255093 0.022483 0.062037
5 0.830645 0.289352 0.021017 0.032407
5 0.945748 0.440278 0.018573 0.017593
5 0.850440 0.604630 0.041056 0.107407
5 0.844819 0.463889 0.040567 0.072222
5 0.868524 0.418056 0.023460 0.034259
5 0.903226 0.473611 0.016618 0.034259
5 0.918622 0.953704 0.061095 0.081481
5 0.937683 0.980556 0.021017 0.037037
5 0.857283 0.929167 0.019550 0.058333
5 0.897116 0.903704 0.011241 0.031481
5 0.984360 0.906019 0.029326 0.056481
5 0.845552 0.902778 0.030303 0.062963
5 0.849951 0.920370 0.010753 0.038889
5 0.865836 0.832870 0.015152 0.036111
5 0.856305 0.815741 0.018573 0.038889
5 0.852151 0.690741 0.033724 0.051852
5 0.852151 0.760648 0.019062 0.030556
5 0.862170 0.732407 0.018573 0.038889
5 0.915445 0.579167 0.017595 0.032407
5 0.931329 0.616667 0.038612 0.068519
5 0.983382 0.750463 0.031281 0.089815
5 0.970674 0.746759 0.020528 0.023148
5 0.965298 0.765741 0.017595 0.037037
5 0.897849 0.783796 0.025415 0.047222
5 0.927175 0.776852 0.029326 0.040741
5 0.903715 0.722222 0.021505 0.037037
5 0.923998 0.698148 0.051320 0.053704
5 0.935484 0.718519 0.031281 0.059259
5 0.915934 0.731944 0.022483 0.041667