5 0.013930 0.058333 0.023949 0.044444
5 0.073803 0.074074 0.016618 0.031481
5 0.020772 0.143519 0.024927 0.057407
5 0.085288 0.264815 0.041544 0.055556
5 0.088221 0.169444 0.039589 0.055556
5 0.011241 0.303241 0.022483 0.049074
5 0.101662 0.480093 0.031281 0.063889
5 0.137097 0.405556 0.014174 0.042593
5 0.072825 0.636574 0.034213 0.056481
5 0.018328 0.629630 0.021017 0.040741
5 0.012219 0.833333 0.024438 0.042593
5 0.011241 0.783333 0.022483 0.046296
5 0.116813 0.851389 0.021505 0.056481
5 0.108749 0.680556 0.024927 0.057407
5 0.105816 0.693056 0.027859 0.060185
5 0.105083 0.028241 0.015640 0.056481
5 0.109971 0.063426 0.032258 0.045370
5 0.150538 0.069907 0.017595 0.028704
5 0.148338 0.123148 0.050342 0.079630
5 0.174976 0.351852 0.010753 0.027778
5 0.169355 0.097685 0.036657 0.041667
5 0.165689 0.059722 0.027370 0.032407
5 0.251466 0.013889 0.047410 0.027778
5 0.236315 0.116204 0.021994 0.030556
5 0.218719 0.128241 0.017107 0.026852
5 0.243157 0.143981 0.025904 0.052778
5 0.233871 0.177315 0.019062 0.056481
5 0.264174 0.365278 0.020039 0.034259
5 0.251955 0.829167 0.022972 0.052778
5 0.315738 0.927778 0.008798 0.012963
5 0.397116 0.747222 0.006354 0.018519
5 0.316716 0.590278 0.009775 0.026852
5 0.347752 0.214815 0.012219 0.029630
5 0.312561 0.098611 0.040567 0.054630
5 0.410068 0.134259 0.012708 0.031481
5 0.435484 0.293981 0.016618 0.045370
5 0.382454 0.231019 0.023949 0.071296
5 0.396383 0.494907 0.011730 0.032407
5 0.441349 0.512500 0.014663 0.026852
5 0.428641 0.820370 0.014663 0.020370
5 0.507331 0.360185 0.019550 0.025926
5 0.623412 0.113889 0.015152 0.014815
5 0.620723 0.133333 0.006843 0.014815
5 0.613392 0.418056 0.019550 0.036111
5 0.607038 0.437963 0.010753 0.029630
5 0.609238 0.508796 0.016129 0.025000
5 0.727273 0.524074 0.006843 0.031481
5 0.763441 0.385648 0.031281 0.073148
5 0.847752 0.193519 0.006354 0.018519
5 0.863392 0.450000 0.009286 0.016667
5 0.937928 0.721296 0.044966 0.077778
5 0.958456 0.464352 0.019550 0.041667
5 0.969941 0.406944 0.012219 0.025000
5 0.988514 0.506481 0.021017 0.046296
5 0.990225 0.358333 0.018573 0.037037
5 0.916667 0.342130 0.017107 0.025000
0 0.546921 0.222685 0.347019 0.243519
0 0.463587 0.387500 0.271261 0.723148
0 0.564516 0.769907 0.181818 0.456481
0 0.387341 0.967593 0.104106 0.062963
5 0.666422 0.849074 0.007331 0.016667
2 0.718475 0.837963 0.010753 0.072222
2 0.545210 0.793519 0.013196 0.050000