1 0.239492 0.114815 0.086022 0.229630
2 0.296921 0.078704 0.006354 0.105556
2 0.255865 0.218056 0.071848 0.037963
1 0.215054 0.390278 0.156403 0.258333
4 0.211877 0.570370 0.038612 0.100000
5 0.342375 0.545370 0.016129 0.020370
2 0.225073 0.542130 0.075758 0.063889
4 0.274927 0.500000 0.017107 0.024074
5 0.133920 0.777315 0.003910 0.008333
2 0.263441 0.930093 0.036168 0.132407
1 0.225562 0.911111 0.069892 0.096296
1 0.232405 0.838889 0.069892 0.144444
1 0.245112 0.665278 0.108016 0.308333
5 0.451857 0.184259 0.021994 0.029630
5 0.480694 0.149537 0.021994 0.034259
5 0.529814 0.119444 0.022483 0.029630
5 0.558651 0.095833 0.033236 0.032407
5 0.603861 0.096759 0.021017 0.045370
5 0.604839 0.127315 0.017107 0.021296
5 0.611681 0.160648 0.014174 0.032407
5 0.550587 0.416204 0.027859 0.045370
5 0.538612 0.432407 0.026393 0.048148
5 0.634164 0.450463 0.025904 0.036111
5 0.613148 0.528241 0.021994 0.030556
5 0.605327 0.619907 0.023949 0.043519
5 0.568915 0.717130 0.022483 0.045370
5 0.501955 0.716204 0.018573 0.043519
5 0.482893 0.708796 0.012708 0.049074
5 0.486315 0.717130 0.027370 0.052778
5 0.528592 0.815741 0.021994 0.038889
5 0.566471 0.859722 0.023460 0.065741
5 0.570626 0.860648 0.027859 0.045370
5 0.557674 0.911574 0.019550 0.047222
5 0.554252 0.584259 0.013685 0.037037
5 0.453568 0.369444 0.024438 0.064815
5 0.451857 0.407407 0.022972 0.033333
5 0.453812 0.428241 0.021017 0.039815
5 0.430352 0.656481 0.028837 0.048148
5 0.454057 0.775000 0.021505 0.014815
5 0.685484 0.258333 0.027859 0.040741
5 0.794477 0.218056 0.021017 0.047222
5 0.763441 0.266204 0.026393 0.045370
5 0.672043 0.369907 0.017595 0.037963
5 0.670821 0.410648 0.010264 0.026852
5 0.641007 0.553241 0.009286 0.015741
5 0.971652 0.986111 0.018573 0.024074
5 0.957234 0.987963 0.012219 0.020370
5 0.914467 0.914815 0.018573 0.031481
5 0.912757 0.836111 0.018084 0.022222
5 0.918866 0.824537 0.015640 0.028704
5 0.927664 0.831481 0.015640 0.040741
5 0.939150 0.693056 0.020039 0.030556
5 0.962121 0.689352 0.017107 0.026852
5 0.919844 0.707407 0.015640 0.025926
5 0.950880 0.866204 0.024927 0.047222
5 0.983627 0.781481 0.025904 0.048148
5 0.991202 0.757870 0.016618 0.049074
5 0.985337 0.635648 0.016618 0.030556
5 0.990469 0.612037 0.016129 0.040741
5 0.994868 0.624074 0.008309 0.027778
5 0.845552 0.631481 0.015640 0.025926
5 0.853617 0.655093 0.015152 0.030556
5 0.857038 0.632870 0.015152 0.034259
5 0.888074 0.561574 0.014663 0.032407
5 0.843597 0.556944 0.015640 0.023148
5 0.869990 0.515278 0.013685 0.039815
5 0.817449 0.594907 0.017107 0.030556
5 0.840420 0.225463 0.019062 0.030556
5 0.843597 0.269907 0.015640 0.045370
5 0.850684 0.358333 0.020039 0.050000
5 0.893206 0.375926 0.016129 0.025926
5 0.881232 0.355093 0.014663 0.019444
5 0.894917 0.098148 0.023460 0.055556
5 0.893206 0.145833 0.020039 0.030556
5 0.910802 0.131481 0.015152 0.025926
4 0.900782 0.148148 0.029326 0.061111
5 0.851906 0.139815 0.014663 0.027778
5 0.845552 0.052778 0.015640 0.037037
5 0.840420 0.050000 0.015152 0.040741
5 0.907869 0.013889 0.021017 0.027778
5 0.908113 0.057407 0.026393 0.038889
5 0.924976 0.429167 0.021017 0.041667
5 0.922776 0.443056 0.015640 0.021296
5 0.924731 0.475926 0.008798 0.024074
5 0.977273 0.424537 0.021994 0.037963
5 0.939150 0.476389 0.016129 0.021296
5 0.953079 0.545370 0.019550 0.029630
5 0.953812 0.636111 0.014174 0.016667
5 0.921554 0.281481 0.018084 0.037037
5 0.945259 0.354630 0.023460 0.048148
5 0.917644 0.381944 0.021017 0.037963
5 0.992424 0.362037 0.013196 0.042593
5 0.962366 0.266667 0.023460 0.048148
5 0.937439 0.018519 0.026393 0.037037
5 0.954301 0.028704 0.016129 0.020370
5 0.981672 0.066204 0.026882 0.050926
5 0.985093 0.114815 0.028837 0.050000
5 0.989492 0.100926 0.019062 0.044444
5 0.980205 0.154630 0.012219 0.029630
5 0.985337 0.396759 0.008798 0.030556
5 0.996090 0.402315 0.006843 0.028704
5 0.764418 0.019907 0.040078 0.039815
1 0.776882 0.309259 0.139296 0.166667
1 0.733382 0.429167 0.135386 0.139815
5 0.703079 0.466667 0.033724 0.025926
2 0.683284 0.942130 0.044966 0.062037
1 0.741202 0.901852 0.163734 0.190741
1 0.758798 0.757870 0.089443 0.243519
2 0.697947 0.649537 0.061584 0.060185
1 0.724829 0.578241 0.118280 0.178704
1 0.732160 0.138426 0.140762 0.236111
1 0.749511 0.037963 0.037634 0.075926