5 0.271505 0.142593 0.043500 0.064815
5 0.211144 0.184259 0.041056 0.085185
5 0.092620 0.095370 0.021994 0.048148
5 0.076002 0.137963 0.022972 0.046296
5 0.024682 0.098611 0.046432 0.076852
5 0.088954 0.034722 0.031281 0.037963
5 0.014174 0.168519 0.025415 0.059259
5 0.028104 0.271759 0.046432 0.052778
5 0.079423 0.293056 0.039589 0.091667
5 0.127077 0.199537 0.025415 0.060185
5 0.017107 0.419907 0.033236 0.089815
5 0.102395 0.441667 0.034702 0.062963
5 0.073069 0.470833 0.028837 0.050926
5 0.158847 0.562963 0.047898 0.081481
5 0.112170 0.595370 0.021994 0.046296
5 0.071603 0.774537 0.038612 0.063889
5 0.080401 0.862963 0.031769 0.101852
5 0.030059 0.885185 0.028837 0.057407
5 0.009042 0.866204 0.017107 0.073148
5 0.026882 0.962963 0.037146 0.050000
5 0.069648 0.938426 0.040567 0.075000
5 0.226540 0.812500 0.031769 0.039815
5 0.228739 0.946296 0.024438 0.040741
5 0.290078 0.961111 0.030792 0.050000
5 0.374389 0.667130 0.032258 0.039815
5 0.319159 0.536574 0.041056 0.067593
5 0.272727 0.546296 0.038123 0.057407
5 0.254888 0.376852 0.027859 0.087037
5 0.288123 0.362500 0.027859 0.076852
5 0.550098 0.294444 0.059140 0.090741
5 0.493891 0.272222 0.048387 0.072222
5 0.636852 0.315278 0.050831 0.145370
5 0.439394 0.675463 0.027370 0.050926
0 0.608260 0.584259 0.326002 0.350000
0 0.574536 0.858796 0.428641 0.276852
0 0.544477 0.944444 0.047898 0.031481
5 0.401760 0.399537 0.043011 0.099074
0 0.525660 0.180556 0.379765 0.351852
5 0.527859 0.032407 0.062561 0.062963
0 0.592131 0.054630 0.047410 0.100000
5 0.671065 0.057870 0.034213 0.062037
5 0.736559 0.293981 0.039101 0.050926
5 0.750000 0.247222 0.043500 0.092593
5 0.758798 0.108333 0.046432 0.079630
5 0.767595 0.188426 0.057185 0.076852
5 0.723851 0.027778 0.037146 0.053704
5 0.774927 0.028704 0.066960 0.057407
5 0.859238 0.140278 0.036168 0.082407
5 0.842620 0.310648 0.077224 0.110185
5 0.874145 0.220370 0.038612 0.066667
5 0.811095 0.192130 0.025904 0.058333
5 0.900293 0.145370 0.037146 0.070370
5 0.938172 0.076389 0.031769 0.050926
5 0.949169 0.146296 0.052786 0.083333
5 0.920577 0.232407 0.040567 0.059259
5 0.934018 0.335648 0.062561 0.112037
5 0.947458 0.453241 0.024927 0.075000
5 0.823803 0.576389 0.046432 0.086111
5 0.762219 0.606944 0.036657 0.067593
5 0.731916 0.626389 0.025904 0.041667
5 0.623412 0.682870 0.026882 0.062037
5 0.597752 0.659722 0.038123 0.050926
5 0.738514 0.690278 0.044966 0.076852
5 0.856061 0.813426 0.027859 0.054630
5 0.855083 0.941204 0.048387 0.080556
5 0.758553 0.967593 0.060606 0.050000
5 0.858016 0.515741 0.038612 0.101852
5 0.907380 0.448148 0.036657 0.125926
5 0.958700 0.543519 0.051320 0.105556
5 0.867058 0.633796 0.037146 0.063889
5 0.947458 0.777315 0.057185 0.082407
5 0.960411 0.024537 0.044966 0.043519
5 0.194282 0.730556 0.024927 0.046296
5 0.120723 0.300463 0.015640 0.037963
5 0.142717 0.316667 0.020528 0.027778
5 0.520283 0.408796 0.045455 0.060185
5 0.533969 0.364352 0.020039 0.050926
5 0.509042 0.604167 0.012219 0.023148
5 0.483627 0.586574 0.016129 0.039815
5 0.922043 0.714352 0.013196 0.047222
5 0.973363 0.681481 0.037634 0.068519
5 0.968719 0.626389 0.037146 0.045370
5 0.948680 0.631944 0.025415 0.049074
5 0.918866 0.925000 0.029326 0.035185
5 0.898094 0.900463 0.023949 0.058333
5 0.900782 0.806944 0.019550 0.041667
5 0.913490 0.831481 0.028348 0.087037
5 0.887586 0.575463 0.015640 0.043519
5 0.890274 0.506019 0.046432 0.097222
5 0.918866 0.663889 0.043988 0.055556
5 0.909824 0.591667 0.034702 0.072222
5 0.629521 0.156481 0.026393 0.048148
5 0.960655 0.270370 0.022972 0.038889
5 0.973118 0.246759 0.020528 0.058333
5 0.986559 0.271759 0.022972 0.025000
5 0.990225 0.236574 0.015640 0.034259
5 0.971652 0.190278 0.018573 0.049074
5 0.957234 0.183796 0.015152 0.052778