5 0.087732 0.025000 0.030792 0.044444
5 0.104594 0.262037 0.035191 0.050000
5 0.141496 0.183796 0.007331 0.008333
5 0.028348 0.323148 0.023460 0.044444
5 0.078446 0.354630 0.033724 0.044444
5 0.075758 0.390278 0.022483 0.028704
5 0.157380 0.468981 0.010753 0.028704
5 0.140762 0.700926 0.033236 0.068519
5 0.119746 0.791667 0.012708 0.014815
5 0.158602 0.780093 0.078690 0.095370
5 0.198192 0.741204 0.014174 0.030556
5 0.166422 0.982407 0.028837 0.024074
5 0.283480 0.934722 0.029326 0.043519
5 0.308895 0.831944 0.016618 0.049074
5 0.260508 0.806481 0.022483 0.024074
5 0.275415 0.801389 0.032747 0.104630
5 0.285924 0.802315 0.024438 0.030556
5 0.318182 0.667130 0.020528 0.025000
5 0.331378 0.692130 0.040078 0.065741
5 0.329423 0.580093 0.055718 0.154630
5 0.358749 0.481944 0.010753 0.028704
5 0.241202 0.496759 0.019062 0.036111
5 0.240225 0.435648 0.051320 0.084259
5 0.203324 0.283796 0.059629 0.073148
5 0.271261 0.139815 0.032258 0.031481
5 0.290811 0.344907 0.072336 0.119444
5 0.388074 0.134259 0.011730 0.038889
5 0.366325 0.193056 0.047410 0.063889
5 0.349707 0.137500 0.024927 0.093519
5 0.396383 0.069444 0.098729 0.138889
5 0.514663 0.962963 0.011730 0.053704
1 0.475806 0.907870 0.166667 0.156481
5 0.516862 0.618519 0.021994 0.031481
5 0.576491 0.694444 0.023949 0.046296
5 0.509286 0.664815 0.013685 0.029630
5 0.500000 0.627315 0.019550 0.025000
5 0.508798 0.700463 0.016618 0.023148
5 0.506598 0.488426 0.028837 0.043519
4 0.565982 0.456944 0.031281 0.060185
1 0.496823 0.622222 0.093353 0.307407
5 0.455279 0.347222 0.005376 0.020370
5 0.443304 0.403704 0.036168 0.029630
5 0.458456 0.520833 0.010753 0.017593
5 0.504643 0.395370 0.017107 0.014815
5 0.481916 0.178704 0.019550 0.033333
1 0.466520 0.244444 0.137341 0.251852
1 0.511730 0.435185 0.126100 0.146296
5 0.602884 0.478704 0.009286 0.029630
5 0.565738 0.003704 0.010264 0.007407
1 0.495112 0.121296 0.106549 0.242593
5 0.525660 0.007870 0.022972 0.015741
5 0.656403 0.903704 0.011730 0.011111
5 0.679619 0.866667 0.056207 0.079630
5 0.662757 0.631481 0.008798 0.012963
5 0.701857 0.456944 0.010753 0.015741
5 0.635386 0.247222 0.040078 0.085185
5 0.664956 0.006481 0.006354 0.012963
5 0.724340 0.159722 0.056696 0.065741
5 0.754399 0.452315 0.011241 0.010185
5 0.811095 0.898611 0.031769 0.039815
5 0.824291 0.983796 0.027859 0.030556
5 0.863148 0.414815 0.023460 0.083333
4 0.919355 0.011574 0.044966 0.023148
4 0.863881 0.087963 0.023949 0.037037
5 0.882942 0.278241 0.019062 0.054630
5 0.882942 0.983333 0.005376 0.024074
4 0.956256 0.395370 0.013196 0.050000
5 0.947214 0.316204 0.031281 0.054630
5 0.887586 0.129630 0.014663 0.025926
5 0.856061 0.564815 0.015152 0.012963
5 0.855816 0.072685 0.012708 0.021296