5 0.145406 0.029167 0.039589 0.058333
4 0.099218 0.025926 0.024438 0.044444
5 0.176197 0.250926 0.033724 0.061111
5 0.057918 0.393056 0.025904 0.054630
5 0.076491 0.527315 0.023949 0.026852
5 0.095308 0.590741 0.013685 0.016667
5 0.028837 0.632870 0.015640 0.047222
5 0.063294 0.641204 0.015152 0.052778
5 0.156403 0.671296 0.019550 0.098148
4 0.162512 0.621759 0.021994 0.060185
5 0.187439 0.796759 0.031769 0.028704
5 0.073558 0.846296 0.021017 0.038889
5 0.015640 0.924074 0.008798 0.044444
5 0.021017 0.953241 0.042033 0.091667
5 0.084066 0.960648 0.038123 0.076852
5 0.243157 0.861111 0.036657 0.064815
5 0.200880 0.901852 0.017595 0.038889
4 0.177175 0.889352 0.022972 0.028704
5 0.295699 0.855556 0.013685 0.037037
5 0.298143 0.426852 0.028348 0.050000
5 0.281525 0.256481 0.055718 0.059259
5 0.353861 0.259259 0.021505 0.055556
5 0.315738 0.235648 0.042033 0.049074
4 0.244379 0.316204 0.030303 0.054630
4 0.327713 0.482870 0.037634 0.084259
5 0.376344 0.421296 0.039101 0.059259
5 0.379521 0.454630 0.019062 0.027778
5 0.389296 0.577315 0.033724 0.086111
5 0.346530 0.615741 0.022483 0.024074
5 0.379521 0.636111 0.030792 0.101852
5 0.398338 0.709722 0.058651 0.062037
5 0.399804 0.691667 0.006843 0.022222
5 0.380254 0.830093 0.022483 0.065741
5 0.354594 0.892593 0.024927 0.029630
5 0.396872 0.926852 0.028348 0.053704
5 0.338465 0.003704 0.019062 0.007407
5 0.398338 0.019907 0.065494 0.039815
2 0.422776 0.055093 0.030303 0.047222
5 0.373900 0.362037 0.019550 0.048148
5 0.397116 0.335185 0.013196 0.012963
5 0.362170 0.830093 0.022483 0.028704
5 0.377566 0.902778 0.028837 0.018519
5 0.445748 0.788426 0.031281 0.050926
4 0.418377 0.793981 0.035191 0.034259
5 0.465787 0.962500 0.021505 0.067593
5 0.453324 0.621296 0.006354 0.062963
5 0.471896 0.699074 0.028837 0.131481
5 0.473851 0.742130 0.028837 0.080556
4 0.424731 0.607870 0.066471 0.082407
5 0.470919 0.317130 0.027859 0.045370
5 0.483382 0.104630 0.027370 0.081481
5 0.539345 0.014352 0.014174 0.028704
5 0.622678 0.064815 0.036168 0.088889
5 0.633187 0.267130 0.049365 0.117593
5 0.582356 0.212500 0.021017 0.032407
1 0.518328 0.295370 0.125611 0.335185
5 0.626100 0.319907 0.021505 0.034259
5 0.575269 0.226389 0.021505 0.025000
5 0.589687 0.280093 0.021017 0.045370
5 0.583578 0.268981 0.012708 0.043519
5 0.583578 0.323611 0.017595 0.058333
5 0.575513 0.299074 0.019062 0.020370
5 0.576491 0.342130 0.011241 0.028704
1 0.539834 0.462500 0.117791 0.126852
5 0.633675 0.495370 0.063050 0.098148
5 0.630499 0.659722 0.040078 0.132407
5 0.642229 0.569907 0.014663 0.028704
1 0.551320 0.629167 0.108504 0.217593
1 0.532747 0.758796 0.100684 0.141667
1 0.560606 0.856019 0.141740 0.286111
2 0.613636 0.158333 0.005376 0.031481
5 0.657625 0.902778 0.021017 0.051852
5 0.683773 0.914815 0.017595 0.035185
5 0.667400 0.961111 0.026882 0.070370
5 0.752199 0.939815 0.022483 0.090741
5 0.769062 0.976389 0.009286 0.045370
5 0.717009 0.531944 0.012708 0.012037
5 0.793988 0.527778 0.033724 0.098148
5 0.778592 0.591204 0.060606 0.056481
5 0.766373 0.681481 0.011730 0.027778
5 0.806696 0.953241 0.017107 0.080556
5 0.803030 0.855093 0.041056 0.060185
5 0.810362 0.827315 0.029326 0.049074
5 0.827713 0.781019 0.035679 0.078704
5 0.830401 0.674537 0.030303 0.058333
5 0.859482 0.981481 0.011241 0.031481
5 0.677664 0.026389 0.030792 0.052778
5 0.720919 0.184259 0.025415 0.062963
5 0.693304 0.231481 0.022972 0.083333
5 0.683284 0.214352 0.016618 0.028704
5 0.693304 0.294444 0.020039 0.062963
5 0.665689 0.306481 0.014663 0.020370
5 0.816960 0.033796 0.034702 0.058333
5 0.838710 0.094907 0.035191 0.050926
5 0.886119 0.071759 0.049853 0.076852
5 0.871212 0.031481 0.012219 0.022222
5 0.883920 0.032407 0.012219 0.018519
5 0.817449 0.169907 0.030792 0.041667
5 0.887097 0.200463 0.048876 0.047222
5 0.870968 0.245370 0.060606 0.042593
5 0.780303 0.309722 0.042522 0.062037
5 0.780059 0.242593 0.026393 0.064815
5 0.804252 0.228241 0.015152 0.063889
5 0.832845 0.292593 0.042033 0.105556
5 0.840176 0.373611 0.032258 0.039815
5 0.903715 0.400463 0.026393 0.049074
5 0.894428 0.494907 0.021505 0.036111
5 0.851906 0.512500 0.012708 0.026852
5 0.856305 0.526389 0.029326 0.026852
5 0.906403 0.572685 0.020039 0.071296
5 0.926442 0.973148 0.014174 0.050000
5 0.891007 0.928241 0.023460 0.056481
5 0.930108 0.877315 0.017595 0.036111
5 0.944037 0.875463 0.014174 0.023148
5 0.925220 0.831481 0.013685 0.044444
4 0.923265 0.401852 0.025415 0.070370
1 0.989980 0.668981 0.019062 0.104630
1 0.986559 0.438426 0.024927 0.097222
5 0.989492 0.371296 0.018084 0.027778
1 0.978250 0.259259 0.042522 0.100000
5 0.976051 0.077778 0.030303 0.057407
5 0.942571 0.114352 0.065982 0.089815
1 0.981916 0.019444 0.035191 0.038889
4 0.195015 0.676852 0.043988 0.062963
5 0.208700 0.646759 0.015640 0.047222