5 0.256354 0.970833 0.032747 0.050926
5 0.569892 0.884722 0.012708 0.050926
5 0.605083 0.843981 0.019550 0.028704
5 0.526882 0.843981 0.043011 0.063889
5 0.533969 0.702778 0.021017 0.033333
5 0.822581 0.674537 0.040078 0.052778
5 0.537146 0.659259 0.020528 0.020370
5 0.060362 0.586111 0.008309 0.066667
5 0.033969 0.568056 0.026882 0.069444
5 0.881720 0.507407 0.019550 0.057407
5 0.821603 0.522222 0.026393 0.037037
5 0.602151 0.526389 0.031281 0.049074
5 0.177175 0.500000 0.022972 0.044444
5 0.821359 0.479630 0.014174 0.014815
5 0.769306 0.435185 0.043988 0.064815
5 0.595064 0.461574 0.018084 0.054630
5 0.696725 0.459722 0.027859 0.058333
5 0.518573 0.470833 0.044966 0.110185
5 0.267351 0.446296 0.046921 0.068519
5 0.779570 0.390278 0.023460 0.065741
5 0.879032 0.369907 0.037634 0.078704
5 0.709677 0.354167 0.059629 0.063889
5 0.004888 0.336574 0.009775 0.060185
3 0.256843 0.307870 0.023949 0.037963
5 0.655670 0.324074 0.055230 0.112963
5 0.876833 0.249074 0.018573 0.024074
5 0.389296 0.258796 0.042522 0.065741
5 0.226784 0.257870 0.018573 0.067593
5 0.041544 0.233796 0.009775 0.028704
5 0.289101 0.233796 0.026882 0.034259
5 0.590665 0.217130 0.033724 0.073148
5 0.651271 0.214815 0.046432 0.092593
5 0.102639 0.150000 0.023460 0.051852
5 0.385875 0.143981 0.012219 0.049074
5 0.062317 0.159722 0.020039 0.025000
5 0.897361 0.146296 0.018573 0.040741
5 0.751711 0.084259 0.032258 0.048148
5 0.822581 0.082870 0.028348 0.026852
5 0.658602 0.058796 0.020039 0.028704
5 0.075513 0.031481 0.015152 0.014815
5 0.400538 0.059259 0.048387 0.118519
5 0.378543 0.013889 0.009286 0.025926
5 0.243402 0.012500 0.015640 0.025000
5 0.021261 0.093519 0.041544 0.075926
5 0.125855 0.081019 0.026882 0.049074
5 0.139052 0.214352 0.033724 0.032407
5 0.271505 0.170833 0.021994 0.036111
5 0.163978 0.038889 0.019062 0.025926
5 0.067937 0.235185 0.012708 0.044444
5 0.319648 0.314815 0.018573 0.044444
5 0.372678 0.125926 0.024927 0.048148
3 0.369501 0.348611 0.016618 0.032407
5 0.393695 0.370370 0.026882 0.037037
5 0.354594 0.357870 0.031769 0.039815
5 0.271750 0.856481 0.022483 0.075926
5 0.314027 0.957407 0.022972 0.042593
5 0.285435 0.810648 0.019550 0.036111
5 0.266618 0.673148 0.018084 0.074074
5 0.280792 0.671296 0.021017 0.035185
5 0.289589 0.663426 0.020039 0.037963
5 0.279814 0.706019 0.033724 0.026852
5 0.376100 0.757407 0.021017 0.037037
5 0.356305 0.816204 0.052786 0.067593
0 0.342620 0.877315 0.054741 0.243519
5 0.390029 0.798611 0.015640 0.054630
5 0.409824 0.671759 0.023949 0.032407
5 0.503421 0.610648 0.063539 0.060185
0 0.405914 0.641204 0.242913 0.591667
5 0.514174 0.973148 0.022483 0.038889
5 0.553519 0.960185 0.040567 0.070370
5 0.523705 0.235185 0.046432 0.081481
5 0.539345 0.190741 0.035679 0.046296
5 0.871945 0.065278 0.032258 0.069444
5 0.877566 0.056944 0.046432 0.037963
5 0.891984 0.038889 0.019550 0.055556
5 0.862414 0.014815 0.045455 0.029630
5 0.749267 0.377778 0.012708 0.044444
5 0.759775 0.256944 0.028837 0.067593
5 0.891740 0.206019 0.036657 0.082407
5 0.954545 0.246296 0.032258 0.066667
5 0.966276 0.288426 0.037146 0.045370
5 0.979472 0.197222 0.039101 0.087037
5 0.985093 0.243981 0.027859 0.039815
5 0.967742 0.321296 0.032258 0.046296
5 0.946481 0.416204 0.049365 0.065741
5 0.915689 0.396296 0.044477 0.094444
5 0.758065 0.475463 0.018573 0.050926
5 0.684506 0.595833 0.058162 0.119444
5 0.676686 0.652778 0.026882 0.037037
5 0.663734 0.678704 0.030303 0.022222
5 0.884409 0.680556 0.023949 0.044444
5 0.935728 0.571759 0.021017 0.056481
5 0.921554 0.589815 0.021017 0.050000
5 0.964076 0.648611 0.033724 0.067593
5 0.986315 0.704630 0.025415 0.072222
5 0.965298 0.741667 0.024438 0.059259
5 0.893451 0.716667 0.036168 0.085185
5 0.842375 0.707407 0.028837 0.050000
5 0.962610 0.798611 0.025904 0.082407
5 0.966031 0.806019 0.044477 0.080556
5 0.977517 0.857870 0.030303 0.060185
5 0.756354 0.900926 0.037634 0.059259
5 0.801564 0.859722 0.043011 0.030556
5 0.848729 0.799074 0.021017 0.046296
5 0.886608 0.887037 0.031281 0.044444
5 0.842375 0.871296 0.021017 0.074074
5 0.838221 0.942130 0.018573 0.039815
5 0.886852 0.933796 0.032747 0.039815
5 0.864614 0.925926 0.068426 0.092593