5 0.245846 0.676389 0.025415 0.043519
5 0.270039 0.724537 0.021017 0.036111
5 0.251955 0.418981 0.026882 0.050926
5 0.280303 0.393056 0.027859 0.071296
5 0.257087 0.286111 0.018573 0.035185
5 0.097996 0.521759 0.019062 0.056481
5 0.100684 0.337963 0.012708 0.024074
5 0.166911 0.959722 0.008309 0.017593
5 0.508553 0.834722 0.025904 0.058333
5 0.473118 0.283333 0.030303 0.037037
4 0.533969 0.143981 0.049365 0.056481
5 0.545210 0.113889 0.021017 0.018519
5 0.698925 0.144907 0.017595 0.032407
5 0.754643 0.161574 0.012708 0.030556
5 0.767107 0.309722 0.015152 0.050926
5 0.754154 0.416204 0.020528 0.037963
5 0.736315 0.755556 0.021994 0.044444
5 0.724340 0.676389 0.022483 0.036111
5 0.972630 0.743519 0.024438 0.037037
5 0.943304 0.714352 0.020528 0.036111
5 0.977028 0.671296 0.021505 0.040741
5 0.979961 0.696759 0.022483 0.026852
5 0.981916 0.770370 0.031281 0.057407
5 0.826246 0.890278 0.021017 0.028704
5 0.935973 0.813426 0.027370 0.041667
5 0.928886 0.797222 0.017107 0.031481
5 0.906158 0.887963 0.013685 0.029630
5 0.944526 0.846759 0.018084 0.041667
5 0.937928 0.599074 0.017595 0.031481
5 0.902737 0.632407 0.007820 0.016667
5 0.904448 0.667593 0.007331 0.022222
5 0.917400 0.496759 0.022483 0.039815
5 0.913490 0.430556 0.017595 0.033333
5 0.941349 0.424537 0.012708 0.036111
5 0.934995 0.342593 0.034213 0.062963
5 0.935973 0.275463 0.018573 0.041667
5 0.914956 0.468519 0.016618 0.035185
5 0.938416 0.202315 0.017595 0.034259
5 0.950147 0.234722 0.013685 0.026852
5 0.992424 0.249074 0.014174 0.038889
5 0.989247 0.297222 0.020528 0.025926
5 0.990469 0.323611 0.016129 0.045370
5 0.886608 0.186574 0.022483 0.041667
5 0.915689 0.005556 0.016129 0.011111
4 0.916911 0.110648 0.032258 0.062037
4 0.921065 0.170833 0.028837 0.049074
4 0.857283 0.171296 0.043011 0.070370
4 0.909580 0.049074 0.025415 0.038889
4 0.862903 0.264815 0.044477 0.055556
2 0.705279 0.016667 0.001955 0.033333
2 0.783724 0.027778 0.002444 0.031481
5 0.750978 0.260185 0.004399 0.027778
0 0.497801 0.073148 0.034702 0.146296
0 0.566716 0.005093 0.022972 0.010185
4 0.264174 0.438426 0.058162 0.039815
0 0.517595 0.593981 0.100684 0.502778
0 0.511241 0.900463 0.214076 0.187963
2 0.547898 0.429167 0.026393 0.026852
2 0.575024 0.490278 0.029814 0.008333
2 0.579668 0.549074 0.056696 0.007407
5 0.458456 0.425000 0.009775 0.020370
2 0.492424 0.354167 0.048387 0.019444
2 0.511486 0.474074 0.030792 0.029630
5 0.248045 0.193056 0.017107 0.028704