1 0.320870 0.132407 0.125611 0.207407
5 0.488025 0.046759 0.044477 0.093519
5 0.175220 0.024074 0.024927 0.046296
5 0.236559 0.009259 0.023460 0.018519
5 0.251222 0.352778 0.018573 0.042593
5 0.347263 0.143981 0.026882 0.030556
5 0.506354 0.365741 0.024438 0.061111
5 0.513685 0.441204 0.028348 0.039815
5 0.602639 0.176852 0.036168 0.066667
5 0.624633 0.340741 0.033236 0.077778
5 0.594330 0.634722 0.041056 0.075000
5 0.541544 0.739815 0.039101 0.051852
5 0.438905 0.703704 0.041056 0.068519
5 0.603617 0.804630 0.031281 0.068519
5 0.659580 0.793981 0.038612 0.086111
5 0.727273 0.542130 0.039101 0.075000
5 0.748534 0.492593 0.034702 0.050000
5 0.746579 0.443519 0.030792 0.046296
3 0.901026 0.466204 0.080645 0.165741
3 0.866325 0.699074 0.219453 0.292593
1 0.833089 0.862037 0.169599 0.155556
1 0.859238 0.185648 0.117302 0.369444
5 0.871212 0.320833 0.034702 0.099074
5 0.927175 0.336111 0.021505 0.077778
5 0.829423 0.393981 0.032258 0.037963
5 0.710655 0.177315 0.017595 0.054630
5 0.948680 0.015741 0.024438 0.022222
1 0.307185 0.840278 0.140274 0.306481
1 0.285435 0.572222 0.182796 0.357407
3 0.222385 0.500000 0.148583 0.300000