5 0.461388 0.061111 0.050831 0.081481
5 0.413245 0.074537 0.024927 0.041667
5 0.517351 0.156944 0.034702 0.062037
5 0.573069 0.264352 0.034702 0.078704
5 0.592131 0.194444 0.030792 0.057407
5 0.539345 0.314815 0.027859 0.070370
5 0.424731 0.370370 0.054741 0.074074
5 0.463343 0.491667 0.029326 0.061111
5 0.585777 0.439815 0.036657 0.050000
5 0.607771 0.468981 0.030792 0.071296
5 0.672776 0.425463 0.022972 0.039815
5 0.587977 0.533796 0.023460 0.050926
2 0.720430 0.582407 0.058651 0.050000
5 0.751222 0.556944 0.044966 0.039815
5 0.731672 0.452778 0.038123 0.081481
5 0.347996 0.388889 0.029326 0.042593
1 0.280303 0.151389 0.081623 0.115741
5 0.276149 0.085185 0.034213 0.081481
1 0.278348 0.328241 0.077713 0.087963
5 0.605083 0.103241 0.036168 0.054630
5 0.675709 0.073148 0.047410 0.092593
1 0.780547 0.281481 0.130010 0.292593
5 0.973363 0.427315 0.046432 0.082407
5 0.867546 0.355556 0.038123 0.059259
5 0.859726 0.643056 0.043988 0.091667
5 0.915934 0.753241 0.024438 0.052778
5 0.920577 0.845833 0.037634 0.084259
5 0.695503 0.823611 0.036168 0.065741
2 0.695503 0.912500 0.040078 0.067593
5 0.736559 0.902315 0.037146 0.073148
5 0.739492 0.747222 0.033236 0.068519
5 0.728006 0.797222 0.024927 0.035185
5 0.638563 0.156481 0.035679 0.057407
5 0.661290 0.201389 0.030303 0.032407
1 0.781036 0.074074 0.160313 0.148148
5 0.932307 0.144444 0.028837 0.050000
5 0.960899 0.268056 0.028348 0.047222
5 0.978739 0.304630 0.026882 0.048148
1 0.269062 0.459259 0.075758 0.183333
1 0.270528 0.663889 0.119746 0.155556
1 0.263441 0.796759 0.135875 0.145370
1 0.257576 0.911111 0.117302 0.153704
5 0.085044 0.265741 0.037146 0.064815
5 0.136852 0.721296 0.034213 0.055556
5 0.096530 0.691667 0.032747 0.051852
5 0.630743 0.017130 0.048387 0.034259
5 0.473118 0.869907 0.028348 0.062037
5 0.595064 0.885185 0.041544 0.064815
5 0.396139 0.713426 0.039589 0.069444
5 0.456500 0.587037 0.018573 0.040741
1 0.771505 0.608796 0.132454 0.230556
1 0.772972 0.782870 0.139296 0.223148
1 0.783480 0.457870 0.135875 0.145370
5 0.888319 0.499537 0.026882 0.052778
5 0.588465 0.757870 0.024438 0.043519
5 0.578201 0.667593 0.026393 0.031481
5 0.573314 0.631019 0.025415 0.032407