5 0.816960 0.986574 0.006354 0.025000
5 0.105327 0.698611 0.007331 0.028704
5 0.971163 0.419444 0.004888 0.016667
5 0.828690 0.395370 0.010264 0.016667
5 0.926197 0.310648 0.007820 0.028704
4 0.053763 0.426389 0.016618 0.069444
5 0.018084 0.398148 0.014663 0.020370
5 0.117791 0.484722 0.010753 0.028704
4 0.466764 0.543519 0.065494 0.083333
0 0.590909 0.952778 0.323558 0.092593
5 0.607038 0.709259 0.032258 0.066667
5 0.650782 0.868981 0.026882 0.073148
0 0.673509 0.140278 0.145650 0.280556
5 0.473118 0.209259 0.021505 0.055556
0 0.522972 0.259259 0.339198 0.496296
0 0.590665 0.696296 0.259531 0.494444