5 0.065249 0.021296 0.052297 0.042593
5 0.039834 0.028704 0.015152 0.025926
2 0.136119 0.016204 0.033724 0.030556
5 0.165689 0.057407 0.025415 0.027778
5 0.054252 0.176389 0.017595 0.047222
5 0.020039 0.254167 0.027370 0.052778
5 0.030303 0.219444 0.017595 0.022222
5 0.019795 0.189352 0.021017 0.036111
5 0.128788 0.186574 0.027859 0.054630
5 0.081623 0.250000 0.017595 0.033333
5 0.058895 0.283796 0.015152 0.025000
5 0.072336 0.338889 0.015640 0.040741
5 0.243646 0.083333 0.023949 0.070370
5 0.187195 0.416667 0.018573 0.050000
5 0.139296 0.386111 0.040078 0.062963
5 0.106305 0.490278 0.017107 0.036111
5 0.138563 0.520833 0.021994 0.069444
5 0.025904 0.522685 0.026393 0.060185
5 0.053275 0.462963 0.014663 0.022222
5 0.115103 0.615278 0.027859 0.045370
5 0.095064 0.574537 0.012219 0.054630
5 0.144184 0.623148 0.028348 0.025926
5 0.074536 0.747685 0.037634 0.071296
5 0.126588 0.694444 0.034213 0.066667
5 0.126833 0.765278 0.022972 0.050926
5 0.144428 0.744907 0.017107 0.058333
5 0.306452 0.931944 0.043988 0.060185
5 0.295210 0.818519 0.047898 0.075926
5 0.295455 0.725926 0.024927 0.040741
5 0.333333 0.699537 0.025415 0.039815
5 0.299120 0.663426 0.029326 0.049074
5 0.312072 0.639352 0.016129 0.021296
5 0.290323 0.500926 0.022483 0.029630
5 0.285191 0.393056 0.021017 0.039815
5 0.277126 0.346296 0.027370 0.038889
5 0.326002 0.301852 0.032258 0.044444
5 0.378543 0.205556 0.026882 0.061111
5 0.362659 0.188426 0.016618 0.034259
5 0.401026 0.443056 0.020039 0.034259
5 0.450147 0.481944 0.034213 0.086111
5 0.380254 0.044907 0.041056 0.062037
5 0.374633 0.088889 0.015152 0.033333
5 0.438661 0.012037 0.030792 0.024074
5 0.476295 0.011111 0.038612 0.022222
5 0.512952 0.084722 0.025904 0.063889
5 0.512463 0.103704 0.021017 0.027778
5 0.595797 0.223611 0.024438 0.049074
5 0.634897 0.215741 0.012708 0.051852
5 0.620235 0.265741 0.032258 0.031481
0 0.641251 0.176852 0.179863 0.353704
5 0.723118 0.087037 0.021994 0.066667
0 0.543744 0.267130 0.340665 0.441667
5 0.536901 0.443056 0.013196 0.062037
5 0.628788 0.365278 0.022972 0.039815
5 0.691838 0.374074 0.049365 0.096296
5 0.669355 0.418056 0.014174 0.028704
5 0.693304 0.425000 0.019062 0.031481
5 0.679374 0.501389 0.035191 0.034259
5 0.674976 0.464352 0.056696 0.071296
5 0.659824 0.618056 0.035191 0.032407
5 0.630987 0.569444 0.044966 0.100000
0 0.604350 0.575000 0.239003 0.444444
5 0.421065 0.700463 0.022972 0.043519
5 0.441593 0.685648 0.020039 0.062037
5 0.452835 0.656019 0.020039 0.030556
5 0.472630 0.625000 0.021505 0.031481
5 0.419599 0.641667 0.053275 0.088889
5 0.432307 0.580556 0.013196 0.016667
5 0.590176 0.828704 0.036657 0.085185
5 0.609482 0.852315 0.011730 0.039815
5 0.685484 0.841667 0.033724 0.087037
5 0.635630 0.732870 0.050342 0.050926
5 0.664712 0.746759 0.024438 0.045370
0 0.596285 0.897685 0.232649 0.199074
5 0.598240 0.976389 0.053763 0.036111
5 0.737537 0.837963 0.019550 0.031481
5 0.756354 0.893519 0.057185 0.057407
5 0.755376 0.847222 0.015152 0.029630
5 0.778348 0.653241 0.034702 0.026852
5 0.933040 0.907870 0.024438 0.049074
5 0.967742 0.862963 0.032258 0.083333
5 0.993646 0.892130 0.011730 0.047222
5 0.942571 0.815741 0.049365 0.024074
5 0.914223 0.875926 0.030792 0.031481
5 0.872434 0.975000 0.020528 0.042593
5 0.942326 0.717130 0.094819 0.171296
5 0.860215 0.737500 0.019550 0.041667
5 0.864125 0.698148 0.025415 0.037037
5 0.827713 0.665741 0.026882 0.055556
5 0.845064 0.668519 0.007820 0.053704
5 0.867302 0.668056 0.028837 0.034259
3 0.885630 0.687500 0.027370 0.036111
5 0.885630 0.633333 0.031281 0.057407
5 0.886852 0.599537 0.020039 0.036111
5 0.985093 0.606944 0.028837 0.062037
5 0.973118 0.553704 0.019550 0.037037
5 0.773705 0.507407 0.028348 0.031481
5 0.772483 0.453704 0.027859 0.053704
5 0.794721 0.446296 0.011730 0.037037
5 0.783236 0.388426 0.025904 0.030556
5 0.786413 0.415741 0.013685 0.020370
5 0.843597 0.340741 0.017595 0.035185
5 0.902981 0.416204 0.038612 0.073148
5 0.968719 0.369907 0.027370 0.039815
5 0.928886 0.356481 0.029814 0.027778
5 0.929863 0.287037 0.036657 0.055556
5 0.888807 0.296296 0.012219 0.031481
5 0.877810 0.239352 0.034213 0.047222
5 0.909580 0.254630 0.027370 0.040741
5 0.906647 0.206944 0.038123 0.045370
5 0.854839 0.121759 0.032258 0.037963
5 0.941838 0.143519 0.037146 0.068519
5 0.961877 0.146296 0.010753 0.024074
5 0.990225 0.137037 0.017595 0.053704
5 0.953568 0.100000 0.011730 0.033333
5 0.970919 0.099074 0.023949 0.035185
5 0.880499 0.027315 0.037634 0.043519
5 0.923998 0.030556 0.029814 0.061111
5 0.945259 0.028704 0.030303 0.057407
5 0.920088 0.060185 0.011241 0.024074
5 0.793500 0.020833 0.038612 0.041667
5 0.440127 0.228704 0.008309 0.025926
5 0.481916 0.888889 0.015640 0.029630
5 0.239003 0.593056 0.024438 0.023148
5 0.264907 0.654167 0.015640 0.015741
5 0.191838 0.593981 0.011241 0.021296