5 0.563294 0.906019 0.016129 0.012037
5 0.201857 0.892593 0.009775 0.033333
5 0.584066 0.831944 0.014663 0.015741
5 0.731672 0.566667 0.012708 0.025926
5 0.941838 0.530093 0.018573 0.041667
5 0.454790 0.235185 0.015152 0.037037
5 0.778592 0.237963 0.030303 0.055556
5 0.563294 0.052315 0.013196 0.025000
5 0.703324 0.055556 0.018573 0.031481
1 0.294477 0.098148 0.077713 0.196296
1 0.282991 0.374537 0.175953 0.206481
1 0.301075 0.573611 0.170088 0.175000
1 0.261241 0.696296 0.176442 0.150000
1 0.297165 0.880556 0.165200 0.107407
1 0.278592 0.963426 0.151515 0.071296
5 0.440371 0.695370 0.077224 0.174074
5 0.454545 0.790278 0.019550 0.012037
5 0.603128 0.979167 0.016618 0.034259
5 0.691105 0.943981 0.015640 0.028704
4 0.681085 0.957870 0.012219 0.025000
5 0.616325 0.406944 0.008798 0.019444
5 0.578446 0.391667 0.016129 0.029630
4 0.565494 0.446759 0.048876 0.091667
1 0.802786 0.024074 0.051320 0.048148
1 0.812561 0.115741 0.098240 0.231481
1 0.793255 0.324074 0.160313 0.159259
3 0.850196 0.424074 0.097263 0.214815
1 0.804008 0.515278 0.145650 0.171296
1 0.787146 0.659259 0.167644 0.148148
1 0.842620 0.790278 0.127077 0.230556
1 0.815005 0.917130 0.056207 0.163889
3 0.819159 0.959722 0.093842 0.076852
3 0.860704 0.909259 0.043011 0.146296