0 0.601173 0.825000 0.247312 0.340741
5 0.386364 0.714352 0.047410 0.086111
5 0.083822 0.198148 0.039589 0.081481
5 0.335288 0.113426 0.024438 0.063889
5 0.326002 0.024074 0.038123 0.046296
5 0.381720 0.013889 0.036168 0.016667
5 0.038612 0.025463 0.025415 0.041667
5 0.690616 0.137963 0.054741 0.085185
5 0.772727 0.149537 0.018573 0.041667
5 0.820381 0.096759 0.019062 0.041667
5 0.077468 0.609259 0.035679 0.037037
5 0.297165 0.767593 0.033236 0.046296
5 0.701369 0.504630 0.036168 0.074074
5 0.891740 0.520833 0.021994 0.067593
5 0.983627 0.705093 0.026882 0.075000
5 0.984604 0.500463 0.023949 0.065741
5 0.948192 0.015741 0.042033 0.031481
5 0.327224 0.976389 0.035679 0.037963
0 0.590909 0.506944 0.428152 0.426852
0 0.628055 0.236111 0.395894 0.466667
5 0.685973 0.869444 0.034702 0.085185