5 0.772483 0.981944 0.013196 0.034259
5 0.074291 0.923611 0.014663 0.030556
5 0.372190 0.812500 0.010264 0.034259
5 0.347019 0.798611 0.024438 0.037963
5 0.458456 0.798148 0.007820 0.027778
5 0.013930 0.788889 0.012219 0.029630
5 0.172287 0.779630 0.017107 0.031481
5 0.054497 0.771296 0.021017 0.027778
5 0.236315 0.729167 0.008309 0.017593
5 0.670821 0.723148 0.011241 0.035185
5 0.238759 0.706944 0.011241 0.015741
5 0.867058 0.680556 0.016618 0.037037
5 0.354839 0.700463 0.014663 0.039815
5 0.376833 0.689815 0.025415 0.031481
5 0.742913 0.673148 0.035191 0.037037
5 0.382454 0.659722 0.021017 0.045370
5 0.777615 0.638426 0.035191 0.050926
2 0.599218 0.603241 0.048876 0.013889
5 0.331623 0.597222 0.015152 0.012963
5 0.755376 0.598148 0.014174 0.051852
5 0.390029 0.565741 0.018573 0.038889
2 0.276149 0.550926 0.022483 0.031481
5 0.195992 0.539352 0.017595 0.045370
5 0.623167 0.528241 0.014663 0.043519
5 0.334555 0.499537 0.022972 0.037963
5 0.097019 0.509722 0.048387 0.060185
5 0.761241 0.487037 0.010264 0.033333
5 0.748534 0.474074 0.007331 0.018519
5 0.815982 0.464815 0.018084 0.025926
5 0.193060 0.480093 0.026393 0.058333
5 0.166911 0.470370 0.025904 0.044444
5 0.400293 0.408796 0.016618 0.039815
2 0.142962 0.350926 0.031769 0.048148
5 0.371701 0.346296 0.044477 0.057407
5 0.092131 0.273148 0.025904 0.022222
5 0.340909 0.260648 0.021994 0.045370
5 0.739980 0.241667 0.021505 0.048148
5 0.347752 0.220370 0.019062 0.055556
5 0.863881 0.207870 0.020039 0.030556
5 0.955279 0.196759 0.010264 0.026852
2 0.212366 0.200926 0.026882 0.037037
5 0.639785 0.176389 0.026393 0.032407
5 0.475318 0.181019 0.023949 0.041667
5 0.918377 0.173611 0.023460 0.037963
5 0.211877 0.154167 0.011241 0.023148
5 0.458700 0.131944 0.014174 0.019444
5 0.438172 0.132407 0.018084 0.020370
5 0.403226 0.126852 0.023460 0.018519
5 0.252688 0.137963 0.036168 0.040741
5 0.778592 0.112037 0.023460 0.040741
5 0.469697 0.054167 0.057674 0.076852
5 0.759775 0.022222 0.014174 0.027778
5 0.282258 0.050926 0.044477 0.079630
5 0.915445 0.018056 0.009775 0.036111
5 0.785191 0.013889 0.018084 0.027778
2 0.036901 0.417593 0.043500 0.062963
5 0.017595 0.462963 0.026393 0.055556
2 0.255376 0.579167 0.014174 0.026852
5 0.272972 0.626389 0.053275 0.071296
5 0.513196 0.024074 0.044966 0.048148
5 0.525660 0.061111 0.030792 0.024074
5 0.467009 0.260185 0.030792 0.035185
5 0.485826 0.290278 0.018573 0.062037
5 0.382209 0.293981 0.018573 0.034259
5 0.524438 0.449537 0.029326 0.036111
5 0.493646 0.418519 0.033236 0.072222
5 0.472630 0.569444 0.013685 0.055556
5 0.487537 0.575463 0.021994 0.045370
5 0.419599 0.505556 0.011241 0.027778
5 0.404203 0.499537 0.015640 0.047222
5 0.393939 0.507407 0.011730 0.044444
5 0.433529 0.397685 0.023460 0.058333
5 0.451613 0.420833 0.036168 0.069444
5 0.685239 0.790741 0.021505 0.046296
5 0.692082 0.763426 0.013685 0.036111
5 0.484360 0.830556 0.029326 0.048148
5 0.476540 0.784259 0.031281 0.048148
5 0.439883 0.987963 0.012708 0.016667
5 0.482405 0.987500 0.011730 0.021296
1 0.583333 0.692593 0.174487 0.174074
1 0.582356 0.887037 0.205767 0.224074
5 0.612170 0.939815 0.019062 0.055556
5 0.753666 0.982407 0.018573 0.033333
5 0.724340 0.950463 0.018573 0.030556
5 0.951369 0.975463 0.022972 0.045370
5 0.958211 0.817130 0.025904 0.036111
5 0.969208 0.789815 0.011730 0.035185
5 0.903470 0.866204 0.022972 0.034259
5 0.939150 0.058796 0.018084 0.052778
5 0.967498 0.015741 0.015152 0.029630
5 0.820626 0.131019 0.012708 0.034259
5 0.840176 0.143981 0.030303 0.073148
5 0.865836 0.115741 0.021994 0.085185
2 0.875855 0.082407 0.009775 0.068519
5 0.694770 0.437963 0.022972 0.059259
5 0.676686 0.449537 0.022972 0.050926
5 0.719697 0.391667 0.022972 0.044444
5 0.736804 0.403241 0.021994 0.052778
5 0.734848 0.437037 0.012219 0.025926
5 0.734848 0.329167 0.040567 0.086111
5 0.744379 0.288426 0.012708 0.026852
5 0.757331 0.306944 0.016129 0.034259
5 0.752199 0.522685 0.015640 0.030556
5 0.770039 0.522222 0.016129 0.035185
5 0.544966 0.158333 0.015640 0.044444
1 0.593353 0.049537 0.078201 0.099074
5 0.642962 0.032407 0.019062 0.064815
1 0.599218 0.210185 0.115347 0.231481
1 0.603617 0.371296 0.112414 0.224074
5 0.750978 0.762963 0.051320 0.087037
5 0.747067 0.796296 0.040567 0.037037
5 0.952835 0.755556 0.015152 0.025926
5 0.894428 0.377315 0.036168 0.091667
5 0.892229 0.438426 0.037634 0.060185
5 0.907869 0.535648 0.008309 0.023148
5 0.846530 0.470833 0.017595 0.023148
5 0.845797 0.447685 0.019062 0.021296
5 0.859971 0.454167 0.006354 0.032407
5 0.814761 0.325926 0.016618 0.035185
5 0.817693 0.294444 0.016618 0.029630
5 0.841642 0.317593 0.041056 0.100000
2 0.985337 0.674074 0.027370 0.024074
2 0.967986 0.621296 0.057185 0.064815
5 0.961632 0.588426 0.018084 0.030556
5 0.991935 0.570370 0.015152 0.024074
5 0.971896 0.420833 0.026882 0.073148
5 0.996334 0.421759 0.006354 0.023148
5 0.968475 0.315278 0.021994 0.036111
5 0.992913 0.312037 0.013196 0.020370
5 0.817937 0.873148 0.027859 0.064815
5 0.824291 0.801389 0.014174 0.030556
5 0.841153 0.789352 0.049853 0.115741
5 0.775415 0.839352 0.020039 0.036111