5 0.353861 0.944444 0.018573 0.020370
5 0.342375 0.912963 0.031769 0.055556
5 0.875855 0.845370 0.023460 0.031481
5 0.933284 0.844444 0.017107 0.050000
5 0.070870 0.814815 0.013685 0.035185
5 0.665689 0.817130 0.031281 0.047222
5 0.760997 0.769907 0.033236 0.047222
5 0.662757 0.754630 0.020528 0.048148
5 0.589687 0.753704 0.049365 0.111111
5 0.042522 0.680093 0.035191 0.037963
5 0.348729 0.689815 0.045455 0.062963
5 0.003910 0.672685 0.007820 0.043519
5 0.050587 0.612963 0.029814 0.035185
5 0.346530 0.555556 0.023460 0.035185
5 0.319159 0.501852 0.009775 0.064815
5 0.465787 0.528704 0.044966 0.070370
5 0.669844 0.518056 0.038612 0.065741
5 0.042033 0.503704 0.024438 0.033333
5 0.379277 0.485185 0.024438 0.031481
5 0.897605 0.420370 0.023949 0.027778
5 0.832600 0.409722 0.036657 0.043519
5 0.475806 0.416667 0.014174 0.055556
5 0.740714 0.376389 0.021017 0.025000
5 0.972874 0.334259 0.017107 0.040741
5 0.497312 0.339352 0.047410 0.112037
5 0.816716 0.265741 0.023460 0.055556
5 0.357038 0.236111 0.043500 0.083333
5 0.974340 0.187963 0.028837 0.050000
5 0.738270 0.180556 0.013196 0.042593
5 0.766862 0.147685 0.007820 0.015741
5 0.446725 0.131019 0.039101 0.102778
5 0.642717 0.119907 0.025415 0.060185
5 0.874633 0.098611 0.011241 0.023148
5 0.223118 0.070370 0.032747 0.048148
5 0.896139 0.055556 0.026882 0.016667
5 0.392229 0.044907 0.013196 0.015741
5 0.139541 0.035185 0.016129 0.020370
5 0.465787 0.035648 0.032258 0.036111
5 0.552297 0.016667 0.025415 0.033333
5 0.422776 0.021759 0.024438 0.041667
5 0.075269 0.162500 0.037146 0.069444
5 0.070381 0.100463 0.025415 0.052778
5 0.188416 0.122222 0.027859 0.079630
5 0.244868 0.143981 0.021505 0.036111
5 0.154203 0.184722 0.018084 0.032407
5 0.180596 0.243981 0.015152 0.025000
5 0.232160 0.312037 0.027370 0.048148
5 0.206256 0.378241 0.024438 0.052778
5 0.242424 0.445833 0.020528 0.028704
5 0.162512 0.442593 0.010264 0.042593
5 0.138807 0.443519 0.013685 0.035185
5 0.162512 0.373611 0.020039 0.032407
5 0.128788 0.302778 0.033724 0.072222
5 0.081867 0.307407 0.016129 0.033333
5 0.294966 0.066204 0.012219 0.037963
5 0.083822 0.511111 0.042522 0.094444
5 0.363148 0.422222 0.020528 0.033333
5 0.061339 0.363889 0.021017 0.031481
5 0.057429 0.402315 0.037634 0.076852
5 0.115347 0.758333 0.029326 0.077778
5 0.139052 0.795833 0.012219 0.052778
5 0.025415 0.843519 0.034213 0.046296
5 0.508553 0.079630 0.031769 0.025926
5 0.479961 0.145370 0.021505 0.038889
5 0.442571 0.235648 0.024927 0.039815
5 0.402981 0.215278 0.041544 0.063889
5 0.481916 0.273148 0.025415 0.061111
5 0.619746 0.486111 0.034213 0.048148
5 0.605572 0.527315 0.041056 0.067593
5 0.459189 0.379630 0.012219 0.020370
5 0.259531 0.727315 0.022483 0.045370
5 0.434751 0.613426 0.025904 0.025000
5 0.404692 0.573148 0.013685 0.037037
0 0.507820 0.802778 0.253177 0.392593
5 0.569892 0.890278 0.059629 0.049074
5 0.590420 0.960185 0.027370 0.072222
5 0.521750 0.852778 0.054252 0.068519
5 0.456256 0.609722 0.023949 0.037963
5 0.473118 0.637500 0.026393 0.036111
5 0.727028 0.534722 0.044477 0.063889
5 0.732405 0.488889 0.022972 0.025926
5 0.728495 0.631019 0.053275 0.102778
5 0.755132 0.639352 0.010753 0.026852
5 0.782014 0.672685 0.047898 0.060185
5 0.717253 0.975463 0.025904 0.012037
5 0.731672 0.953704 0.024438 0.024074
5 0.742180 0.899537 0.058162 0.106481
5 0.819648 0.792130 0.004888 0.045370
5 0.816716 0.692593 0.007820 0.038889
5 0.841642 0.708796 0.016618 0.065741
5 0.830645 0.754630 0.037634 0.055556
5 0.939394 0.712037 0.038123 0.083333
5 0.870235 0.981481 0.040567 0.035185
5 0.922532 0.991667 0.007331 0.014815
5 0.984115 0.907870 0.017107 0.052778
5 0.968964 0.920370 0.011241 0.048148
5 0.940860 0.586574 0.015640 0.025000
5 0.958456 0.547685 0.033236 0.071296
5 0.963832 0.491667 0.015640 0.037037
5 0.851173 0.275463 0.019062 0.039815
5 0.901760 0.253241 0.038123 0.039815
5 0.950147 0.278704 0.007820 0.012963
5 0.965543 0.250926 0.042522 0.072222
5 0.980450 0.038426 0.024438 0.045370
5 0.960655 0.051852 0.050342 0.066667
5 0.941349 0.082407 0.045943 0.031481
5 0.953324 0.120833 0.021994 0.043519
5 0.927908 0.156481 0.044477 0.068519
5 0.945015 0.203241 0.014174 0.023148
5 0.897605 0.139352 0.021017 0.050926
5 0.915445 0.203704 0.056696 0.064815
5 0.941105 0.361111 0.041544 0.040741
5 0.947214 0.326389 0.021505 0.023148
5 0.945015 0.413426 0.027859 0.056481
5 0.951124 0.406481 0.038123 0.044444
5 0.964321 0.379630 0.019550 0.042593
5 0.835288 0.572222 0.013685 0.057407
5 0.817449 0.599537 0.025904 0.049074
5 0.959433 0.732407 0.013685 0.042593
5 0.971163 0.737500 0.013685 0.078704
5 0.989247 0.756019 0.020528 0.054630