5 0.454790 0.040278 0.040567 0.056481
0 0.595797 0.128704 0.184751 0.255556
5 0.570626 0.144907 0.029814 0.050926
0 0.513196 0.372222 0.259042 0.272222
5 0.503910 0.743981 0.033236 0.065741
5 0.342375 0.733333 0.031769 0.061111
5 0.825024 0.239352 0.037146 0.082407
5 0.752933 0.091667 0.024927 0.055556
5 0.660068 0.038889 0.030792 0.037037
5 0.799853 0.432870 0.021994 0.041667
5 0.893695 0.627778 0.032747 0.061111
5 0.966764 0.496759 0.025415 0.058333
5 0.955279 0.358333 0.034702 0.050000
5 0.928152 0.448611 0.022483 0.028704
5 0.608749 0.421296 0.022972 0.044444
5 0.800342 0.921296 0.033724 0.050000
5 0.811828 0.969907 0.038123 0.037963
5 0.491447 0.835185 0.027859 0.046296
5 0.053763 0.830093 0.039101 0.062037
5 0.014418 0.799537 0.025904 0.043519
5 0.013930 0.532870 0.021994 0.043519
5 0.071114 0.277778 0.041544 0.070370
5 0.367058 0.378241 0.024438 0.028704
5 0.370235 0.177315 0.038612 0.041667
5 0.316227 0.062963 0.030303 0.059259
2 0.508309 0.490278 0.038123 0.187963
5 0.547410 0.064815 0.018573 0.044444
5 0.665200 0.816667 0.031281 0.044444
0 0.593597 0.695833 0.162757 0.497222
0 0.585288 0.928241 0.189150 0.134259