5 0.301808 0.983333 0.019062 0.031481
5 0.180596 0.932407 0.010264 0.031481
5 0.430596 0.944444 0.021505 0.062963
1 0.984360 0.954167 0.030303 0.089815
5 0.893206 0.885185 0.013196 0.053704
5 0.860948 0.854167 0.018084 0.052778
5 0.058651 0.845370 0.022483 0.074074
5 0.361193 0.835648 0.018573 0.026852
5 0.380010 0.784722 0.034702 0.034259
5 0.630499 0.757870 0.026393 0.050926
4 0.100440 0.768056 0.027859 0.015741
5 0.741691 0.739815 0.009286 0.031481
5 0.946481 0.721759 0.031769 0.050926
5 0.326735 0.721296 0.035679 0.053704
1 0.987537 0.742130 0.023949 0.067593
5 0.782747 0.706944 0.057185 0.080556
5 0.900538 0.656019 0.013196 0.021296
5 0.905181 0.621759 0.030303 0.036111
1 0.990714 0.625000 0.017595 0.074074
5 0.039345 0.537963 0.016129 0.031481
5 0.774927 0.562963 0.069892 0.144444
5 0.930596 0.463889 0.019550 0.050000
5 0.644184 0.425926 0.028348 0.061111
5 0.475562 0.353241 0.043988 0.100926
5 0.370723 0.280093 0.018084 0.041667
5 0.729717 0.283796 0.055718 0.102778
5 0.380254 0.123611 0.040078 0.045370
5 0.943793 0.139815 0.031281 0.046296
5 0.786413 0.136574 0.025415 0.076852
5 0.054985 0.115741 0.021017 0.027778
5 0.673754 0.144444 0.059140 0.096296
5 0.235826 0.121296 0.048387 0.055556
5 0.202590 0.129167 0.021017 0.076852
1 0.991691 0.080093 0.015640 0.045370
5 0.945992 0.054630 0.037634 0.055556
1 0.555963 0.030556 0.036657 0.061111
5 0.055963 0.271296 0.021017 0.033333
5 0.066471 0.247222 0.021505 0.033333
5 0.085044 0.245833 0.028348 0.015741
5 0.039345 0.391204 0.014174 0.065741
5 0.034702 0.832407 0.030303 0.044444
5 0.221652 0.593519 0.063050 0.092593
5 0.181085 0.556481 0.034702 0.070370
5 0.124389 0.288426 0.048387 0.049074
5 0.109238 0.530093 0.018084 0.065741
5 0.293988 0.917130 0.074780 0.076852
5 0.317693 0.773611 0.039101 0.054630
5 0.315738 0.655093 0.017595 0.095370
5 0.326491 0.628704 0.029326 0.061111
5 0.451857 0.558333 0.059140 0.074074
5 0.449413 0.417593 0.023949 0.025926
5 0.492669 0.883333 0.037146 0.081481
5 0.675709 0.933333 0.051320 0.127778
5 0.707722 0.978241 0.024438 0.041667
5 0.962366 0.415278 0.016618 0.037963
5 0.895894 0.543056 0.047898 0.076852
5 0.859238 0.366204 0.028348 0.125000
5 0.845064 0.355093 0.031281 0.043519
5 0.290078 0.326852 0.022972 0.098148
5 0.363392 0.011111 0.029814 0.018519
5 0.400782 0.014815 0.048876 0.029630
1 0.534946 0.935648 0.088465 0.123148
1 0.563294 0.850463 0.076735 0.252778
1 0.546432 0.688889 0.168133 0.168519
5 0.598485 0.558333 0.047410 0.075926
1 0.555963 0.555556 0.102151 0.183333
1 0.555718 0.408333 0.083089 0.111111
1 0.543988 0.306944 0.119257 0.260185
1 0.566227 0.184259 0.107038 0.238889
1 0.985826 0.232407 0.026393 0.088889