5 0.006109 0.711111 0.011241 0.044444
5 0.107771 0.874537 0.019062 0.021296
5 0.021505 0.609259 0.022483 0.020370
5 0.116080 0.559722 0.017107 0.060185
5 0.180352 0.521296 0.026393 0.031481
5 0.145161 0.651852 0.018573 0.037037
5 0.135142 0.198611 0.023949 0.030556
5 0.274682 0.274074 0.020528 0.057407
5 0.347752 0.277315 0.025904 0.037963
5 0.290811 0.148148 0.023460 0.035185
1 0.246823 0.319444 0.037146 0.083333
1 0.250244 0.873148 0.203324 0.172222
1 0.253177 0.965278 0.168133 0.067593
1 0.252933 0.670833 0.060117 0.221296
1 0.231183 0.566667 0.102639 0.255556
1 0.234115 0.412500 0.123167 0.073148
5 0.286901 0.469907 0.031281 0.032407
5 0.279814 0.586111 0.015152 0.033333
5 0.293500 0.603704 0.016129 0.029630
5 0.413490 0.575926 0.017595 0.083333
5 0.401760 0.945833 0.025415 0.041667
5 0.391984 0.981481 0.011730 0.027778
5 0.412512 0.100926 0.025415 0.037037
5 0.412757 0.030556 0.025904 0.037037
5 0.476295 0.942593 0.024927 0.037037
5 0.457478 0.785185 0.024438 0.051852
5 0.450635 0.850926 0.024438 0.044444
5 0.519550 0.960648 0.050831 0.075000
5 0.459922 0.411111 0.068426 0.062963
5 0.454057 0.475463 0.019550 0.030556
5 0.534946 0.439815 0.042522 0.048148
5 0.642473 0.273611 0.052297 0.095370
5 0.558407 0.331019 0.021994 0.054630
5 0.495112 0.159259 0.031281 0.031481
5 0.500489 0.201389 0.013685 0.030556
5 0.618280 0.167130 0.012708 0.034259
5 0.555718 0.710185 0.020528 0.027778
5 0.567204 0.746296 0.016129 0.029630
5 0.533969 0.763889 0.013196 0.042593
1 0.767351 0.935648 0.086022 0.121296
1 0.787390 0.087037 0.117302 0.174074
5 0.778592 0.179167 0.030303 0.063889
5 0.826246 0.212500 0.063050 0.082407
5 0.815982 0.225463 0.014174 0.067593
1 0.751222 0.445833 0.090909 0.165741
5 0.729717 0.463889 0.028348 0.048148
5 0.814516 0.450926 0.021994 0.044444
5 0.858016 0.552315 0.036657 0.071296
5 0.898094 0.654630 0.023949 0.053704
5 0.829668 0.911111 0.019062 0.020370
5 0.881232 0.863426 0.022483 0.043519
5 0.907136 0.969444 0.020528 0.048148
5 0.669355 0.507870 0.011241 0.030556
5 0.755132 0.275463 0.010753 0.041667
5 0.781281 0.356481 0.022972 0.035185
5 0.993402 0.073611 0.010264 0.049074
5 0.962121 0.138889 0.043500 0.064815
5 0.923509 0.190741 0.027859 0.079630
5 0.910557 0.256944 0.027370 0.112037
5 0.888319 0.314815 0.023949 0.122222
5 0.953568 0.232407 0.027370 0.059259
5 0.963099 0.308333 0.040567 0.140741
5 0.941593 0.346759 0.047410 0.156481
5 0.919844 0.362500 0.017595 0.034259
5 0.959433 0.451389 0.034213 0.050926
5 0.935239 0.474074 0.033724 0.042593
5 0.960899 0.814815 0.012708 0.042593
5 0.991691 0.764352 0.013685 0.050926
5 0.962610 0.720833 0.036657 0.078704
5 0.947703 0.678704 0.067449 0.209259
5 0.074780 0.943056 0.007820 0.023148
4 0.311828 0.513426 0.036168 0.067593
4 0.350929 0.706944 0.038123 0.073148
5 0.281036 0.705093 0.017595 0.041667
5 0.977028 0.626852 0.015640 0.040741