5 0.067449 0.975926 0.035191 0.046296
5 0.434018 0.743981 0.038123 0.062037
5 0.820137 0.671296 0.023460 0.044444
5 0.170577 0.628241 0.018573 0.021296
5 0.451369 0.565278 0.018084 0.034259
5 0.341642 0.534259 0.035191 0.072222
5 0.107283 0.465278 0.017107 0.032407
5 0.740958 0.460648 0.059629 0.086111
5 0.801564 0.423611 0.012708 0.012037
5 0.694037 0.414815 0.053763 0.061111
5 0.882942 0.400463 0.042522 0.065741
5 0.505376 0.308796 0.026393 0.037963
5 0.493402 0.236111 0.022972 0.055556
5 0.320137 0.260185 0.063539 0.153704
5 0.120479 0.160648 0.021017 0.021296
5 0.068671 0.143519 0.038612 0.022222
5 0.478495 0.119444 0.030303 0.059259
5 0.514663 0.124537 0.035191 0.073148
0 0.627566 0.087037 0.259042 0.174074
0 0.534457 0.541667 0.364125 0.431481
5 0.602395 0.691667 0.169599 0.253704
0 0.669355 0.850463 0.384653 0.293519