5 0.015396 0.202315 0.016129 0.034259
5 0.098974 0.285648 0.055230 0.086111
5 0.042522 0.692130 0.012708 0.030556
5 0.167400 0.623611 0.013196 0.028704
5 0.449413 0.664815 0.028837 0.074074
5 0.526637 0.661111 0.021017 0.046296
5 0.509042 0.268519 0.046432 0.044444
5 0.894673 0.166204 0.009286 0.010185
5 0.931329 0.141204 0.028837 0.054630
5 0.956745 0.503241 0.028837 0.047222
5 0.952590 0.549074 0.009775 0.031481
5 0.845308 0.828704 0.011241 0.027778
5 0.935484 0.864352 0.042033 0.086111
5 0.955034 0.912500 0.018573 0.047222
5 0.976295 0.341667 0.015152 0.022222
5 0.993157 0.259259 0.012708 0.051852
5 0.837243 0.672222 0.048876 0.103704
0 0.604106 0.260185 0.174976 0.475926
5 0.533969 0.382870 0.026882 0.017593
0 0.621212 0.856481 0.272727 0.281481
0 0.632698 0.658796 0.297654 0.537963
5 0.728739 0.751852 0.014663 0.020370
5 0.534702 0.652778 0.014663 0.027778
0 0.612903 0.167593 0.075269 0.335185