5 0.295943 0.308796 0.031769 0.087963
5 0.345797 0.956481 0.024927 0.077778
5 0.173754 0.876389 0.021994 0.087963
5 0.632942 0.469444 0.012708 0.035185
5 0.717498 0.535185 0.017595 0.031481
5 0.766862 0.475463 0.048876 0.110185
5 0.827468 0.692593 0.013685 0.100000
5 0.595797 0.800926 0.036168 0.070370
5 0.678397 0.957870 0.025415 0.075000
5 0.800587 0.949537 0.015640 0.041667
5 0.587488 0.225463 0.024438 0.039815
5 0.597263 0.195370 0.023460 0.027778
5 0.113392 0.773148 0.012708 0.035185
5 0.045455 0.500000 0.023460 0.035185
0 0.382454 0.074074 0.341642 0.148148
0 0.418377 0.330093 0.261975 0.660185
0 0.392473 0.929630 0.071359 0.138889
0 0.534946 0.899074 0.114858 0.196296
5 0.264174 0.831019 0.051320 0.063889
0 0.401760 0.702778 0.296188 0.590741