5 0.164467 0.189352 0.021994 0.036111
5 0.169844 0.778241 0.015152 0.039815
5 0.410557 0.913889 0.034213 0.055556
5 0.295210 0.950926 0.031281 0.057407
1 0.239980 0.725926 0.114370 0.311111
5 0.150049 0.862037 0.013685 0.033333
5 0.294233 0.568056 0.018573 0.037963
5 0.309384 0.565741 0.029326 0.061111
5 0.352884 0.057407 0.018573 0.044444
1 0.213587 0.056944 0.116325 0.113889
1 0.208700 0.185648 0.117302 0.237963
1 0.256598 0.278241 0.155425 0.137963
1 0.213587 0.389352 0.122190 0.219444
5 0.441838 0.768519 0.016618 0.038889
5 0.433284 0.750926 0.009286 0.016667
5 0.510020 0.856944 0.017107 0.030556
5 0.419844 0.626852 0.020528 0.050000
5 0.434751 0.507407 0.028837 0.046296
5 0.455279 0.450000 0.014174 0.016667
5 0.475318 0.438889 0.035679 0.038889
5 0.477517 0.479630 0.044966 0.068519
5 0.401760 0.105556 0.022483 0.046296
5 0.510753 0.079167 0.014663 0.023148
4 0.539834 0.160648 0.062072 0.121296
5 0.539589 0.396759 0.026393 0.026852
5 0.549365 0.556481 0.015640 0.037037
5 0.588954 0.494444 0.021505 0.038889
5 0.528348 0.725000 0.006843 0.020370
5 0.564761 0.889352 0.017107 0.036111
5 0.669844 0.808796 0.016129 0.032407
5 0.634653 0.712963 0.018084 0.027778
5 0.639541 0.614815 0.027859 0.035185
5 0.646383 0.601389 0.017107 0.037963
5 0.695748 0.567130 0.017107 0.032407
5 0.691593 0.581944 0.008798 0.028704
5 0.637097 0.568981 0.021994 0.039815
5 0.635630 0.564352 0.022972 0.052778
5 0.660068 0.494444 0.020039 0.040741
5 0.670821 0.417593 0.018084 0.046296
5 0.676931 0.350000 0.011730 0.018519
5 0.658847 0.104167 0.037146 0.062037
4 0.648094 0.013889 0.010753 0.027778
5 0.853617 0.051852 0.018084 0.040741
5 0.912268 0.056481 0.017107 0.031481
5 0.881232 0.068981 0.025415 0.043519
5 0.960166 0.144444 0.017107 0.031481
5 0.956989 0.209722 0.014663 0.047222
5 0.914956 0.224074 0.022483 0.029630
5 0.780792 0.234259 0.024927 0.031481
5 0.912512 0.431944 0.015640 0.028704
5 0.936706 0.616204 0.013196 0.034259
5 0.978495 0.602778 0.016618 0.033333
5 0.942815 0.560648 0.017595 0.019444
5 0.956500 0.743981 0.028348 0.043519
5 0.971652 0.313426 0.012708 0.032407
5 0.801808 0.801852 0.037634 0.059259
5 0.771017 0.532870 0.018084 0.030556
5 0.770528 0.083796 0.183284 0.167593
1 0.703812 0.015278 0.012708 0.030556
2 0.700880 0.035185 0.037146 0.070370
1 0.717253 0.350926 0.134409 0.324074
5 0.754643 0.331481 0.021505 0.022222
5 0.711877 0.242130 0.022972 0.019444
5 0.748534 0.718056 0.025904 0.036111
1 0.729472 0.818056 0.119746 0.208333