0 0.597996 0.048611 0.035679 0.097222
5 0.660557 0.011574 0.026882 0.023148
5 0.623656 0.154167 0.031281 0.075000
5 0.587243 0.244907 0.026882 0.043519
3 0.478250 0.325000 0.013196 0.024074
5 0.288612 0.301852 0.042522 0.079630
3 0.089932 0.102778 0.023460 0.059259
5 0.117791 0.085648 0.016618 0.037963
5 0.172043 0.171296 0.025415 0.037037
3 0.023460 0.080556 0.011730 0.040741
5 0.152981 0.700463 0.038123 0.049074
2 0.528592 0.340278 0.039589 0.112037
3 0.465298 0.732407 0.024438 0.055556
5 0.714321 0.883333 0.014174 0.042593
5 0.438172 0.178704 0.030792 0.048148
5 0.469453 0.167593 0.027859 0.048148
5 0.057918 0.293519 0.020039 0.038889
5 0.855816 0.459722 0.016618 0.026852
5 0.921799 0.008333 0.024438 0.016667
5 0.925464 0.426852 0.015152 0.022222
3 0.028592 0.176389 0.041544 0.039815
3 0.009042 0.114352 0.018084 0.069444
3 0.498289 0.377315 0.018084 0.025000
3 0.486804 0.401852 0.016618 0.027778
0 0.628543 0.802315 0.239492 0.389815
0 0.563050 0.627778 0.174976 0.435185