5 0.398583 0.957870 0.010264 0.028704
5 0.783236 0.934259 0.042522 0.066667
5 0.419844 0.893981 0.031281 0.084259
5 0.462610 0.858333 0.017107 0.027778
5 0.564027 0.860185 0.025415 0.035185
5 0.642229 0.765741 0.045943 0.081481
5 0.245112 0.727315 0.048387 0.047222
5 0.861681 0.696296 0.009775 0.025926
5 0.285435 0.683796 0.011730 0.050926
5 0.958456 0.674537 0.024438 0.030556
5 0.621212 0.688889 0.043011 0.075926
5 0.876100 0.625463 0.009286 0.041667
5 0.179619 0.618519 0.024927 0.038889
5 0.954057 0.598611 0.018573 0.041667
5 0.877566 0.574537 0.033724 0.045370
5 0.256354 0.516204 0.022972 0.049074
5 0.873412 0.483333 0.015640 0.061111
5 0.628543 0.450000 0.028348 0.040741
5 0.863881 0.459259 0.021017 0.087037
5 0.756354 0.438426 0.047410 0.102778
5 0.949413 0.405556 0.051320 0.055556
5 0.844819 0.380093 0.020039 0.075000
5 0.906647 0.318981 0.042033 0.084259
5 0.927908 0.281019 0.021017 0.039815
5 0.863881 0.303241 0.041544 0.089815
5 0.318915 0.255556 0.031769 0.072222
5 0.064272 0.221296 0.017107 0.029630
5 0.650538 0.181944 0.037146 0.043519
0 0.513685 0.315278 0.165200 0.480556
5 0.989980 0.168056 0.019062 0.056481
5 0.625611 0.157870 0.018573 0.030556
5 0.636119 0.136574 0.022972 0.037963
5 0.653715 0.140741 0.025904 0.048148
5 0.053275 0.115278 0.011730 0.030556
5 0.262219 0.065278 0.022972 0.021296
5 0.650538 0.023148 0.018573 0.046296
5 0.021505 0.367593 0.021505 0.050000
5 0.045210 0.386574 0.018084 0.037963
5 0.084311 0.470370 0.029814 0.088889
5 0.106794 0.482407 0.027859 0.061111
5 0.008309 0.525926 0.014663 0.027778
5 0.029570 0.527778 0.026882 0.031481
5 0.256843 0.466667 0.019062 0.031481
5 0.275660 0.500926 0.024438 0.066667
5 0.288368 0.547222 0.030303 0.037037
5 0.295699 0.510185 0.011730 0.029630
5 0.011241 0.930556 0.010753 0.051852
5 0.414956 0.856481 0.013685 0.011111
0 0.373167 0.896759 0.036657 0.200926
0 0.603372 0.914352 0.373900 0.169444
5 0.640762 0.877778 0.018573 0.020370
5 0.642962 0.973611 0.043500 0.039815
5 0.625122 0.742130 0.017595 0.028704
5 0.565249 0.757870 0.070870 0.093519
0 0.428641 0.752315 0.254154 0.150926
5 0.497801 0.784722 0.026882 0.065741
5 0.523705 0.638426 0.021017 0.052778
5 0.555474 0.629167 0.040567 0.097222
5 0.250000 0.117593 0.020039 0.037037
5 0.293255 0.217593 0.018573 0.070370
5 0.524682 0.517593 0.037634 0.051852
5 0.546188 0.471759 0.016129 0.026852
5 0.383187 0.441204 0.050831 0.100926
0 0.460899 0.302778 0.270772 0.600000
5 0.673509 0.123611 0.018573 0.023148
5 0.967009 0.108796 0.020039 0.028704
5 0.736804 0.438426 0.008309 0.052778
5 0.722874 0.613889 0.030303 0.107407
5 0.763196 0.682407 0.036657 0.044444
5 0.742424 0.626852 0.016618 0.055556
5 0.735337 0.681019 0.012219 0.050926
5 0.781281 0.634722 0.027859 0.056481
5 0.756354 0.641204 0.014174 0.026852
5 0.760508 0.605093 0.016618 0.019444
5 0.756843 0.578704 0.020039 0.025926
5 0.742180 0.549537 0.018084 0.026852
5 0.785435 0.515741 0.016618 0.027778
5 0.757331 0.502315 0.017107 0.019444
5 0.962610 0.946759 0.041544 0.065741
5 0.983627 0.969444 0.023949 0.055556
5 0.952102 0.869444 0.014663 0.048148
5 0.967009 0.825926 0.044477 0.081481
5 0.974585 0.868056 0.023460 0.034259
5 0.993646 0.881944 0.011730 0.034259
5 0.993891 0.809722 0.010264 0.034259
5 0.986315 0.772685 0.014663 0.054630