5 0.065005 0.045833 0.012708 0.013889
4 0.082600 0.176852 0.032258 0.048148
5 0.182307 0.110648 0.031281 0.069444
5 0.173021 0.144907 0.012708 0.037963
5 0.128543 0.200000 0.025415 0.024074
5 0.161779 0.188889 0.012708 0.020370
4 0.117058 0.249074 0.028837 0.085185
5 0.144917 0.274537 0.037634 0.086111
5 0.058162 0.340741 0.023460 0.025926
5 0.117791 0.409722 0.036168 0.056481
5 0.156158 0.452315 0.022972 0.028704
5 0.121701 0.474074 0.028348 0.027778
5 0.110704 0.544907 0.036657 0.100926
4 0.055230 0.530556 0.047898 0.053704
4 0.040567 0.630556 0.043011 0.075926
5 0.069404 0.869907 0.021505 0.049074
5 0.010020 0.854167 0.016129 0.041667
5 0.040078 0.737037 0.022483 0.040741
5 0.002933 0.741204 0.005865 0.047222
4 0.008553 0.463889 0.017107 0.072222
5 0.141984 0.873148 0.039589 0.053704
5 0.190371 0.902315 0.019062 0.056481
5 0.215787 0.940741 0.019062 0.037037
5 0.225318 0.833333 0.032258 0.064815
5 0.280303 0.823148 0.031769 0.085185
5 0.200880 0.669907 0.034213 0.076852
5 0.227761 0.714815 0.030303 0.042593
5 0.245846 0.084259 0.034213 0.033333
5 0.271261 0.096759 0.045943 0.125000
5 0.306452 0.118981 0.054741 0.071296
5 0.334311 0.132870 0.024438 0.086111
5 0.384897 0.187963 0.035679 0.074074
5 0.417155 0.128704 0.021994 0.038889
5 0.429863 0.105093 0.012219 0.017593
5 0.445503 0.196759 0.010264 0.019444
5 0.319648 0.247222 0.053763 0.109259
5 0.342375 0.444444 0.033724 0.090741
5 0.335533 0.512963 0.021994 0.077778
5 0.286413 0.531944 0.038123 0.104630
5 0.264174 0.547685 0.015152 0.012037
5 0.267595 0.593519 0.004399 0.014815
5 0.341887 0.684722 0.041544 0.112037
5 0.423021 0.647222 0.023949 0.053704
5 0.433040 0.653704 0.011730 0.027778
5 0.451124 0.631944 0.012708 0.030556
5 0.393451 0.829167 0.034213 0.034259
5 0.373656 0.863889 0.019062 0.038889
5 0.297654 0.904630 0.016618 0.033333
5 0.284457 0.871296 0.011730 0.027778
5 0.201124 0.956481 0.021994 0.040741
5 0.440371 0.440278 0.031281 0.069444
5 0.487781 0.454630 0.010753 0.020370
5 0.370235 0.060648 0.041544 0.075000
5 0.420821 0.025463 0.034213 0.050926
5 0.436706 0.071759 0.087488 0.143519
5 0.448436 0.024074 0.040567 0.048148
5 0.450147 0.036574 0.031281 0.073148
5 0.469941 0.513426 0.014174 0.025000
5 0.479228 0.737500 0.020039 0.036111
5 0.463343 0.674537 0.011730 0.021296
5 0.832356 0.878704 0.043988 0.066667
5 0.753177 0.869444 0.015640 0.037037
5 0.805230 0.822222 0.005376 0.024074
5 0.853372 0.751389 0.021505 0.036111
5 0.879765 0.731019 0.029326 0.089815
5 0.793744 0.703704 0.026393 0.074074
5 0.833089 0.768519 0.010264 0.027778
5 0.938416 0.829167 0.006843 0.015741
5 0.954057 0.904630 0.021505 0.038889
1 0.990958 0.936111 0.017107 0.079630
1 0.984604 0.823148 0.028837 0.057407
5 0.979717 0.742130 0.018084 0.028704
5 0.899316 0.653241 0.010753 0.037963
5 0.963343 0.636574 0.018573 0.041667
5 0.822825 0.348611 0.014174 0.041667
5 0.842375 0.272222 0.008309 0.038889
5 0.905425 0.281944 0.013196 0.023148
5 0.812561 0.456019 0.054252 0.073148
5 0.836022 0.414352 0.010264 0.023148
5 0.821114 0.487963 0.026393 0.083333
5 0.745357 0.504167 0.024438 0.032407
5 0.772483 0.256944 0.013196 0.026852
5 0.920821 0.152778 0.019550 0.038889
5 0.929130 0.216204 0.009775 0.026852
5 0.950880 0.175000 0.015152 0.029630
5 0.962610 0.135185 0.020039 0.035185
5 0.844575 0.026852 0.028348 0.053704
5 0.925220 0.027778 0.031281 0.055556
5 0.947947 0.019907 0.014174 0.015741
5 0.960655 0.028704 0.025904 0.057407
1 0.988025 0.108333 0.021994 0.074074
5 0.788612 0.028704 0.029814 0.055556
5 0.793500 0.071759 0.021017 0.056481
5 0.763685 0.103241 0.026882 0.045370
4 0.865103 0.076389 0.015640 0.052778
1 0.993402 0.363426 0.012219 0.041667
5 0.988514 0.131019 0.019062 0.034259
5 0.995846 0.182407 0.006354 0.025926
5 0.983138 0.223148 0.013196 0.020370
5 0.992669 0.267593 0.011730 0.029630
5 0.986315 0.177778 0.018573 0.014815
5 0.685728 0.058796 0.039101 0.113889
5 0.716520 0.050926 0.024438 0.040741
5 0.720430 0.087037 0.028348 0.055556
5 0.654692 0.165741 0.013196 0.022222
5 0.677664 0.139815 0.018084 0.050000
5 0.698925 0.145370 0.019550 0.038889
5 0.717253 0.148148 0.045455 0.096296
5 0.709189 0.296759 0.013685 0.023148
5 0.723363 0.251852 0.028348 0.046296
5 0.682063 0.247685 0.015152 0.030556
5 0.713099 0.312500 0.021505 0.039815
5 0.725806 0.269907 0.016618 0.050926
5 0.739980 0.372222 0.068426 0.101852
5 0.657380 0.411111 0.021505 0.040741
5 0.672043 0.484722 0.015640 0.036111
5 0.661779 0.511111 0.026393 0.033333
5 0.687195 0.771759 0.010753 0.023148
5 0.651271 0.769444 0.011241 0.014815
5 0.725073 0.651389 0.022972 0.039815
5 0.694526 0.682407 0.015640 0.033333
5 0.580645 0.022685 0.017595 0.026852
5 0.605083 0.061111 0.016618 0.025926
5 0.604350 0.080556 0.037634 0.066667
5 0.587488 0.112037 0.066471 0.112963
1 0.552297 0.107870 0.050831 0.186111
5 0.573314 0.152778 0.043011 0.137037
5 0.531281 0.203704 0.028348 0.075926
5 0.558162 0.279167 0.046921 0.093519
1 0.570381 0.212037 0.073314 0.159259
5 0.559140 0.371759 0.081134 0.123148
5 0.493157 0.392130 0.008798 0.015741
5 0.614614 0.825926 0.018084 0.064815
5 0.564272 0.633333 0.021017 0.050000
5 0.549365 0.625926 0.028348 0.092593
5 0.553763 0.649537 0.014663 0.023148
5 0.503421 0.438889 0.011730 0.020370
1 0.600440 0.458333 0.122678 0.153704
1 0.570381 0.531481 0.140762 0.250000
5 0.610215 0.654167 0.012219 0.019444
1 0.576246 0.880556 0.102639 0.205556
2 0.539345 0.977315 0.020039 0.043519
1 0.588954 0.975000 0.044966 0.048148