5 0.165934 0.053704 0.037634 0.053704
5 0.229472 0.143056 0.039589 0.045370
5 0.130987 0.206481 0.016618 0.033333
5 0.079668 0.215741 0.017595 0.048148
5 0.152004 0.327315 0.030303 0.047222
5 0.179130 0.515741 0.028837 0.044444
5 0.107038 0.622222 0.074291 0.107407
5 0.206012 0.393519 0.030792 0.029630
5 0.215298 0.482870 0.020039 0.036111
5 0.148338 0.711111 0.031769 0.059259
5 0.179130 0.750000 0.028837 0.050000
5 0.167889 0.782870 0.031769 0.037963
5 0.172532 0.912037 0.020528 0.046296
5 0.172043 0.970370 0.019550 0.055556
5 0.316716 0.816204 0.021505 0.067593
5 0.266618 0.991667 0.016129 0.012963
5 0.291544 0.987500 0.016129 0.023148
5 0.370723 0.872222 0.021994 0.029630
5 0.284946 0.629167 0.022483 0.050926
5 0.319892 0.645370 0.023949 0.033333
5 0.345308 0.702778 0.032747 0.050000
5 0.361193 0.614815 0.078201 0.133333
5 0.365103 0.573148 0.021505 0.031481
5 0.351662 0.525000 0.045455 0.055556
5 0.374145 0.528704 0.020039 0.037037
5 0.313539 0.525463 0.035679 0.039815
5 0.278104 0.456481 0.041056 0.042593
5 0.270528 0.511574 0.017107 0.049074
5 0.294477 0.373611 0.031769 0.056481
5 0.350196 0.342593 0.018084 0.038889
5 0.304741 0.015741 0.025904 0.031481
5 0.322336 0.049074 0.017107 0.027778
5 0.309873 0.189815 0.026393 0.038889
5 0.331867 0.225463 0.011730 0.034259
3 0.417400 0.362963 0.030303 0.053704
5 0.436217 0.017130 0.011241 0.034259
1 0.508553 0.074074 0.185239 0.148148
1 0.528348 0.144907 0.216031 0.219444
1 0.511486 0.320833 0.117791 0.223148
1 0.523460 0.449537 0.126100 0.223148
5 0.560362 0.528241 0.032747 0.065741
5 0.575024 0.550000 0.036657 0.066667
5 0.456989 0.608333 0.044966 0.070370
5 0.443304 0.747222 0.023460 0.053704
5 0.398583 0.887500 0.053275 0.121296
5 0.443304 0.850463 0.056696 0.108333
1 0.483871 0.947685 0.177908 0.102778
5 0.529570 0.717593 0.043500 0.096296
1 0.493402 0.782870 0.063050 0.245370
5 0.544721 0.885648 0.034702 0.132407
1 0.519062 0.843981 0.080156 0.167593
5 0.620479 0.831481 0.145161 0.305556
5 0.684018 0.868056 0.049365 0.106481
5 0.722385 0.965741 0.027370 0.062963
5 0.678397 0.930093 0.020528 0.037963
5 0.688172 0.962500 0.022483 0.067593
5 0.727761 0.814352 0.044966 0.065741
5 0.696481 0.897222 0.029326 0.048148
5 0.643451 0.740278 0.054252 0.076852
5 0.652004 0.662037 0.040078 0.081481
5 0.730205 0.206944 0.068426 0.125000
5 0.723118 0.295833 0.028837 0.062037
5 0.640762 0.356944 0.029326 0.058333
5 0.605572 0.176389 0.036168 0.047222
5 0.650049 0.412500 0.039101 0.050926
5 0.683284 0.479167 0.020528 0.086111
5 0.672287 0.499537 0.031769 0.060185
5 0.661290 0.525000 0.011730 0.029630
5 0.671554 0.532870 0.026393 0.054630
5 0.633187 0.587500 0.024927 0.039815
5 0.656158 0.593981 0.038612 0.060185
5 0.812561 0.573611 0.030792 0.067593
5 0.754154 0.507870 0.039101 0.062037
5 0.745357 0.548148 0.024438 0.037037
5 0.783236 0.379167 0.017107 0.056481
5 0.790078 0.502778 0.043500 0.053704
5 0.757576 0.820833 0.022483 0.041667
5 0.750733 0.797685 0.017595 0.034259
5 0.784702 0.797222 0.013196 0.057407
5 0.780547 0.873611 0.021505 0.041667
5 0.791789 0.893519 0.009775 0.033333
5 0.760508 0.587037 0.017595 0.029630
5 0.788368 0.744444 0.015640 0.020370
5 0.870723 0.942593 0.017107 0.024074
5 0.916422 0.932870 0.043988 0.075000
5 0.921799 0.758333 0.043988 0.164815
1 0.970674 0.976852 0.056696 0.044444
1 0.969453 0.891667 0.059140 0.114815
5 0.741691 0.015278 0.021017 0.030556
5 0.792766 0.114815 0.014663 0.055556
5 0.893695 0.096296 0.019062 0.042593
5 0.928397 0.087037 0.018084 0.040741
5 0.986315 0.078241 0.025415 0.052778
5 0.951369 0.137037 0.025904 0.035185
5 0.901271 0.227315 0.025415 0.036111
5 0.884409 0.371759 0.029814 0.065741
5 0.957234 0.176389 0.054252 0.080556
1 0.968231 0.275463 0.061584 0.119444
5 0.931818 0.243056 0.024927 0.030556
1 0.970674 0.464815 0.056696 0.233333
1 0.968475 0.663889 0.061095 0.251852
5 0.015640 0.602778 0.019550 0.022222