5 0.162023 0.211111 0.064027 0.111111
5 0.191105 0.239815 0.043011 0.040741
5 0.202346 0.168056 0.030303 0.080556
5 0.222385 0.089815 0.026393 0.062963
5 0.247801 0.105093 0.036168 0.045370
5 0.261730 0.031944 0.090420 0.062037
5 0.342375 0.032870 0.038612 0.065741
5 0.312317 0.200926 0.031281 0.064815
5 0.376344 0.131019 0.065494 0.062037
5 0.387830 0.036574 0.052297 0.073148
5 0.415445 0.176389 0.050831 0.134259
5 0.452346 0.049537 0.070870 0.099074
5 0.508309 0.104167 0.086999 0.132407
5 0.462366 0.112500 0.043988 0.069444
5 0.484115 0.203241 0.037634 0.108333
5 0.456745 0.209722 0.061095 0.100926
5 0.399316 0.329630 0.030303 0.059259
5 0.208456 0.426389 0.042522 0.080556
5 0.316716 0.404167 0.037146 0.036111
3 0.209922 0.530556 0.026882 0.062963
5 0.327713 0.502315 0.049365 0.067593
1 0.258798 0.571296 0.119746 0.200000
5 0.316471 0.607870 0.064027 0.075000
5 0.144428 0.767130 0.040567 0.102778
1 0.246579 0.733333 0.183284 0.172222
1 0.256354 0.857407 0.109971 0.085185
1 0.329912 0.938426 0.145650 0.121296
5 0.328446 0.762037 0.049853 0.072222
5 0.616080 0.087037 0.122678 0.174074
5 0.562072 0.162963 0.111437 0.135185
5 0.677908 0.219907 0.072336 0.060185
5 0.609971 0.269444 0.057674 0.051852
1 0.801320 0.047222 0.083578 0.094444
5 0.864370 0.045833 0.058162 0.091667
5 0.925709 0.033333 0.062561 0.066667
1 0.810117 0.239815 0.100196 0.277778
5 0.839443 0.122685 0.056207 0.082407
5 0.705034 0.428241 0.089443 0.221296
5 0.674976 0.569907 0.070381 0.069444
5 0.601662 0.389352 0.066471 0.130556
5 0.653226 0.401852 0.059140 0.103704
5 0.580156 0.498611 0.062561 0.173148
5 0.593353 0.566204 0.054741 0.147222
5 0.623656 0.662963 0.052786 0.100000
5 0.618768 0.723611 0.044966 0.071296
5 0.479472 0.340278 0.034213 0.041667
5 0.507820 0.369907 0.050831 0.052778
5 0.413978 0.466667 0.063539 0.074074
5 0.496579 0.468519 0.049853 0.101852
5 0.456989 0.519907 0.045943 0.086111
5 0.418866 0.533796 0.059629 0.071296
5 0.445992 0.635648 0.061095 0.112037
5 0.507087 0.623611 0.047410 0.106481
5 0.481916 0.605556 0.026393 0.055556
5 0.520528 0.712500 0.039101 0.132407
5 0.399804 0.821296 0.028348 0.098148
5 0.447703 0.972685 0.043011 0.052778
5 0.518328 0.966667 0.069892 0.064815
5 0.486315 0.890278 0.020528 0.076852
5 0.549609 0.846759 0.059140 0.104630
5 0.584800 0.866204 0.048387 0.126852
5 0.574047 0.941667 0.063050 0.081481
5 0.703079 0.717593 0.039589 0.061111
5 0.654448 0.904630 0.115347 0.157407
5 0.958944 0.122222 0.062561 0.077778
5 0.928152 0.234259 0.142717 0.200000
5 0.930841 0.352778 0.061095 0.114815
5 0.978250 0.293056 0.042522 0.100926
5 0.807185 0.421759 0.064027 0.086111
5 0.888319 0.488426 0.047410 0.100926
1 0.796676 0.488426 0.097752 0.195370
1 0.791056 0.624074 0.113881 0.235185
1 0.802542 0.770370 0.131965 0.146296
5 0.839198 0.806019 0.124145 0.199074
1 0.762463 0.964815 0.053763 0.066667
5 0.920577 0.806944 0.059140 0.078704
5 0.946970 0.837500 0.044477 0.104630
5 0.974829 0.807870 0.049365 0.087963