5 0.102395 0.108333 0.074780 0.105556
5 0.120723 0.965278 0.043988 0.067593
1 0.276149 0.851852 0.157380 0.187037
1 0.253177 0.635185 0.156403 0.262963
1 0.259775 0.442130 0.197947 0.136111
3 0.378299 0.301389 0.143695 0.328704
5 0.320137 0.357407 0.030303 0.096296
5 0.272483 0.335648 0.030792 0.060185
1 0.277615 0.042130 0.037146 0.084259
5 0.389785 0.108796 0.045455 0.091667
5 0.356549 0.062963 0.036657 0.057407
5 0.473851 0.384722 0.033724 0.050926
5 0.488514 0.105556 0.065005 0.100000
5 0.558895 0.156481 0.036657 0.127778
5 0.515640 0.204630 0.047898 0.079630
5 0.606305 0.258333 0.060117 0.146296
5 0.580890 0.078704 0.027859 0.146296
5 0.490958 0.642593 0.064027 0.196296
5 0.542278 0.650463 0.025904 0.080556
5 0.572092 0.622222 0.038612 0.107407
1 0.760020 0.028241 0.055718 0.056481
1 0.793988 0.093981 0.145161 0.171296
1 0.789101 0.215741 0.122678 0.157407
5 0.785191 0.317593 0.122678 0.148148
5 0.733871 0.433796 0.079668 0.126852
5 0.585777 0.735648 0.036657 0.108333
5 0.611193 0.820833 0.038612 0.047222
1 0.788612 0.553241 0.139296 0.225000
5 0.686461 0.545370 0.038612 0.075926
1 0.782502 0.721296 0.122190 0.185185
5 0.734115 0.779167 0.043011 0.080556
5 0.721163 0.700000 0.033724 0.048148
5 0.915934 0.919907 0.074291 0.158333
5 0.895894 0.398148 0.059629 0.101852
5 0.947703 0.472685 0.103617 0.245370
5 0.919599 0.547685 0.097263 0.173148
5 0.902248 0.631944 0.060606 0.134259
5 0.927419 0.645833 0.040567 0.052778
5 0.905670 0.123148 0.051808 0.129630
5 0.930596 0.057407 0.045943 0.062963
5 0.952346 0.164352 0.034702 0.108333
5 0.982893 0.112500 0.033236 0.062037
5 0.701124 0.049537 0.039589 0.080556
5 0.507820 0.534722 0.036168 0.052778
5 0.519306 0.281481 0.023949 0.070370
5 0.553763 0.306944 0.023460 0.073148
5 0.587977 0.406944 0.034213 0.041667
5 0.465298 0.163426 0.022483 0.054630
5 0.463099 0.204630 0.020039 0.055556
5 0.652004 0.036574 0.037146 0.073148
5 0.483382 0.963889 0.041056 0.070370
5 0.432551 0.931481 0.031281 0.124074
5 0.456012 0.700000 0.026393 0.061111
5 0.324780 0.565741 0.028837 0.122222