1 0.249511 0.064352 0.171554 0.128704
1 0.218231 0.370833 0.141251 0.167593
1 0.244624 0.244444 0.104106 0.205556
2 0.219941 0.164815 0.055718 0.068519
5 0.290811 0.368056 0.026393 0.065741
5 0.416422 0.268056 0.062561 0.097222
2 0.289101 0.466204 0.097263 0.106481
1 0.221408 0.635648 0.120235 0.258333
1 0.205767 0.780556 0.130987 0.161111
1 0.743157 0.869907 0.109971 0.156481
1 0.763196 0.945833 0.073803 0.104630
1 0.733382 0.719444 0.086510 0.170370
1 0.751955 0.562500 0.119746 0.169444
1 0.747312 0.375463 0.071359 0.202778
1 0.759775 0.174537 0.151026 0.210185
1 0.740469 0.062500 0.038123 0.125000
2 0.702590 0.078241 0.058162 0.093519
5 0.817693 0.044907 0.044966 0.078704
5 0.888074 0.293056 0.036168 0.065741
5 0.925220 0.355556 0.025415 0.053704
5 0.938416 0.424537 0.024438 0.039815
5 0.934262 0.655556 0.021994 0.033333
5 0.937439 0.280093 0.022483 0.052778
5 0.966031 0.425926 0.023949 0.061111
5 0.985826 0.462963 0.022483 0.072222
5 0.985582 0.324074 0.025904 0.051852
5 0.971163 0.272685 0.026393 0.037963
5 0.953812 0.250463 0.024927 0.037963
5 0.976295 0.245370 0.025904 0.055556
5 0.963343 0.114352 0.030303 0.049074