5 0.209189 0.268056 0.034213 0.108333
5 0.007087 0.834259 0.014174 0.020370
5 0.098485 0.945370 0.006354 0.035185
5 0.094575 0.969907 0.012219 0.056481
5 0.074047 0.945370 0.018084 0.029630
5 0.033724 0.331944 0.059629 0.095370
5 0.031769 0.273148 0.031281 0.057407
5 0.011241 0.173148 0.020528 0.051852
2 0.044721 0.215741 0.008309 0.053704
5 0.322336 0.984722 0.011241 0.028704
5 0.395161 0.335185 0.037634 0.044444
5 0.417155 0.352778 0.049365 0.070370
0 0.511730 0.039815 0.036168 0.079630
0 0.567449 0.181944 0.070381 0.254630
5 0.539101 0.039352 0.012708 0.037963
5 0.592620 0.300463 0.008309 0.034259
5 0.566960 0.330093 0.007820 0.021296
5 0.841153 0.455093 0.029326 0.069444
5 0.928152 0.493981 0.031281 0.056481
5 0.899804 0.909259 0.023460 0.062963
5 0.915200 0.877315 0.040567 0.082407
5 0.912757 0.844444 0.013196 0.022222
5 0.747801 0.519907 0.113392 0.217593
5 0.543255 0.661574 0.036657 0.049074
0 0.525660 0.864352 0.188172 0.267593
5 0.643939 0.857407 0.041544 0.059259
0 0.459189 0.880093 0.068915 0.236111
0 0.532747 0.963426 0.019550 0.069444
0 0.543255 0.941204 0.039589 0.113889