5 0.012708 0.127315 0.024438 0.050926
5 0.066716 0.148611 0.027859 0.039815
5 0.003666 0.415278 0.006354 0.050926
5 0.008553 0.488889 0.017107 0.038889
5 0.152004 0.314815 0.009775 0.048148
5 0.228006 0.031481 0.020039 0.040741
5 0.227517 0.059722 0.021017 0.028704
5 0.310850 0.160648 0.035191 0.082407
5 0.212366 0.361111 0.021994 0.040741
5 0.232160 0.233333 0.035191 0.059259
5 0.240714 0.279167 0.029814 0.084259
5 0.279326 0.289352 0.029814 0.047222
5 0.333822 0.243519 0.046921 0.053704
5 0.009286 0.908333 0.018573 0.042593
5 0.055718 0.926389 0.022483 0.032407
5 0.086266 0.981481 0.017107 0.033333
5 0.197458 0.712500 0.016618 0.041667
5 0.207722 0.668981 0.022483 0.030556
5 0.220674 0.704167 0.020039 0.045370
5 0.245846 0.665278 0.033236 0.045370
5 0.250978 0.729167 0.020039 0.047222
5 0.310117 0.830093 0.046432 0.067593
5 0.232893 0.612963 0.043500 0.064815
5 0.224096 0.599537 0.049365 0.099074
5 0.231183 0.556944 0.034213 0.067593
5 0.350929 0.621759 0.047898 0.100926
5 0.381720 0.599074 0.027370 0.025926
5 0.383920 0.523148 0.045455 0.090741
5 0.351662 0.475000 0.049365 0.105556
5 0.220430 0.158333 0.022483 0.040741
5 0.097019 0.419907 0.029814 0.049074
5 0.059629 0.339352 0.019550 0.026852
5 0.110948 0.441667 0.028348 0.046296
5 0.020283 0.595833 0.017107 0.030556
5 0.055474 0.708796 0.014174 0.019444
5 0.098974 0.516667 0.016129 0.018519
5 0.091153 0.477315 0.012219 0.032407
5 0.195259 0.883333 0.015152 0.035185
5 0.261486 0.892593 0.021505 0.025926
5 0.040323 0.984722 0.018084 0.028704
5 0.010264 0.668981 0.020528 0.036111
5 0.074536 0.090741 0.012219 0.022222
5 0.082111 0.190278 0.015640 0.028704
5 0.088954 0.172222 0.014663 0.031481
5 0.093109 0.157870 0.013196 0.026852
5 0.231672 0.090278 0.019550 0.026852
5 0.008798 0.184722 0.009775 0.025000
5 0.107771 0.228241 0.014174 0.030556
5 0.232893 0.353704 0.018084 0.033333
5 0.278592 0.668519 0.016618 0.038889
5 0.419599 0.722222 0.029814 0.040741
5 0.465543 0.700926 0.042522 0.044444
5 0.432063 0.623148 0.020528 0.033333
5 0.429374 0.543056 0.010264 0.017593
5 0.482893 0.617593 0.017595 0.035185
5 0.495601 0.783796 0.035191 0.062037
5 0.428152 0.862963 0.061584 0.111111
5 0.381965 0.881944 0.070870 0.160185
5 0.375611 0.965741 0.063050 0.066667
5 0.414712 0.121296 0.024927 0.044444
5 0.462121 0.148611 0.021017 0.036111
5 0.471896 0.187037 0.019062 0.027778
5 0.424487 0.257407 0.016129 0.037037
5 0.372678 0.307407 0.016129 0.044444
5 0.387830 0.333333 0.011241 0.035185
5 0.450635 0.385185 0.047898 0.096296
5 0.502444 0.268981 0.024438 0.034259
5 0.505132 0.431944 0.023949 0.041667
5 0.396872 0.431944 0.015640 0.032407
5 0.419355 0.467593 0.023460 0.016667
5 0.305718 0.657407 0.016129 0.040741
5 0.423754 0.066204 0.026393 0.063889
5 0.427419 0.087500 0.021994 0.062037
5 0.438172 0.032870 0.024927 0.032407
5 0.362170 0.076389 0.025415 0.106481
5 0.381720 0.047685 0.035191 0.095370
5 0.409335 0.041667 0.036657 0.083333
1 0.562561 0.063426 0.097752 0.123148
5 0.547410 0.022222 0.048876 0.042593
2 0.604106 0.059722 0.020528 0.119444
5 0.641740 0.187500 0.053763 0.084259
5 0.682063 0.118056 0.152981 0.236111
5 0.727517 0.057870 0.034702 0.052778
1 0.574536 0.243981 0.125611 0.199074
5 0.682063 0.281944 0.044477 0.069444
5 0.675464 0.326852 0.039101 0.062963
1 0.560850 0.410185 0.213587 0.255556
1 0.572581 0.553241 0.114858 0.160185
5 0.556940 0.531481 0.027859 0.138889
1 0.589932 0.706019 0.080156 0.162037
5 0.664956 0.793056 0.012219 0.028704
5 0.775171 0.671759 0.045943 0.054630
5 0.659580 0.628704 0.015152 0.022222
5 0.663490 0.650926 0.020039 0.025926
5 0.669599 0.538889 0.027370 0.040741
5 0.698436 0.576389 0.018573 0.036111
5 0.740714 0.818056 0.031769 0.050926
5 0.751955 0.891667 0.027859 0.051852
5 0.664956 0.926389 0.041544 0.060185
5 0.545210 0.877778 0.053275 0.133333
5 0.574536 0.848148 0.027859 0.107407
5 0.601173 0.917130 0.013685 0.058333
5 0.497556 0.977778 0.016618 0.040741
1 0.564272 0.956019 0.124633 0.086111
5 0.524682 0.953241 0.032747 0.045370
5 0.755865 0.021759 0.017107 0.041667
5 0.806696 0.070370 0.071848 0.109259
5 0.806452 0.181944 0.043011 0.086111
5 0.740958 0.218519 0.013685 0.025926
5 0.778104 0.214352 0.045943 0.063889
5 0.847263 0.146759 0.035679 0.032407
5 0.860948 0.062963 0.020039 0.055556
5 0.852395 0.025000 0.047898 0.050000
5 0.803763 0.006019 0.021994 0.010185
5 0.815494 0.026389 0.039589 0.052778
5 0.775660 0.396759 0.055718 0.128704
5 0.811584 0.358333 0.031769 0.068519
5 0.744868 0.501389 0.045943 0.056481
5 0.808407 0.478241 0.068426 0.089815
5 0.803030 0.556019 0.015640 0.037963
5 0.822581 0.588889 0.011730 0.024074
5 0.841642 0.639815 0.032258 0.061111
5 0.862170 0.625926 0.023460 0.053704
5 0.820137 0.818519 0.016618 0.035185
5 0.794966 0.974074 0.014174 0.044444
5 0.821603 0.971296 0.035191 0.055556
5 0.842375 0.966204 0.022972 0.054630
5 0.821359 0.935648 0.022972 0.036111
5 0.874389 0.943519 0.015640 0.061111
5 0.901026 0.830556 0.034702 0.094444
5 0.926197 0.890741 0.028348 0.066667
5 0.965054 0.904167 0.038612 0.075000
5 0.924242 0.937963 0.047898 0.037037
5 0.905670 0.723148 0.027370 0.068519
5 0.926931 0.712500 0.027859 0.089815
5 0.951369 0.700000 0.021017 0.031481
5 0.955034 0.724537 0.030303 0.037963
5 0.911046 0.664352 0.014663 0.026852
5 0.948192 0.760185 0.010753 0.029630
5 0.847019 0.593981 0.015640 0.032407
5 0.819892 0.311574 0.017107 0.032407
5 0.967986 0.015741 0.023949 0.031481
5 0.995357 0.071296 0.007331 0.020370
5 0.933040 0.061111 0.039101 0.051852
5 0.967742 0.175000 0.061584 0.111111
5 0.889785 0.040741 0.021017 0.079630
5 0.910313 0.114352 0.084555 0.160185
5 0.949413 0.093056 0.027859 0.036111
5 0.966031 0.089352 0.039589 0.058333
5 0.974096 0.298611 0.040078 0.093519
5 0.981183 0.687037 0.036657 0.107407
5 0.959922 0.558333 0.078201 0.188889
5 0.996823 0.610648 0.005376 0.047222
5 0.978983 0.387963 0.040078 0.125926
5 0.995112 0.430556 0.008798 0.029630
5 0.978495 0.507407 0.042033 0.100000
5 0.930108 0.490278 0.093842 0.150926
5 0.897116 0.430093 0.076735 0.249074
5 0.939394 0.386111 0.046921 0.083333
5 0.943060 0.356019 0.030792 0.104630
5 0.628543 0.123148 0.017595 0.050000
5 0.704545 0.625463 0.021017 0.032407
5 0.756354 0.977778 0.015152 0.038889
5 0.770283 0.984722 0.018573 0.028704
5 0.827224 0.362963 0.013196 0.042593
5 0.835288 0.345833 0.012708 0.037963