5 0.051808 0.982407 0.039101 0.033333
5 0.043255 0.951389 0.011241 0.036111
5 0.269795 0.924537 0.019550 0.036111
5 0.902004 0.906481 0.014174 0.053704
5 0.101173 0.868056 0.022483 0.039815
5 0.107527 0.826852 0.020528 0.027778
5 0.509286 0.777778 0.026393 0.059259
5 0.228983 0.791667 0.020039 0.051852
5 0.261241 0.756019 0.040567 0.076852
5 0.463099 0.740741 0.032747 0.048148
5 0.770528 0.749074 0.043500 0.068519
2 0.548387 0.723611 0.009775 0.121296
5 0.912512 0.658796 0.017595 0.049074
5 0.967009 0.664352 0.037634 0.078704
5 0.858993 0.643981 0.016129 0.054630
5 0.020039 0.612963 0.027370 0.031481
5 0.159824 0.581481 0.034213 0.062963
5 0.097019 0.556019 0.034702 0.036111
5 0.007576 0.564352 0.015152 0.047222
5 0.285679 0.555556 0.042522 0.077778
5 0.320137 0.495370 0.040078 0.068519
5 0.091398 0.502315 0.030303 0.058333
5 0.981672 0.430093 0.026882 0.019444
5 0.093353 0.374537 0.028348 0.052778
5 0.990958 0.353704 0.017107 0.044444
5 0.315982 0.284722 0.031769 0.036111
5 0.328201 0.245833 0.038612 0.045370
5 0.410068 0.250463 0.035191 0.054630
3 0.965543 0.157870 0.017107 0.036111
5 0.814027 0.142130 0.021994 0.045370
5 0.947703 0.109259 0.020528 0.044444
5 0.104839 0.101852 0.019062 0.048148
5 0.940616 0.061111 0.024927 0.064815
5 0.665200 0.103704 0.029326 0.072222
5 0.380010 0.080093 0.035679 0.047222
5 0.136852 0.081019 0.022483 0.039815
5 0.067449 0.075463 0.021505 0.062037
5 0.129032 0.032870 0.028348 0.039815
5 0.302542 0.049537 0.020528 0.030556
5 0.105572 0.041204 0.018573 0.049074
5 0.073314 0.018981 0.029326 0.037963
5 0.458944 0.019444 0.030303 0.037037
5 0.187683 0.014815 0.011730 0.029630
5 0.109971 0.205556 0.035191 0.038889
5 0.095797 0.243056 0.036168 0.087963
5 0.069159 0.227315 0.037634 0.058333
5 0.124389 0.243981 0.031769 0.037963
5 0.041789 0.407870 0.040567 0.056481
5 0.010264 0.512963 0.020528 0.053704
3 0.020283 0.743519 0.037634 0.051852
5 0.088710 0.632407 0.020039 0.038889
5 0.111193 0.718056 0.021994 0.037963
5 0.049853 0.847222 0.030303 0.064815
5 0.238025 0.916204 0.014663 0.041667
5 0.240225 0.868981 0.033724 0.050926
5 0.253421 0.837963 0.021994 0.090741
5 0.278837 0.318981 0.024927 0.056481
5 0.285924 0.169444 0.021505 0.044444
5 0.282747 0.215741 0.021994 0.033333
0 0.468719 0.275463 0.580645 0.550926
0 0.563539 0.656944 0.187683 0.532407
0 0.478983 0.902315 0.320626 0.193519
4 0.536168 0.835185 0.040078 0.088889
5 0.530547 0.534722 0.021017 0.039815
5 0.549365 0.471759 0.024438 0.052778
2 0.550831 0.514815 0.020528 0.053704
5 0.553275 0.550926 0.015640 0.035185
0 0.545699 0.042130 0.092375 0.082407
4 0.761241 0.162500 0.018084 0.034259
5 0.808162 0.097222 0.021994 0.029630
5 0.918622 0.293981 0.026882 0.028704
5 0.991202 0.687037 0.014663 0.038889
5 0.917155 0.474537 0.017107 0.045370
5 0.936950 0.466667 0.021505 0.031481
5 0.859482 0.881019 0.023949 0.052778
5 0.835777 0.863889 0.013685 0.042593
5 0.767595 0.613426 0.031769 0.049074
5 0.803030 0.631481 0.020528 0.042593
5 0.907869 0.025463 0.024927 0.049074
5 0.790811 0.686574 0.029326 0.065741
5 0.307674 0.790741 0.025904 0.050000
5 0.525660 0.757870 0.016129 0.047222
5 0.570137 0.774537 0.019062 0.050926
5 0.440616 0.406944 0.034702 0.039815
5 0.411046 0.410648 0.018573 0.032407
5 0.788123 0.791204 0.024927 0.054630
5 0.771261 0.434722 0.018573 0.034259
5 0.834066 0.234259 0.020039 0.038889
5 0.858016 0.219907 0.015152 0.041667