5 0.911535 0.986574 0.020528 0.025000
5 0.110459 0.987500 0.014663 0.023148
5 0.180108 0.969907 0.017107 0.025000
5 0.624389 0.975463 0.041544 0.047222
5 0.948436 0.981944 0.023949 0.034259
5 0.836022 0.975926 0.023949 0.046296
5 0.447214 0.937500 0.018573 0.036111
5 0.112170 0.929630 0.019062 0.059259
5 0.586022 0.912037 0.013685 0.025926
5 0.656158 0.920370 0.026882 0.062963
5 0.563050 0.870833 0.017595 0.032407
5 0.343353 0.897685 0.036657 0.067593
5 0.847263 0.880093 0.016129 0.037963
5 0.431329 0.876852 0.038612 0.038889
5 0.218719 0.857407 0.015152 0.029630
1 0.256354 0.901852 0.094330 0.194444
5 0.230694 0.822685 0.015640 0.052778
5 0.386364 0.814815 0.033724 0.046296
5 0.558895 0.803241 0.031769 0.050926
5 0.288612 0.771759 0.028837 0.039815
5 0.828690 0.751389 0.017107 0.039815
5 0.180596 0.750463 0.014174 0.045370
5 0.620723 0.723148 0.024438 0.038889
5 0.490714 0.740741 0.043011 0.062963
5 0.566716 0.737037 0.032747 0.068519
5 0.969453 0.686574 0.018084 0.028704
5 0.490714 0.645833 0.032258 0.050926
5 0.597507 0.609722 0.016129 0.019444
5 0.325758 0.596759 0.018084 0.037963
5 0.393206 0.583333 0.008309 0.031481
5 0.496334 0.565278 0.025904 0.054630
5 0.113392 0.528241 0.012708 0.047222
5 0.423998 0.578241 0.045455 0.123148
5 0.736070 0.520833 0.019550 0.030556
5 0.942815 0.511111 0.010753 0.037037
5 0.374878 0.494444 0.030303 0.044444
1 0.239980 0.613889 0.117302 0.248148
5 0.048631 0.494907 0.023949 0.062037
5 0.514418 0.450926 0.020039 0.048148
5 0.279326 0.407407 0.021017 0.029630
5 0.992424 0.411111 0.014174 0.038889
5 0.899804 0.385648 0.013685 0.039815
5 0.866325 0.389815 0.011241 0.011111
5 0.438905 0.401852 0.025415 0.038889
5 0.585777 0.397685 0.018084 0.034259
5 0.356061 0.377315 0.018084 0.060185
5 0.945015 0.343981 0.014174 0.054630
5 0.956989 0.297222 0.013685 0.050000
5 0.407869 0.294444 0.023949 0.070370
5 0.152493 0.263426 0.029326 0.032407
5 0.525904 0.259722 0.016618 0.058333
5 0.103128 0.254630 0.014663 0.037037
3 0.887586 0.253241 0.018573 0.039815
5 0.121945 0.226389 0.016129 0.043519
1 0.765396 0.337037 0.055718 0.240741
5 0.994624 0.225926 0.009775 0.040741
5 0.200147 0.227778 0.020039 0.050000
5 0.063783 0.182407 0.010264 0.031481
5 0.942571 0.164352 0.019062 0.041667
5 0.881720 0.162963 0.022483 0.046296
1 0.258798 0.227315 0.065982 0.197222
5 0.119257 0.130556 0.028348 0.027778
5 0.024682 0.123148 0.030792 0.033333
5 0.602639 0.132870 0.013685 0.032407
5 0.177419 0.088426 0.010753 0.032407
5 0.397849 0.075463 0.028348 0.041667
5 0.369746 0.081944 0.021017 0.062037
5 0.336266 0.053241 0.031281 0.049074
1 0.330401 0.016204 0.028348 0.032407
1 0.250000 0.080093 0.124633 0.106481
5 0.321359 0.277778 0.019062 0.031481
5 0.312561 0.378704 0.024927 0.035185
5 0.340665 0.403241 0.014663 0.037963
5 0.339687 0.491204 0.022483 0.047222
5 0.299120 0.496296 0.024438 0.046296
5 0.221163 0.937037 0.032747 0.042593
5 0.486070 0.970370 0.054252 0.053704
5 0.360459 0.737037 0.052297 0.129630
5 0.397116 0.704630 0.029814 0.075926
5 0.302786 0.629167 0.022972 0.032407
5 0.454790 0.488889 0.017107 0.024074
5 0.478983 0.459722 0.017595 0.037963
5 0.462366 0.444444 0.018573 0.046296
5 0.398338 0.420370 0.018573 0.027778
5 0.482893 0.338426 0.015640 0.041667
5 0.506354 0.363889 0.019550 0.094444
5 0.533724 0.392593 0.015640 0.025926
5 0.491447 0.234259 0.018084 0.055556
5 0.495601 0.053241 0.017595 0.034259
5 0.498534 0.097222 0.043011 0.061111
5 0.505621 0.069907 0.015152 0.060185
5 0.491202 0.148611 0.038123 0.060185
5 0.470919 0.150000 0.018084 0.037037
5 0.633187 0.141667 0.026882 0.031481
5 0.649071 0.086574 0.015640 0.045370
5 0.629521 0.191204 0.023460 0.030556
5 0.576246 0.052315 0.013685 0.025000
5 0.609726 0.403704 0.016129 0.025926
5 0.615591 0.426389 0.024927 0.037963
5 0.601417 0.439815 0.018084 0.038889
5 0.594086 0.466667 0.018084 0.046296
5 0.571114 0.526389 0.046432 0.082407
5 0.560362 0.629630 0.018084 0.050000
5 0.570626 0.639815 0.016129 0.038889
5 0.556940 0.655556 0.018084 0.042593
5 0.600684 0.642130 0.014663 0.041667
5 0.630743 0.591667 0.035679 0.053704
5 0.522239 0.850926 0.046432 0.081481
1 0.761730 0.115278 0.085533 0.189815
1 0.797165 0.061111 0.120235 0.122222
5 0.832111 0.662500 0.028837 0.030556
5 0.838221 0.683796 0.028348 0.017593
5 0.854106 0.734722 0.011241 0.041667
5 0.763441 0.725463 0.056696 0.084259
1 0.780303 0.828704 0.105083 0.114815
1 0.783480 0.910648 0.058651 0.175000
5 0.905914 0.920370 0.034702 0.042593
5 0.804741 0.914815 0.030792 0.024074
5 0.927175 0.907407 0.017595 0.037037
5 0.932551 0.874074 0.017595 0.025926
5 0.981183 0.841667 0.024927 0.040741
5 0.979472 0.905556 0.021505 0.042593
5 0.992669 0.881019 0.012708 0.073148
5 0.965543 0.606481 0.016129 0.044444
5 0.945992 0.566667 0.048387 0.075926
5 0.984360 0.491667 0.013685 0.029630
5 0.994868 0.459722 0.008309 0.041667
5 0.906891 0.053704 0.032747 0.064815
5 0.887586 0.097685 0.014663 0.041667
5 0.963099 0.050926 0.018084 0.038889