5 0.010020 0.319907 0.020039 0.049074
5 0.234360 0.008796 0.014174 0.017593
5 0.165689 0.497685 0.023460 0.071296
5 0.134653 0.555093 0.013196 0.037963
5 0.263441 0.384259 0.038123 0.105556
5 0.281281 0.433796 0.019062 0.067593
5 0.199169 0.355556 0.091398 0.170370
5 0.009286 0.687963 0.018573 0.057407
5 0.048143 0.743981 0.033724 0.062037
5 0.605327 0.043981 0.024927 0.037963
2 0.641007 0.023148 0.017107 0.046296
5 0.877810 0.213426 0.040078 0.065741
5 0.730450 0.975926 0.025904 0.046296
5 0.842620 0.650926 0.054741 0.150000
5 0.805230 0.716667 0.069892 0.212963
5 0.581623 0.320370 0.031281 0.077778
5 0.611681 0.670370 0.117791 0.231481
5 0.603617 0.942130 0.064516 0.113889
0 0.428641 0.751852 0.379277 0.470370
0 0.461388 0.850926 0.209189 0.296296
5 0.454790 0.267130 0.017107 0.037963
0 0.481916 0.179630 0.308895 0.359259