0 0.466276 0.466667 0.302053 0.546296
5 0.152981 0.168981 0.051808 0.067593
5 0.506843 0.184722 0.030303 0.054630
5 0.516129 0.122685 0.023460 0.041667
5 0.420088 0.343981 0.017107 0.030556
5 0.449658 0.447685 0.030303 0.043519
5 0.271505 0.726389 0.057185 0.100926
5 0.330156 0.843981 0.029814 0.076852
5 0.023949 0.691204 0.043011 0.100926
5 0.011486 0.394444 0.021994 0.057407
5 0.270772 0.068056 0.037146 0.067593
5 0.763685 0.684722 0.021994 0.056481
5 0.597996 0.298611 0.019062 0.112037
5 0.253421 0.229630 0.027859 0.053704
5 0.013930 0.831019 0.021994 0.086111
0 0.466276 0.976389 0.104594 0.045370
0 0.566960 0.955556 0.013685 0.087037
0 0.545455 0.882870 0.304985 0.232407