5 0.937683 0.802315 0.026882 0.037963
5 0.954301 0.791667 0.022972 0.051852
5 0.284946 0.702778 0.029326 0.059259
3 0.124633 0.591667 0.019550 0.040741
5 0.515640 0.532407 0.006843 0.022222
5 0.970674 0.500463 0.017595 0.028704
5 0.463832 0.510185 0.036168 0.092593
1 0.218475 0.540741 0.207234 0.337037
5 0.915200 0.446759 0.037634 0.047222
5 0.531036 0.414352 0.019062 0.036111
5 0.396139 0.405556 0.011241 0.020370
3 0.026882 0.272222 0.025415 0.035185
5 0.988514 0.041204 0.017107 0.043519
1 0.771750 0.843519 0.159335 0.198148
5 0.701369 0.868981 0.024438 0.047222
5 0.684995 0.890741 0.021017 0.040741
2 0.757576 0.733796 0.101662 0.037963
5 0.818915 0.913426 0.024927 0.043519
5 0.882942 0.861574 0.021017 0.039815
1 0.765396 0.606944 0.065494 0.230556
1 0.766618 0.463426 0.128543 0.175000
1 0.769550 0.327315 0.133431 0.184259
1 0.736070 0.165741 0.101662 0.179630
1 0.750244 0.049074 0.088954 0.098148
5 0.945259 0.220833 0.028348 0.039815
5 0.929374 0.145833 0.019062 0.030556
5 0.836510 0.264352 0.021994 0.043519
5 0.922776 0.303704 0.018573 0.024074
5 0.984604 0.618056 0.027859 0.037963
5 0.945259 0.577778 0.019550 0.029630
5 0.918377 0.485185 0.025415 0.022222
5 0.948436 0.849074 0.018084 0.024074
5 0.929863 0.694444 0.016129 0.029630
5 0.990958 0.897222 0.017107 0.040741
1 0.223118 0.322685 0.092375 0.186111
1 0.223851 0.193519 0.071359 0.170370
1 0.233382 0.073148 0.102151 0.142593
2 0.275171 0.200000 0.035191 0.085185
5 0.228495 0.822685 0.023949 0.047222
2 0.259531 0.858796 0.043988 0.110185
5 0.552297 0.752778 0.015640 0.038889
5 0.502199 0.762037 0.026882 0.038889
5 0.465787 0.772685 0.022483 0.039815
5 0.488514 0.839815 0.016129 0.029630
5 0.478983 0.931944 0.018573 0.039815
5 0.531036 0.295833 0.037634 0.054630
5 0.630254 0.243981 0.027859 0.034259
5 0.537146 0.173148 0.018573 0.061111
5 0.483627 0.121296 0.021017 0.038889
5 0.526637 0.074074 0.021017 0.040741
5 0.528592 0.026852 0.025904 0.046296
5 0.431574 0.021296 0.017595 0.038889
5 0.478250 0.013889 0.025904 0.025926