5 0.820870 0.935185 0.014174 0.038889
5 0.044966 0.921296 0.011730 0.025926
5 0.209922 0.943056 0.060117 0.112037
5 0.784946 0.911574 0.037146 0.069444
5 0.324780 0.881944 0.009286 0.017593
5 0.206500 0.890278 0.022972 0.065741
0 0.366080 0.908796 0.047898 0.180556
5 0.185239 0.799074 0.015640 0.022222
5 0.868768 0.801852 0.023949 0.037037
5 0.893695 0.795833 0.028837 0.089815
5 0.268573 0.758796 0.010264 0.025000
5 0.080401 0.781019 0.054252 0.060185
5 0.677419 0.686574 0.008798 0.017593
5 0.054741 0.676389 0.048876 0.095370
5 0.346530 0.672222 0.024438 0.094444
5 0.583822 0.640741 0.011241 0.051852
5 0.820137 0.615278 0.018573 0.058333
5 0.293988 0.596296 0.021994 0.068519
5 0.936950 0.606019 0.083089 0.154630
5 0.745112 0.605093 0.098240 0.260185
5 0.661046 0.456019 0.069892 0.115741
5 0.217742 0.339815 0.008309 0.018519
5 0.691593 0.251389 0.017595 0.047222
5 0.946237 0.214815 0.015640 0.029630
5 0.702835 0.211574 0.020528 0.065741
5 0.718231 0.188889 0.019062 0.016667
5 0.217986 0.181481 0.009775 0.025926
5 0.921065 0.177315 0.016129 0.025000
5 0.960899 0.175926 0.019550 0.025926
5 0.904692 0.093981 0.021505 0.049074
5 0.849707 0.073611 0.010264 0.050926
5 0.781525 0.049537 0.015640 0.036111
5 0.762463 0.032870 0.008798 0.021296
5 0.028592 0.040278 0.029814 0.041667
5 0.772972 0.014815 0.021017 0.029630
5 0.964565 0.923148 0.069892 0.151852
0 0.558407 0.120833 0.220430 0.241667
0 0.436217 0.409259 0.381720 0.818519
0 0.494868 0.762037 0.310362 0.474074