5 0.047410 0.730556 0.021505 0.046296
5 0.218964 0.557407 0.018573 0.053704
5 0.054252 0.414352 0.038123 0.036111
5 0.271994 0.748611 0.058162 0.091667
5 0.231672 0.681481 0.030303 0.062963
5 0.230694 0.964352 0.028348 0.036111
5 0.312317 0.970833 0.024438 0.034259
5 0.239736 0.212037 0.014174 0.038889
5 0.252933 0.114352 0.021994 0.028704
5 0.297654 0.095833 0.018573 0.026852
5 0.792278 0.459722 0.067449 0.076852
5 0.881965 0.731019 0.021017 0.078704
5 0.961388 0.742130 0.044966 0.052778
5 0.989247 0.712037 0.014663 0.151852
5 0.985093 0.427315 0.021017 0.056481
5 0.964565 0.956481 0.034702 0.068519
5 0.992180 0.902778 0.009775 0.053704
5 0.498534 0.100463 0.032258 0.041667
5 0.652981 0.176389 0.050831 0.100926
0 0.565982 0.100926 0.276637 0.200000
0 0.434751 0.637037 0.132454 0.198148
5 0.120235 0.737500 0.031281 0.049074
0 0.623656 0.516667 0.426197 0.607407
0 0.625122 0.737963 0.310850 0.522222
0 0.530303 0.884722 0.139785 0.228704
0 0.627322 0.880556 0.248778 0.237037