0 0.280303 0.712037 0.508798 0.503704
0 0.437439 0.862963 0.413490 0.272222
0 0.490958 0.310648 0.219453 0.621296
5 0.055963 0.117593 0.032747 0.079630
5 0.107283 0.301852 0.032747 0.070370
5 0.028104 0.474074 0.022972 0.070370
5 0.211632 0.447222 0.069404 0.122222
5 0.368280 0.201852 0.039589 0.112963
5 0.431085 0.180556 0.072336 0.127778
5 0.306940 0.516667 0.057674 0.112963
5 0.461877 0.533796 0.034213 0.067593
5 0.689638 0.519444 0.063539 0.105556
5 0.630499 0.581481 0.054741 0.131481
5 0.673998 0.889352 0.030303 0.078704
5 0.621701 0.153704 0.027370 0.077778
5 0.736070 0.014815 0.031281 0.024074
5 0.989247 0.172222 0.015640 0.075926
5 0.781281 0.973148 0.045455 0.044444
5 0.153470 0.747685 0.023460 0.063889
5 0.056696 0.294907 0.021505 0.063889
5 0.512219 0.469444 0.088954 0.079630