5 0.151515 0.109722 0.049853 0.080556
5 0.176931 0.134259 0.027370 0.044444
5 0.013685 0.368519 0.018573 0.050000
5 0.036901 0.375926 0.073803 0.098148
5 0.075024 0.401852 0.040567 0.055556
2 0.047410 0.438889 0.019550 0.062963
5 0.012708 0.488889 0.024438 0.027778
5 0.091398 0.504630 0.036168 0.038889
5 0.014174 0.628704 0.028348 0.070370
5 0.007820 0.573611 0.015640 0.067593
5 0.080401 0.680093 0.025904 0.071296
5 0.090420 0.590741 0.036168 0.050000
5 0.189638 0.575926 0.025415 0.053704
5 0.171799 0.695370 0.031769 0.033333
5 0.212366 0.699537 0.045455 0.147222
5 0.006354 0.761574 0.012708 0.060185
5 0.008309 0.854167 0.016618 0.032407
3 0.030792 0.925463 0.034213 0.087963
5 0.250489 0.948148 0.036657 0.101852
5 0.373167 0.906481 0.038612 0.103704
5 0.410068 0.884259 0.027370 0.051852
5 0.385142 0.800463 0.030303 0.067593
5 0.441593 0.925926 0.072825 0.088889
5 0.493402 0.851389 0.018084 0.036111
5 0.384897 0.987037 0.014174 0.018519
5 0.409091 0.977778 0.037146 0.037037
5 0.421065 0.952315 0.016129 0.030556
5 0.471652 0.984259 0.012708 0.025926
5 0.462854 0.800000 0.073314 0.170370
5 0.495846 0.749537 0.018084 0.032407
5 0.463099 0.693056 0.029814 0.086111
5 0.435973 0.709722 0.028348 0.015741
5 0.405914 0.742593 0.027859 0.083333
5 0.450391 0.659259 0.021017 0.046296
5 0.492913 0.569444 0.037634 0.103704
5 0.522483 0.552778 0.021505 0.022222
5 0.505621 0.492593 0.019062 0.059259
5 0.437439 0.568519 0.032258 0.127778
5 0.403959 0.507407 0.030792 0.088889
5 0.309384 0.477315 0.042033 0.052778
5 0.286901 0.439352 0.013685 0.025000
5 0.310850 0.406019 0.044966 0.097222
5 0.293500 0.373611 0.026882 0.050926
5 0.390762 0.415278 0.026882 0.071296
5 0.436217 0.414352 0.076735 0.071296
5 0.145406 0.283333 0.033724 0.061111
5 0.197214 0.309259 0.019062 0.053704
5 0.247801 0.321759 0.029326 0.039815
5 0.252688 0.233333 0.054741 0.120370
5 0.232405 0.165741 0.042522 0.031481
5 0.248534 0.143056 0.041544 0.028704
5 0.302297 0.118519 0.020039 0.025926
5 0.269550 0.090741 0.028837 0.048148
5 0.313783 0.030093 0.043988 0.060185
5 0.388074 0.229167 0.040078 0.089815
5 0.428152 0.320833 0.059629 0.104630
5 0.444526 0.283333 0.035679 0.050000
5 0.422776 0.205556 0.071359 0.103704
5 0.456012 0.208796 0.025415 0.026852
5 0.485337 0.197685 0.034213 0.100926
5 0.503910 0.214352 0.017595 0.039815
5 0.541056 0.191204 0.029326 0.043519
5 0.450147 0.137037 0.064516 0.068519
5 0.449169 0.078704 0.032258 0.053704
5 0.531525 0.104630 0.048387 0.142593
5 0.525415 0.012500 0.043011 0.025000
1 0.599951 0.075926 0.118768 0.151852
1 0.601662 0.216204 0.083089 0.167593
1 0.581134 0.325926 0.154448 0.209259
5 0.652248 0.237500 0.047410 0.100926
5 0.685728 0.245370 0.040078 0.096296
5 0.724096 0.253704 0.025904 0.090741
5 0.647361 0.159259 0.020039 0.055556
5 0.684262 0.196759 0.008798 0.036111
5 0.715787 0.166667 0.026882 0.055556
5 0.687195 0.017130 0.028348 0.034259
5 0.709189 0.025926 0.013685 0.051852
5 0.739492 0.033333 0.028348 0.057407
5 0.659824 0.381944 0.085044 0.110185
5 0.692082 0.393519 0.024438 0.057407
5 0.768328 0.286111 0.020528 0.055556
5 0.667155 0.467593 0.031281 0.083333
5 0.630499 0.490741 0.062561 0.124074
5 0.577224 0.450926 0.026393 0.053704
5 0.684506 0.545370 0.026882 0.075926
5 0.699413 0.547685 0.009775 0.047222
5 0.725806 0.482870 0.055718 0.126852
5 0.574291 0.622222 0.037146 0.125926
5 0.546921 0.668056 0.020528 0.043519
5 0.623167 0.567130 0.077224 0.100926
2 0.568426 0.558333 0.021505 0.083333
5 0.650049 0.714352 0.068426 0.162037
5 0.666178 0.752315 0.017595 0.050926
5 0.581134 0.681019 0.042033 0.073148
2 0.562561 0.757407 0.024438 0.068519
1 0.587732 0.787037 0.066960 0.201852
5 0.638074 0.853241 0.039589 0.104630
5 0.655670 0.870370 0.020039 0.024074
5 0.529081 0.806019 0.047410 0.056481
1 0.572825 0.931019 0.168133 0.128704
5 0.533724 0.976852 0.031281 0.042593
5 0.515640 0.984259 0.021505 0.022222
3 0.736070 0.887037 0.156403 0.218519
5 0.820626 0.957870 0.032258 0.078704
5 0.850929 0.957407 0.059629 0.075926
5 0.752933 0.753704 0.026882 0.116667
5 0.768573 0.775000 0.013196 0.050000
5 0.895406 0.924074 0.054741 0.118519
5 0.959189 0.975000 0.032747 0.040741
5 0.965054 0.936111 0.039589 0.098148
5 0.928397 0.854167 0.046432 0.125000
5 0.981916 0.841204 0.034213 0.082407
5 0.968231 0.797222 0.030303 0.064815
5 0.962121 0.719907 0.037634 0.082407
5 0.851906 0.805556 0.038123 0.081481
5 0.887097 0.776852 0.045943 0.101852
5 0.893451 0.730093 0.024438 0.025000
5 0.844330 0.701852 0.059140 0.109259
5 0.867302 0.670370 0.020039 0.037037
5 0.861926 0.605556 0.064027 0.100000
5 0.903226 0.592130 0.048876 0.056481
5 0.913734 0.566204 0.048387 0.056481
5 0.793255 0.723148 0.017595 0.035185
5 0.785191 0.646296 0.084555 0.164815
5 0.835044 0.612037 0.024927 0.081481
5 0.789589 0.581944 0.034702 0.082407
5 0.807674 0.477778 0.044477 0.077778
5 0.843353 0.533333 0.038612 0.053704
5 0.769306 0.445370 0.080156 0.125926
5 0.961144 0.532870 0.029814 0.073148
5 0.938172 0.488889 0.036657 0.033333
5 0.917644 0.513426 0.013196 0.049074
3 0.879277 0.412037 0.068426 0.087037
5 0.905914 0.457407 0.011241 0.029630
5 0.934506 0.413889 0.042033 0.077778
5 0.975806 0.400926 0.045455 0.144444
5 0.952835 0.421759 0.026882 0.047222
5 0.798143 0.326852 0.035191 0.061111
5 0.874389 0.341204 0.024438 0.047222
5 0.861681 0.300926 0.025415 0.033333
5 0.883431 0.255093 0.030792 0.041667
5 0.936950 0.329167 0.024438 0.025000
5 0.975806 0.303704 0.046432 0.061111
5 0.986559 0.236111 0.024927 0.070370
5 0.957234 0.196296 0.034702 0.044444
5 0.794233 0.228704 0.025415 0.051852
5 0.793255 0.135185 0.083089 0.118519
5 0.829668 0.206944 0.037634 0.128704
5 0.854839 0.139815 0.050831 0.144444
5 0.894917 0.162963 0.032258 0.083333
5 0.950880 0.120833 0.023949 0.047222
5 0.947458 0.064352 0.026882 0.065741
5 0.916911 0.116667 0.019550 0.053704
5 0.807918 0.047222 0.039101 0.094444
5 0.844086 0.017130 0.012708 0.034259
5 0.884409 0.060185 0.037634 0.090741
5 0.901515 0.022222 0.037634 0.044444
5 0.919599 0.034722 0.013196 0.017593
5 0.879032 0.320833 0.011241 0.041667