5 0.827468 0.913889 0.014663 0.033333
5 0.152737 0.878704 0.016129 0.044444
5 0.374633 0.843519 0.020039 0.062963
5 0.024927 0.820370 0.012708 0.029630
5 0.056940 0.818981 0.034702 0.030556
5 0.182307 0.788426 0.012708 0.045370
5 0.386119 0.692130 0.027370 0.056481
5 0.104594 0.656481 0.041056 0.024074
5 0.351662 0.634722 0.036657 0.089815
5 0.163734 0.592130 0.025415 0.087963
5 0.852151 0.562037 0.034702 0.020370
5 0.297165 0.479630 0.014663 0.046296
5 0.827713 0.475463 0.024927 0.067593
5 0.530059 0.430093 0.022972 0.069444
5 0.400538 0.385648 0.030792 0.056481
5 0.663245 0.392593 0.020528 0.048148
5 0.261486 0.374537 0.024438 0.030556
5 0.701124 0.384722 0.022972 0.065741
5 0.473363 0.361574 0.018084 0.058333
5 0.522727 0.290741 0.013196 0.025926
5 0.565982 0.302315 0.041056 0.050926
5 0.812561 0.277315 0.015152 0.037963
5 0.091887 0.262037 0.019550 0.072222
5 0.046921 0.289815 0.049853 0.077778
5 0.838954 0.270370 0.018084 0.059259
5 0.533480 0.196296 0.026882 0.037037
5 0.856305 0.193519 0.015640 0.066667
5 0.718719 0.181481 0.043500 0.064815
5 0.483871 0.125926 0.062561 0.087037
5 0.257087 0.066204 0.020528 0.062037
5 0.697214 0.022222 0.022972 0.040741
5 0.044233 0.988889 0.038612 0.014815
5 0.109238 0.848148 0.053275 0.109259
5 0.270528 0.250463 0.019062 0.049074
5 0.260997 0.280556 0.029326 0.033333
5 0.278592 0.363889 0.018573 0.025926
5 0.381476 0.552778 0.013196 0.027778
5 0.482649 0.791667 0.017107 0.044444
5 0.414223 0.231019 0.039589 0.071296
5 0.334555 0.035648 0.018084 0.025000
5 0.353372 0.069907 0.023460 0.036111
5 0.383187 0.120370 0.023460 0.037037
5 0.500244 0.232407 0.016129 0.024074
5 0.467742 0.026852 0.024438 0.037037
5 0.474096 0.867130 0.017595 0.049074
5 0.523460 0.843519 0.039101 0.042593
5 0.540323 0.577778 0.021017 0.042593
5 0.484848 0.546759 0.012708 0.043519
0 0.591398 0.752315 0.262952 0.493519
5 0.708211 0.808333 0.027370 0.068519
5 0.752444 0.832407 0.032747 0.090741
5 0.736804 0.860648 0.019062 0.075000
5 0.718719 0.958796 0.016129 0.037963
5 0.734115 0.964815 0.032258 0.055556
5 0.708211 0.882870 0.051808 0.089815
5 0.545943 0.445833 0.026393 0.060185
5 0.560850 0.421759 0.019062 0.054630
0 0.560117 0.349074 0.225806 0.281481
5 0.615836 0.393519 0.027370 0.037037
5 0.741935 0.121296 0.037146 0.064815
5 0.733382 0.429630 0.038612 0.098148
5 0.760020 0.416667 0.031281 0.042593
5 0.755376 0.381944 0.038612 0.076852
5 0.840176 0.418519 0.023460 0.057407
5 0.832356 0.388426 0.021505 0.043519
5 0.832845 0.368056 0.014663 0.036111
5 0.861193 0.382407 0.019550 0.029630
5 0.849462 0.285648 0.011730 0.047222
5 0.801808 0.546759 0.022972 0.028704
5 0.769550 0.522685 0.015152 0.036111
5 0.856061 0.084259 0.042522 0.051852
5 0.902737 0.067130 0.029326 0.065741
5 0.937439 0.277778 0.038123 0.029630
5 0.981183 0.100463 0.033724 0.036111
5 0.953568 0.023611 0.032258 0.045370
5 0.944526 0.080093 0.021994 0.047222
5 0.926197 0.087037 0.042033 0.064815
5 0.940860 0.135648 0.026393 0.052778
5 0.964565 0.209259 0.047410 0.053704
5 0.953568 0.181944 0.021505 0.054630
5 0.924487 0.166204 0.030792 0.045370
5 0.926686 0.212037 0.050831 0.083333
5 0.653959 0.109259 0.023460 0.046296
0 0.549853 0.082407 0.162268 0.162963
5 0.829668 0.765278 0.022972 0.049074
5 0.854350 0.845833 0.031281 0.062037
5 0.949169 0.961111 0.044966 0.074074
5 0.960655 0.880093 0.033724 0.050926
5 0.987537 0.855093 0.018084 0.080556
5 0.947947 0.733796 0.035679 0.060185
5 0.929130 0.815741 0.043988 0.074074
5 0.905181 0.832407 0.023460 0.038889
5 0.893695 0.868981 0.018084 0.032407
5 0.892229 0.906481 0.014174 0.033333