5 0.004643 0.791667 0.005376 0.027778
5 0.190127 0.681944 0.018573 0.067593
5 0.078690 0.625000 0.006843 0.020370
5 0.047410 0.581481 0.013685 0.012963
5 0.527370 0.579630 0.020528 0.022222
5 0.543500 0.536574 0.010753 0.019444
5 0.362659 0.536574 0.032258 0.060185
5 0.349218 0.475926 0.021017 0.024074
5 0.034946 0.356481 0.020039 0.025926
5 0.068182 0.266667 0.010264 0.035185
2 0.034702 0.226852 0.066471 0.025926
5 0.189638 0.065741 0.026393 0.040741
5 0.360948 0.068056 0.006354 0.021296
5 0.570870 0.587037 0.037146 0.059259
0 0.529570 0.884722 0.350440 0.221296
5 0.577224 0.956944 0.045943 0.060185
0 0.511241 0.764352 0.319648 0.443519
5 0.631965 0.012037 0.021505 0.024074
0 0.560117 0.193056 0.230694 0.380556
0 0.572092 0.276389 0.357283 0.549074