4 0.266618 0.081019 0.060117 0.134259
5 0.311584 0.083333 0.023949 0.040741
5 0.330645 0.071759 0.021994 0.036111
1 0.233871 0.309259 0.122678 0.298148
1 0.227273 0.486111 0.194526 0.231481
1 0.256598 0.624537 0.112414 0.193519
1 0.251222 0.914815 0.107527 0.166667
5 0.483627 0.039352 0.038612 0.054630
5 0.559873 0.223148 0.047410 0.064815
5 0.538612 0.663426 0.030303 0.073148
5 0.417155 0.798148 0.030792 0.048148
5 0.567693 0.654630 0.039589 0.066667
5 0.586266 0.789815 0.031769 0.064815
5 0.666911 0.248611 0.044477 0.058333
1 0.773949 0.200463 0.119746 0.221296
1 0.759286 0.369907 0.132454 0.202778
1 0.766129 0.487963 0.128543 0.170370
1 0.770039 0.642593 0.161779 0.296296
5 0.697214 0.814815 0.029814 0.050000
5 0.757820 0.820370 0.035679 0.051852
5 0.686706 0.493056 0.031281 0.060185
5 0.692571 0.399537 0.053763 0.058333
5 0.672287 0.024074 0.048387 0.048148
5 0.716031 0.056944 0.078201 0.099074
5 0.886119 0.421296 0.024438 0.046296
5 0.794721 0.075000 0.024438 0.038889
5 0.832845 0.032407 0.048876 0.062963
5 0.833822 0.603241 0.028348 0.063889
5 0.568915 0.525463 0.021505 0.037963
5 0.967742 0.633796 0.029326 0.058333
5 0.801564 0.184722 0.025415 0.041667
5 0.808651 0.129167 0.022972 0.041667