5 0.008553 0.792130 0.015152 0.075000
5 0.582600 0.618981 0.024438 0.025000
5 0.533480 0.601852 0.013196 0.025926
4 0.016862 0.484722 0.033724 0.043519
5 0.607527 0.456481 0.008798 0.025926
5 0.532014 0.401852 0.008309 0.029630
5 0.572336 0.035648 0.019550 0.036111
1 0.267840 0.116204 0.163245 0.232407
3 0.229717 0.244907 0.085044 0.123148
1 0.292522 0.329630 0.163734 0.140741
3 0.246334 0.465741 0.087977 0.150000
1 0.284702 0.623148 0.164712 0.259259
3 0.219697 0.711574 0.065005 0.182407
3 0.232160 0.832407 0.068426 0.246296
5 0.482160 0.812037 0.029814 0.055556
1 0.794721 0.937037 0.105572 0.124074
1 0.811584 0.832407 0.160802 0.198148
3 0.811095 0.501852 0.095308 0.205556
1 0.816960 0.629630 0.111926 0.216667
1 0.834066 0.060185 0.095308 0.120370
1 0.819648 0.171296 0.145650 0.220370
3 0.858260 0.358333 0.170088 0.148148
5 0.959677 0.601389 0.014174 0.019444