0 0.549609 0.139352 0.250733 0.228704
0 0.577468 0.543981 0.306452 0.593519
0 0.556696 0.881944 0.183773 0.121296
5 0.590420 0.984259 0.072336 0.022222
5 0.339932 0.285185 0.070870 0.094444
5 0.454301 0.128241 0.014174 0.026852
5 0.323314 0.638889 0.025904 0.048148
5 0.270772 0.490278 0.018573 0.045370
5 0.104594 0.363889 0.043011 0.074074
5 0.090420 0.457870 0.052786 0.087963
5 0.303030 0.775463 0.029326 0.052778
5 0.760020 0.176389 0.030303 0.052778
5 0.884897 0.658796 0.054252 0.084259
5 0.767840 0.759722 0.023460 0.052778
5 0.745601 0.806019 0.021994 0.036111
5 0.783236 0.954630 0.027859 0.072222
5 0.914956 0.841204 0.043011 0.145370
5 0.875367 0.803704 0.019550 0.061111
5 0.875367 0.923611 0.036168 0.067593
5 0.965054 0.501389 0.028837 0.054630
5 0.964321 0.725463 0.016618 0.045370
5 0.982893 0.464815 0.027370 0.074074
5 0.971652 0.346759 0.024438 0.041667
5 0.984115 0.241667 0.025904 0.064815
5 0.966520 0.134722 0.029814 0.065741
5 0.892962 0.114815 0.043011 0.105556
5 0.915689 0.043519 0.029814 0.033333
5 0.987537 0.078704 0.016129 0.064815
5 0.869501 0.264815 0.017595 0.051852