5 0.746579 0.980093 0.034702 0.037963
5 0.211877 0.969907 0.031769 0.049074
5 0.401271 0.916204 0.023460 0.050926
5 0.990714 0.890278 0.017595 0.025000
1 0.601906 0.910648 0.182307 0.176852
5 0.202590 0.835648 0.018084 0.030556
5 0.979228 0.817593 0.023949 0.035185
5 0.921065 0.805093 0.011241 0.036111
5 0.900293 0.830093 0.016618 0.049074
5 0.184262 0.802315 0.008798 0.039815
5 0.418622 0.794907 0.040567 0.039815
5 0.986070 0.779630 0.026882 0.033333
5 0.274927 0.737963 0.042522 0.066667
5 0.534457 0.688426 0.019062 0.043519
5 0.042033 0.598148 0.068426 0.064815
5 0.765396 0.612963 0.025415 0.087037
5 0.240225 0.550463 0.014174 0.030556
5 0.308162 0.550463 0.020039 0.050926
5 0.702835 0.521296 0.026393 0.075926
5 0.329912 0.469907 0.054741 0.104630
5 0.413245 0.421759 0.029814 0.071296
5 0.855327 0.384722 0.022483 0.050926
5 0.805718 0.380093 0.019062 0.021296
5 0.490958 0.374537 0.021017 0.045370
5 0.681085 0.355556 0.039589 0.035185
5 0.710899 0.337500 0.027859 0.037963
5 0.486559 0.296759 0.034702 0.030556
5 0.942082 0.283333 0.027859 0.033333
5 0.059140 0.281019 0.035191 0.052778
5 0.358260 0.257407 0.018573 0.031481
5 0.332356 0.256944 0.024438 0.043519
5 0.535679 0.240741 0.035191 0.038889
5 0.300342 0.257870 0.036657 0.084259
5 0.199169 0.225463 0.010264 0.026852
5 0.036168 0.176389 0.019550 0.049074
5 0.327957 0.113426 0.016618 0.050926
5 0.377322 0.103704 0.013685 0.033333
5 0.280792 0.100463 0.036657 0.052778
5 0.511241 0.083333 0.017595 0.064815
5 0.055230 0.076852 0.015640 0.031481
5 0.284457 0.032870 0.062561 0.065741
5 0.848240 0.062037 0.028837 0.101852
5 0.746090 0.030093 0.058162 0.060185
5 0.032747 0.503241 0.022483 0.034259
5 0.046921 0.493981 0.026393 0.050926
5 0.052542 0.513426 0.019062 0.039815
5 0.067693 0.581019 0.021994 0.037963
5 0.088221 0.886574 0.024927 0.034259
5 0.113392 0.606944 0.036168 0.030556
5 0.109971 0.578241 0.023460 0.037963
5 0.101906 0.516667 0.021017 0.035185
5 0.118035 0.496759 0.013196 0.034259
5 0.168866 0.483333 0.035679 0.077778
5 0.117058 0.375000 0.017107 0.053704
5 0.101173 0.253704 0.017595 0.040741
5 0.189394 0.280093 0.015152 0.037963
5 0.241447 0.258333 0.026393 0.044444
5 0.248045 0.230556 0.012219 0.035185
5 0.285679 0.163889 0.017107 0.029630
5 0.128543 0.205556 0.027370 0.016667
5 0.210411 0.192593 0.036657 0.018519
5 0.276637 0.120370 0.024438 0.037037
5 0.252933 0.672685 0.036657 0.058333
5 0.457722 0.055556 0.031769 0.044444
5 0.419355 0.149074 0.020528 0.027778
5 0.374878 0.558796 0.032258 0.062037
5 0.371945 0.525463 0.010753 0.030556
5 0.489003 0.505093 0.006354 0.021296
5 0.492913 0.525000 0.015152 0.024074
5 0.404692 0.692130 0.037146 0.026852
5 0.384897 0.686111 0.023949 0.027778
5 0.332600 0.671296 0.032747 0.064815
5 0.377322 0.725000 0.068426 0.103704
5 0.542033 0.734259 0.023460 0.031481
5 0.558895 0.737963 0.008309 0.027778
5 0.562805 0.762500 0.030792 0.060185
5 0.513441 0.630556 0.022972 0.033333
5 0.596530 0.187500 0.006354 0.019444
2 0.599462 0.193519 0.051320 0.068519
1 0.589443 0.020370 0.029326 0.038889
2 0.580645 0.057870 0.066471 0.037963
5 0.586755 0.041204 0.026882 0.041667
1 0.588954 0.354630 0.132942 0.201852
5 0.700635 0.010648 0.020039 0.021296
5 0.708700 0.142130 0.052786 0.086111
5 0.695992 0.170370 0.025415 0.031481
5 0.689394 0.152315 0.019062 0.032407
5 0.675464 0.500926 0.023460 0.033333
5 0.557918 0.432407 0.030792 0.038889
1 0.603861 0.508333 0.141251 0.190741
5 0.761730 0.488426 0.067937 0.106481
5 0.755132 0.554630 0.023460 0.029630
1 0.717253 0.638889 0.054252 0.074074
5 0.654448 0.632870 0.020528 0.037963
5 0.643695 0.564352 0.015640 0.023148
5 0.628788 0.613426 0.051320 0.102778
5 0.622434 0.685648 0.020039 0.056481
5 0.655914 0.678241 0.026393 0.037963
5 0.816471 0.767130 0.017107 0.056481
5 0.841153 0.714815 0.028348 0.046296
5 0.845064 0.767130 0.015640 0.036111
5 0.865591 0.903241 0.086022 0.106481
5 0.869257 0.812500 0.017107 0.050926
5 0.828446 0.837500 0.021505 0.030556
5 0.838710 0.874537 0.019550 0.050926
5 0.842375 0.932870 0.020039 0.052778
5 0.815738 0.941667 0.029326 0.079630
5 0.834311 0.962500 0.016618 0.025000
5 0.819159 0.981944 0.016618 0.032407
5 0.839443 0.982407 0.010264 0.031481
5 0.842375 0.577778 0.029814 0.077778
5 0.988025 0.506944 0.021017 0.039815
5 0.773460 0.382407 0.018084 0.031481
5 0.785191 0.234722 0.022972 0.052778
5 0.854839 0.138889 0.019550 0.044444
5 0.732405 0.106481 0.019062 0.044444
5 0.805963 0.094444 0.022483 0.018519
5 0.988025 0.260185 0.014174 0.053704
5 0.953568 0.418519 0.022483 0.038889
5 0.887586 0.379630 0.017595 0.042593