0 0.470674 0.658333 0.131965 0.590741
5 0.387097 0.689352 0.021505 0.043519
5 0.429619 0.649537 0.012708 0.030556
5 0.406158 0.615741 0.031281 0.064815
5 0.280059 0.371296 0.042033 0.068519
5 0.253666 0.444907 0.035191 0.056481
5 0.198192 0.325926 0.035679 0.061111
5 0.199413 0.206944 0.031281 0.028704
5 0.205767 0.118519 0.042033 0.055556
5 0.217009 0.040278 0.022483 0.026852
5 0.203079 0.590741 0.031769 0.057407
5 0.129277 0.368981 0.021017 0.050926
5 0.196725 0.706944 0.032747 0.043519
5 0.206500 0.823611 0.028837 0.034259
5 0.259286 0.756481 0.018084 0.029630
5 0.240714 0.800463 0.018084 0.032407
5 0.332356 0.662963 0.043988 0.038889
5 0.300587 0.524074 0.026393 0.044444
5 0.295943 0.713889 0.013196 0.048148
5 0.253666 0.913889 0.030303 0.038889
5 0.075758 0.973611 0.035191 0.039815
5 0.039101 0.926852 0.029326 0.053704
5 0.014907 0.818981 0.026882 0.062037
5 0.031036 0.260648 0.021994 0.030556
5 0.371945 0.082870 0.027370 0.041667
5 0.375367 0.033333 0.020528 0.025926
5 0.310606 0.265741 0.016129 0.050000
5 0.390762 0.336574 0.021017 0.041667
5 0.498289 0.348611 0.021994 0.043519
5 0.477517 0.316667 0.025415 0.050000
5 0.394184 0.967593 0.032747 0.040741
2 0.498289 0.123611 0.021994 0.030556
2 0.495601 0.030556 0.022483 0.042593
2 0.519550 0.272222 0.027370 0.024074
5 0.536168 0.259259 0.010753 0.037037
5 0.807674 0.822222 0.025904 0.050000
5 0.708944 0.743981 0.025904 0.039815
5 0.752933 0.837500 0.030792 0.054630
5 0.776637 0.756481 0.022483 0.040741
5 0.745601 0.719907 0.021994 0.039815
5 0.798876 0.449537 0.023949 0.039815
5 0.759042 0.226852 0.031281 0.035185
5 0.692326 0.081944 0.027859 0.034259
5 0.924731 0.414815 0.023460 0.070370
5 0.915689 0.347685 0.022972 0.052778
5 0.936461 0.297685 0.020528 0.036111
5 0.907136 0.264815 0.031281 0.087037
5 0.972385 0.468056 0.021017 0.045370
5 0.971896 0.574537 0.028837 0.062037
5 0.985826 0.689352 0.015640 0.047222
5 0.974829 0.700926 0.022972 0.070370
5 0.972385 0.757870 0.022972 0.026852
5 0.970674 0.850000 0.036168 0.051852
5 0.896628 0.812963 0.015152 0.048148
5 0.937683 0.778241 0.027859 0.054630
5 0.962121 0.625463 0.022972 0.023148
5 0.952102 0.656481 0.012708 0.025926
5 0.984360 0.268056 0.012708 0.037963
5 0.956745 0.320833 0.026882 0.045370
5 0.925953 0.070370 0.027859 0.037037
5 0.813783 0.100926 0.031281 0.050000
5 0.730938 0.176852 0.025904 0.031481
5 0.855083 0.387037 0.016129 0.050000
5 0.892962 0.371296 0.019550 0.046296
5 0.870723 0.014815 0.015152 0.020370
5 0.989247 0.099074 0.015640 0.035185
5 0.960166 0.509722 0.021994 0.028704
0 0.908602 0.855556 0.027370 0.050000
5 0.907625 0.897222 0.023460 0.024074
0 0.914956 0.699537 0.029326 0.054630
0 0.919844 0.660648 0.036168 0.036111
0 0.897605 0.434259 0.023949 0.061111
5 0.846774 0.268981 0.027859 0.039815
5 0.807674 0.315278 0.021017 0.017593
5 0.829668 0.368056 0.025904 0.049074
5 0.913734 0.164815 0.031769 0.033333
5 0.866325 0.107407 0.021994 0.040741
5 0.898094 0.082870 0.032747 0.037963
5 0.889052 0.198611 0.018573 0.021296
5 0.968475 0.357870 0.023949 0.032407
5 0.852151 0.745370 0.026882 0.027778