5 0.332600 0.062037 0.046432 0.074074
5 0.379521 0.183333 0.031769 0.092593
5 0.321359 0.160648 0.023949 0.052778
5 0.298387 0.494444 0.059140 0.098148
5 0.464565 0.468519 0.026882 0.059259
5 0.485093 0.106481 0.033724 0.092593
5 0.500978 0.034722 0.030303 0.069444
5 0.533724 0.102315 0.031281 0.043519
5 0.506843 0.225000 0.048876 0.122222
5 0.498778 0.363426 0.027859 0.030556
0 0.755865 0.071759 0.105083 0.143519
5 0.782014 0.746759 0.069404 0.065741
5 0.864370 0.911574 0.034702 0.078704
5 0.747801 0.842130 0.029326 0.050926
5 0.471408 0.783796 0.045455 0.106481
0 0.560117 0.897222 0.283480 0.196296
5 0.939150 0.229630 0.021994 0.035185
5 0.156647 0.160185 0.052297 0.062963
5 0.180841 0.112963 0.036168 0.051852
0 0.623412 0.290278 0.265396 0.328704
0 0.631965 0.621296 0.271750 0.572222