5 0.136608 0.156481 0.034702 0.046296
5 0.073803 0.485648 0.041056 0.082407
5 0.107038 0.470370 0.024438 0.051852
5 0.062561 0.727315 0.026393 0.041667
5 0.055230 0.690741 0.016618 0.046296
0 0.587732 0.672685 0.281036 0.289815
0 0.572825 0.322685 0.286413 0.312037
0 0.563050 0.120370 0.093842 0.240741
0 0.570870 0.906481 0.167155 0.183333
5 0.884653 0.704630 0.028348 0.051852
5 0.921065 0.719907 0.018084 0.050926
5 0.917155 0.775926 0.032747 0.050000
5 0.912268 0.977315 0.030792 0.043519
5 0.791789 0.508796 0.029326 0.047222
5 0.814761 0.029630 0.032258 0.053704
5 0.801808 0.192593 0.026882 0.061111
5 0.925464 0.862500 0.020039 0.052778
5 0.912023 0.560185 0.026393 0.061111
5 0.817937 0.144444 0.030792 0.053704
5 0.847019 0.133796 0.023460 0.063889