0 0.494868 0.074074 0.047410 0.148148
5 0.389052 0.345370 0.031281 0.059259
5 0.218719 0.591204 0.020039 0.063889
5 0.250000 0.533796 0.021994 0.037963
0 0.438416 0.793519 0.213099 0.135185
0 0.442815 0.907407 0.114370 0.179630
4 0.933040 0.716204 0.058651 0.104630
4 0.846530 0.597685 0.049853 0.084259
4 0.933773 0.847222 0.043500 0.075926
4 0.987537 0.693056 0.022972 0.067593
5 0.971408 0.267593 0.033724 0.040741
5 0.973851 0.181019 0.014174 0.034259
4 0.913001 0.104630 0.072336 0.109259
5 0.938661 0.200000 0.023949 0.048148
5 0.985337 0.602315 0.028348 0.043519
5 0.955767 0.572222 0.015152 0.046296
5 0.946970 0.622222 0.026882 0.042593
5 0.889052 0.655093 0.019550 0.039815
5 0.945259 0.487037 0.015640 0.031481
5 0.972385 0.407870 0.016129 0.039815
4 0.914956 0.277778 0.053763 0.042593
5 0.808895 0.233333 0.024438 0.042593
5 0.757820 0.242130 0.024927 0.034259
5 0.711144 0.136574 0.017595 0.041667
5 0.749756 0.110648 0.015640 0.034259
5 0.600196 0.351389 0.019550 0.030556
0 0.445992 0.501852 0.172532 0.335185
5 0.460655 0.580093 0.016129 0.026852
5 0.333333 0.585648 0.020528 0.030556
5 0.253910 0.291667 0.018084 0.037037