5 0.770039 0.791667 0.011241 0.020370
2 0.492669 0.732870 0.017595 0.019444
4 0.832845 0.593519 0.022483 0.031481
5 0.784946 0.522685 0.011730 0.026852
5 0.117058 0.408796 0.011241 0.023148
5 0.890274 0.343981 0.009286 0.025000
5 0.826735 0.340741 0.025904 0.038889
5 0.003666 0.068056 0.007331 0.023148
5 0.056940 0.007407 0.021017 0.012963
5 0.028348 0.075000 0.013685 0.012963
5 0.014174 0.857407 0.008798 0.011111
5 0.080645 0.878704 0.019550 0.040741
5 0.112170 0.852315 0.008309 0.019444
5 0.002688 0.899074 0.004399 0.020370
5 0.348729 0.485185 0.006354 0.014815
5 0.479228 0.427778 0.006354 0.012963
4 0.617058 0.903241 0.021994 0.050926
5 0.432063 0.946296 0.013685 0.012963
5 0.581867 0.987963 0.022972 0.022222
0 0.593842 0.661111 0.160313 0.435185
5 0.618035 0.722685 0.009286 0.017593
0 0.619990 0.330093 0.184262 0.237963
0 0.650293 0.106944 0.198925 0.213889
5 0.676442 0.015278 0.008798 0.017593
5 0.694526 0.379630 0.006843 0.022222
3 0.916667 0.709259 0.025904 0.046296
2 0.979472 0.614815 0.037146 0.037037
5 0.164712 0.936574 0.019550 0.015741