5 0.412757 0.089815 0.034702 0.037037
5 0.458700 0.029167 0.020039 0.052778
5 0.474096 0.081481 0.032258 0.035185
5 0.469453 0.164352 0.014174 0.025000
5 0.434506 0.365278 0.025415 0.052778
5 0.364125 0.417593 0.037146 0.075926
5 0.406158 0.394444 0.012708 0.038889
5 0.251466 0.209722 0.083578 0.097222
5 0.296432 0.137037 0.022972 0.048148
5 0.344330 0.116667 0.021017 0.035185
5 0.241935 0.581481 0.060606 0.109259
5 0.340176 0.680556 0.036168 0.070370
5 0.403470 0.524074 0.063050 0.162963
5 0.420821 0.434259 0.046921 0.057407
5 0.285191 0.968519 0.033724 0.048148
5 0.114858 0.882870 0.043011 0.062037
5 0.232649 0.813889 0.027370 0.024074
5 0.009531 0.823148 0.016129 0.048148
5 0.017107 0.623148 0.029326 0.035185
5 0.097263 0.551852 0.012708 0.033333
5 0.008553 0.298611 0.016129 0.076852
5 0.010997 0.199074 0.016129 0.070370
5 0.036413 0.144444 0.071848 0.085185
5 0.026393 0.048148 0.049853 0.094444
5 0.177908 0.110648 0.016618 0.036111
5 0.095064 0.425000 0.013196 0.035185
5 0.030547 0.514352 0.058162 0.102778
5 0.123412 0.812037 0.011241 0.022222
5 0.130499 0.933333 0.018573 0.031481
5 0.376833 0.372222 0.018573 0.038889
5 0.398583 0.579167 0.014174 0.036111
5 0.466031 0.557407 0.044477 0.038889
5 0.496334 0.504630 0.016129 0.053704
5 0.512219 0.606944 0.105572 0.150926
0 0.649560 0.446296 0.264907 0.203704
5 0.623412 0.411111 0.021994 0.059259
5 0.647361 0.425463 0.016129 0.091667
5 0.679130 0.424537 0.035679 0.041667
5 0.730938 0.318056 0.055230 0.076852
5 0.880254 0.381944 0.029326 0.041667
0 0.630987 0.159259 0.323558 0.318519
5 0.971408 0.111574 0.046432 0.073148
5 0.980694 0.656481 0.027859 0.048148
5 0.921310 0.775000 0.016618 0.038889
5 0.973607 0.875000 0.035191 0.072222
5 0.988759 0.771759 0.015640 0.063889
5 0.703324 0.559722 0.037146 0.043519
5 0.481916 0.963426 0.047898 0.063889
5 0.720430 0.879630 0.072336 0.168519
0 0.612414 0.873611 0.181818 0.250926
0 0.621212 0.756019 0.161290 0.230556