5 0.094575 0.729630 0.031769 0.062963
5 0.061584 0.924537 0.036168 0.089815
5 0.131232 0.008333 0.017107 0.016667
5 0.150293 0.050926 0.028837 0.066667
1 0.209677 0.717130 0.113392 0.195370
5 0.290811 0.730556 0.028348 0.040741
5 0.265152 0.789815 0.039589 0.057407
5 0.256843 0.929630 0.036657 0.040741
5 0.273216 0.854167 0.024438 0.036111
2 0.283969 0.871759 0.048876 0.065741
5 0.345797 0.838426 0.017107 0.037963
5 0.196970 0.929630 0.026393 0.025926
5 0.331623 0.980093 0.050342 0.037963
2 0.289834 0.649537 0.037146 0.106481
5 0.289101 0.560185 0.019062 0.035185
5 0.267107 0.482407 0.016129 0.029630
5 0.296676 0.507407 0.012708 0.016667
5 0.316960 0.495370 0.018084 0.029630
1 0.239736 0.402315 0.125611 0.139815
5 0.291789 0.413889 0.012708 0.061111
5 0.281281 0.382870 0.008309 0.047222
5 0.359238 0.365278 0.014663 0.026852
5 0.323803 0.240741 0.035679 0.048148
5 0.321603 0.262037 0.023460 0.035185
5 0.356305 0.167130 0.081134 0.121296
5 0.330156 0.139815 0.016129 0.027778
5 0.360215 0.250463 0.012708 0.045370
1 0.234848 0.098148 0.102151 0.192593
1 0.241691 0.035185 0.128543 0.070370
5 0.262952 0.137963 0.025415 0.053704
5 0.308651 0.065278 0.023949 0.041667
5 0.149071 0.085648 0.017595 0.023148
5 0.571848 0.964815 0.025415 0.057407
5 0.404203 0.827778 0.037146 0.094444
5 0.434751 0.802778 0.030792 0.037037
5 0.481672 0.775000 0.078690 0.174074
5 0.515396 0.682870 0.038612 0.112037
5 0.524927 0.729167 0.022483 0.049074
5 0.551564 0.656019 0.021017 0.036111
5 0.424242 0.927315 0.075269 0.137963
5 0.486315 0.887037 0.045943 0.094444
5 0.444037 0.952315 0.021017 0.062037
5 0.486559 0.956481 0.020039 0.083333
5 0.432063 0.983333 0.015640 0.031481
5 0.464321 0.971296 0.035191 0.055556
5 0.513930 0.808333 0.023949 0.035185
5 0.628543 0.901389 0.022483 0.060185
5 0.652737 0.840741 0.063050 0.103704
5 0.677175 0.935185 0.012219 0.020370
5 0.640518 0.593981 0.029814 0.043519
5 0.650538 0.534722 0.030303 0.073148
5 0.680596 0.507407 0.014174 0.035185
5 0.685728 0.450000 0.022483 0.070370
5 0.584800 0.632407 0.013196 0.031481
5 0.418377 0.599074 0.027370 0.070370
5 0.410313 0.599074 0.021017 0.038889
5 0.414467 0.657870 0.037146 0.052778
5 0.490958 0.671296 0.021994 0.046296
5 0.377077 0.638889 0.063050 0.124074
5 0.361681 0.460185 0.029326 0.050000
5 0.477761 0.460648 0.022972 0.078704
5 0.545210 0.405093 0.035679 0.091667
5 0.568671 0.368519 0.018084 0.062963
5 0.598240 0.388426 0.018573 0.102778
5 0.459189 0.340278 0.033724 0.036111
5 0.477273 0.178704 0.045455 0.118519
5 0.461632 0.239352 0.021017 0.039815
5 0.421310 0.301852 0.015640 0.029630
5 0.469208 0.084722 0.032258 0.060185
5 0.460655 0.018056 0.025904 0.034259
5 0.561584 0.395370 0.015640 0.038889
5 0.534213 0.112037 0.036168 0.051852
5 0.565982 0.113889 0.059629 0.057407
5 0.583333 0.172222 0.055230 0.072222
5 0.571603 0.206481 0.020039 0.025926
5 0.585533 0.233796 0.015640 0.041667
5 0.620235 0.041204 0.043988 0.082407
5 0.654692 0.175000 0.021994 0.059259
1 0.756354 0.901852 0.084555 0.181481
5 0.762952 0.970833 0.016618 0.052778
5 0.808407 0.826389 0.041056 0.099074
5 0.774682 0.795370 0.022483 0.068519
5 0.758065 0.764815 0.006843 0.024074
5 0.806696 0.689352 0.033724 0.130556
1 0.765885 0.517130 0.051808 0.228704
1 0.752933 0.671759 0.086510 0.187963
2 0.800098 0.637037 0.075269 0.055556
5 0.790323 0.629630 0.020528 0.037037
5 0.791544 0.581481 0.007331 0.031481
5 0.810850 0.334259 0.022483 0.068519
5 0.821114 0.281019 0.028348 0.041667
5 0.839198 0.323611 0.020528 0.087963
5 0.694037 0.353241 0.048876 0.108333
5 0.721163 0.311111 0.041544 0.101852
5 0.732649 0.259722 0.043011 0.065741
5 0.752199 0.277315 0.023460 0.037963
5 0.767595 0.185185 0.025904 0.072222
5 0.681085 0.169444 0.034702 0.053704
5 0.679619 0.200926 0.010264 0.007407
5 0.693304 0.075926 0.062072 0.118519
5 0.685728 0.010648 0.024438 0.021296
5 0.725562 0.103241 0.016129 0.041667
5 0.846530 0.080093 0.032258 0.052778
5 0.850440 0.208796 0.033236 0.036111
5 0.881720 0.200926 0.043011 0.074074
5 0.786413 0.038889 0.053763 0.077778
5 0.838221 0.052315 0.021505 0.030556
5 0.817693 0.078241 0.010753 0.032407
5 0.799853 0.108796 0.020039 0.036111
5 0.902493 0.037037 0.043500 0.074074
5 0.926442 0.119444 0.059140 0.109259
5 0.992424 0.061574 0.014174 0.047222
5 0.922532 0.335185 0.028837 0.070370
5 0.964321 0.328704 0.070381 0.188889
5 0.988514 0.444444 0.021994 0.116667
5 0.956500 0.433333 0.046921 0.098148
5 0.948925 0.514815 0.017107 0.103704
5 0.957722 0.564352 0.055230 0.100926
5 0.867058 0.690741 0.061584 0.075926
5 0.890029 0.753241 0.028348 0.058333
5 0.907625 0.804167 0.032258 0.076852
5 0.982893 0.657407 0.033236 0.112963
2 0.812805 0.806481 0.020528 0.164815