5 0.975806 0.980093 0.012219 0.023148
5 0.734360 0.983796 0.025904 0.026852
1 0.299853 0.983796 0.021994 0.030556
5 0.885875 0.981481 0.017107 0.035185
5 0.472141 0.928241 0.020528 0.023148
1 0.779081 0.937500 0.063539 0.102778
5 0.196970 0.807870 0.007820 0.013889
5 0.019306 0.714815 0.016129 0.038889
4 0.091642 0.658333 0.010264 0.018519
5 0.413001 0.383333 0.024438 0.040741
3 0.362414 0.352315 0.009286 0.017593
5 0.573314 0.316204 0.010753 0.025000
5 0.553275 0.280556 0.022483 0.025926
5 0.333578 0.157407 0.026882 0.066667
5 0.984360 0.125463 0.029326 0.036111
5 0.964565 0.118519 0.010264 0.031481
5 0.964321 0.073148 0.045943 0.037037
1 0.771261 0.010185 0.044966 0.020370
1 0.271261 0.823148 0.102639 0.351852
2 0.224096 0.837500 0.054252 0.075000
4 0.229228 0.725463 0.023460 0.037963
5 0.229961 0.644907 0.034702 0.047222
1 0.280059 0.524074 0.086022 0.261111
1 0.276882 0.389815 0.166667 0.183333
5 0.293011 0.310185 0.020039 0.033333
1 0.267840 0.254630 0.106549 0.137037
5 0.363148 0.143981 0.024438 0.041667
5 0.395650 0.134259 0.021994 0.022222
5 0.365591 0.041667 0.040078 0.083333
1 0.272972 0.082407 0.157869 0.157407
5 0.214809 0.183796 0.029814 0.056481
5 0.725562 0.844444 0.023949 0.053704
5 0.705279 0.841667 0.007820 0.033333
5 0.726540 0.728704 0.022972 0.066667
5 0.719697 0.762963 0.019062 0.061111
5 0.713343 0.780556 0.010264 0.020370
1 0.794477 0.803241 0.097263 0.145370
2 0.824291 0.809259 0.074780 0.138889
5 0.761975 0.537500 0.043011 0.076852
5 0.796676 0.587963 0.051808 0.070370
2 0.854594 0.555093 0.074780 0.071296
5 0.845797 0.569444 0.017107 0.031481
1 0.804252 0.673611 0.111926 0.199074
1 0.819159 0.462963 0.107527 0.137037
5 0.533969 0.525926 0.023949 0.042593
5 0.547165 0.532870 0.020039 0.032407
5 0.522727 0.582407 0.057185 0.116667
5 0.520772 0.446759 0.024927 0.063889
4 0.546921 0.453704 0.031281 0.066667
5 0.716520 0.442130 0.036168 0.054630
1 0.804985 0.331944 0.141740 0.197222
5 0.846285 0.341667 0.024927 0.087037
5 0.711632 0.213889 0.014663 0.064815
5 0.764174 0.159722 0.065982 0.121296
5 0.787146 0.205556 0.026882 0.037037
5 0.744868 0.237037 0.017595 0.031481
5 0.839198 0.207870 0.033236 0.049074
5 0.850929 0.163426 0.029326 0.058333
5 0.826246 0.126389 0.021994 0.043519
2 0.795210 0.160185 0.098729 0.105556
5 0.704790 0.599074 0.025415 0.057407
4 0.693304 0.622685 0.021017 0.028704
5 0.724096 0.638889 0.015152 0.051852
5 0.650293 0.747222 0.017107 0.042593
5 0.646628 0.793981 0.016618 0.032407
5 0.593109 0.762963 0.015152 0.035185
5 0.601662 0.785648 0.035191 0.071296
5 0.628055 0.837500 0.017595 0.041667
5 0.578446 0.900000 0.023949 0.031481
5 0.593597 0.925000 0.019062 0.051852
5 0.491935 0.966667 0.018084 0.022222
5 0.424731 0.704630 0.021505 0.048148
5 0.487537 0.677315 0.019062 0.054630
5 0.509531 0.639815 0.014174 0.022222
5 0.397116 0.620833 0.038612 0.076852
5 0.418377 0.581481 0.005865 0.014815
5 0.377810 0.522685 0.007820 0.017593
5 0.391740 0.523148 0.003421 0.012963
5 0.391496 0.473148 0.038123 0.062963
5 0.452346 0.486574 0.020039 0.032407
5 0.538123 0.695833 0.029326 0.058333
5 0.536413 0.755556 0.021994 0.068519
5 0.590665 0.677315 0.016129 0.026852
5 0.594086 0.625463 0.014174 0.021296
5 0.054741 0.746759 0.030303 0.045370
5 0.013685 0.913889 0.027370 0.090741
5 0.126833 0.889815 0.020039 0.046296
5 0.169599 0.651389 0.024438 0.045370
5 0.107038 0.584722 0.028348 0.076852
5 0.081134 0.535185 0.011730 0.025926
5 0.106794 0.552315 0.018084 0.039815
5 0.158602 0.501852 0.030792 0.074074
4 0.022727 0.462963 0.018084 0.061111
5 0.032991 0.230093 0.021994 0.054630
5 0.023460 0.285185 0.017595 0.046296
5 0.075269 0.352315 0.020528 0.030556
5 0.138319 0.183796 0.024438 0.049074
5 0.007087 0.095370 0.014174 0.040741
5 0.139541 0.076389 0.017107 0.030556
5 0.233627 0.532870 0.013685 0.023148
5 0.376588 0.241667 0.016129 0.029630
5 0.407136 0.336574 0.020528 0.023148
5 0.493646 0.243981 0.041056 0.063889
5 0.510508 0.096296 0.018084 0.035185
5 0.530059 0.083796 0.018084 0.025000
5 0.517595 0.014352 0.020528 0.028704
5 0.578690 0.006481 0.011730 0.012963
5 0.606061 0.244444 0.039101 0.094444
5 0.650049 0.294444 0.035191 0.044444
5 0.651271 0.113426 0.069892 0.097222
4 0.905670 0.778241 0.042033 0.080556
5 0.921065 0.707407 0.036657 0.053704
5 0.953568 0.693056 0.027370 0.054630
5 0.992424 0.689815 0.014174 0.029630
5 0.969941 0.853704 0.059140 0.081481
5 0.984604 0.452315 0.014174 0.026852
5 0.961632 0.361111 0.049365 0.116667
5 0.978983 0.290741 0.040078 0.050000
5 0.977028 0.242130 0.014663 0.028704
5 0.938905 0.154167 0.016618 0.052778
5 0.952102 0.031481 0.016618 0.035185
4 0.947947 0.007870 0.014174 0.015741
5 0.978250 0.012963 0.042522 0.025926