5 0.273216 0.068981 0.043988 0.043519
5 0.029081 0.596296 0.021994 0.037037
5 0.048143 0.454167 0.039589 0.041667
5 0.067937 0.428704 0.016618 0.040741
5 0.105083 0.544907 0.021505 0.034259
5 0.233382 0.475000 0.021994 0.035185
5 0.119501 0.426389 0.018084 0.026852
5 0.116569 0.398611 0.015152 0.045370
5 0.180352 0.441667 0.010753 0.040741
5 0.137097 0.694907 0.019062 0.041667
5 0.046921 0.984722 0.015640 0.028704
5 0.280792 0.922222 0.058162 0.057407
5 0.274194 0.982407 0.035191 0.033333
5 0.361437 0.083333 0.034702 0.037037
5 0.389296 0.073611 0.027859 0.037963
3 0.424487 0.338426 0.018084 0.041667
5 0.507576 0.587037 0.046432 0.144444
5 0.448192 0.583333 0.053763 0.107407
5 0.442571 0.471296 0.034702 0.037037
5 0.438416 0.519444 0.016618 0.050000
5 0.421310 0.723148 0.027370 0.042593
5 0.434995 0.685648 0.020528 0.043519
5 0.423509 0.762500 0.024927 0.032407
5 0.507576 0.966204 0.020039 0.062037
5 0.454057 0.940741 0.029326 0.042593
1 0.576246 0.712037 0.125122 0.342593
3 0.741447 0.895833 0.063539 0.141667
5 0.706989 0.982870 0.048387 0.032407
5 0.706500 0.684722 0.019062 0.041667
5 0.848485 0.906481 0.036168 0.085185
5 0.861681 0.708333 0.068426 0.074074
5 0.801808 0.733333 0.013196 0.042593
5 0.773216 0.743519 0.032258 0.035185
5 0.979961 0.722685 0.027370 0.054630
5 0.931329 0.475926 0.031769 0.081481
5 0.855572 0.455556 0.047410 0.068519
5 0.828690 0.315278 0.045455 0.045370
5 0.883187 0.244444 0.066471 0.164815
5 0.942326 0.216204 0.017595 0.039815
3 0.788123 0.232870 0.033724 0.045370
5 0.806940 0.246296 0.026393 0.061111
5 0.891984 0.022685 0.031281 0.045370
1 0.612659 0.047222 0.094330 0.094444
1 0.602639 0.097222 0.158358 0.140741
1 0.611193 0.298148 0.119746 0.296296
5 0.543255 0.224537 0.031769 0.050926
5 0.591398 0.169907 0.021505 0.032407
2 0.614370 0.873148 0.021505 0.068519
2 0.669844 0.438889 0.147116 0.094444