5 0.905914 0.949537 0.017107 0.060185
1 0.991447 0.964352 0.016129 0.069444
1 0.159580 0.960185 0.054252 0.077778
1 0.992669 0.905093 0.013685 0.030556
5 0.404203 0.898148 0.021505 0.018519
5 0.371701 0.883796 0.018084 0.025000
1 0.476784 0.957407 0.111926 0.083333
5 0.906647 0.845370 0.015640 0.051852
1 0.508309 0.881944 0.079179 0.143519
1 0.964076 0.886111 0.070870 0.225926
1 0.823558 0.796296 0.035191 0.075926
1 0.301075 0.762037 0.045943 0.050000
1 0.090909 0.744444 0.052786 0.100000
5 0.829179 0.710648 0.026882 0.050926
5 0.761975 0.664352 0.036168 0.065741
5 0.541056 0.603704 0.023460 0.025926
1 0.694282 0.604630 0.051320 0.055556
1 0.611437 0.583796 0.045943 0.132407
4 0.750733 0.537963 0.021505 0.057407
5 0.809140 0.494907 0.008309 0.019444
5 0.197214 0.510185 0.037634 0.085185
5 0.351173 0.459259 0.042522 0.044444
5 0.087977 0.455556 0.025415 0.029630
5 0.600196 0.425463 0.008798 0.028704
1 0.324047 0.385185 0.034213 0.068519
5 0.586266 0.264815 0.021994 0.029630
5 0.749511 0.242593 0.040567 0.066667
5 0.342131 0.243056 0.033236 0.082407
5 0.758309 0.085185 0.038612 0.029630
5 0.328201 0.020833 0.035679 0.039815
5 0.590665 0.015741 0.018084 0.025926
1 0.957478 0.050000 0.064516 0.100000
5 0.886608 0.009259 0.020528 0.018519
5 0.111437 0.331019 0.047898 0.023148
5 0.199413 0.364352 0.040078 0.028704
5 0.159335 0.586574 0.028348 0.056481
5 0.045455 0.544444 0.021505 0.059259
5 0.011241 0.476852 0.022483 0.038889
5 0.099707 0.520833 0.021505 0.028704
5 0.284457 0.404630 0.028348 0.046296
4 0.323558 0.506944 0.024438 0.028704
5 0.363148 0.522685 0.013685 0.034259
5 0.015885 0.571759 0.028837 0.034259
5 0.358993 0.425926 0.014174 0.051852
5 0.378543 0.439815 0.016129 0.033333
5 0.371945 0.414352 0.006843 0.030556
5 0.347996 0.388889 0.019550 0.042593
1 0.456500 0.765741 0.146628 0.159259
1 0.492913 0.563889 0.163734 0.285185
1 0.479961 0.439352 0.081134 0.102778
1 0.497801 0.281019 0.149071 0.265741
1 0.494624 0.101852 0.151515 0.203704
5 0.539345 0.673611 0.032747 0.078704
5 0.588465 0.936574 0.013685 0.047222
5 0.568671 0.891204 0.022972 0.041667
5 0.675464 0.373611 0.017595 0.032407
5 0.642717 0.429630 0.014663 0.027778
5 0.647849 0.251389 0.050342 0.062037
5 0.678886 0.274537 0.028348 0.025000
4 0.670332 0.305093 0.021994 0.032407
5 0.633431 0.300000 0.020528 0.024074
4 0.583089 0.300000 0.017595 0.022222
5 0.646628 0.018981 0.020528 0.030556
5 0.663978 0.067130 0.019062 0.037963
5 0.593842 0.983333 0.009775 0.025926
5 0.796921 0.924074 0.047410 0.037037
5 0.776149 0.869907 0.020528 0.037963
5 0.761730 0.844444 0.045455 0.098148
5 0.666667 0.712037 0.016618 0.029630
1 0.820870 0.136111 0.062072 0.075926
5 0.840176 0.084722 0.033236 0.037963
1 0.788123 0.148611 0.057185 0.069444
5 0.806696 0.256944 0.057185 0.084259
1 0.822092 0.395833 0.046921 0.108333
1 0.910557 0.740278 0.107527 0.171296
1 0.892717 0.576852 0.124633 0.174074
1 0.979961 0.659259 0.037146 0.103704
1 0.929374 0.541667 0.071848 0.096296
1 0.964076 0.477778 0.068915 0.268519
1 0.885142 0.343519 0.129032 0.307407
1 0.969208 0.282870 0.060606 0.149074
5 0.598485 0.669907 0.044477 0.025000
1 0.968231 0.187037 0.061584 0.133333