5 0.889052 0.597222 0.025415 0.048148
5 0.900049 0.647222 0.026882 0.044444
5 0.825024 0.696759 0.020528 0.032407
5 0.804497 0.728241 0.033236 0.063889
5 0.775171 0.747222 0.018573 0.033333
5 0.737537 0.726852 0.018573 0.038889
5 0.763685 0.682407 0.015152 0.025926
5 0.701857 0.662963 0.021505 0.053704
5 0.688416 0.593056 0.023949 0.041667
5 0.697703 0.482407 0.015152 0.051852
5 0.760020 0.587037 0.018573 0.024074
5 0.625367 0.208796 0.039589 0.063889
5 0.526393 0.060648 0.037146 0.052778
5 0.676197 0.062037 0.046432 0.066667
5 0.711632 0.077315 0.031281 0.078704
5 0.804252 0.237037 0.039589 0.064815
5 0.840665 0.230093 0.026393 0.050926
5 0.888563 0.233796 0.037146 0.052778
5 0.905670 0.120833 0.024438 0.089815
5 0.876344 0.141667 0.024438 0.057407
5 0.830156 0.179630 0.021994 0.046296
5 0.962610 0.216204 0.024927 0.039815
5 0.957967 0.351389 0.038123 0.060185
5 0.899316 0.344907 0.016618 0.050926
5 0.743646 0.373148 0.032747 0.068519
5 0.859238 0.576852 0.019550 0.038889
5 0.826002 0.587963 0.035191 0.079630
5 0.843597 0.627778 0.030303 0.044444
5 0.734604 0.801389 0.030303 0.062037
5 0.822092 0.805093 0.052786 0.095370
5 0.868524 0.798148 0.022483 0.040741
5 0.717498 0.916667 0.029326 0.037037
5 0.710411 0.859259 0.021994 0.046296
1 0.813050 0.942593 0.141251 0.112963
5 0.585533 0.768981 0.062561 0.100926
5 0.514174 0.746296 0.051808 0.083333
5 0.512708 0.674074 0.027370 0.038889
5 0.456500 0.571759 0.030303 0.045370
5 0.498534 0.603704 0.018573 0.035185
5 0.423265 0.446759 0.030303 0.087963
5 0.398827 0.487963 0.018573 0.033333
5 0.384653 0.601389 0.023460 0.043519
5 0.420821 0.790741 0.035191 0.044444
5 0.519062 0.322222 0.024438 0.048148
5 0.405181 0.254630 0.043011 0.072222
5 0.557185 0.275926 0.014663 0.025926
5 0.580890 0.294907 0.014174 0.028704
5 0.608749 0.275463 0.016129 0.026852
1 0.793011 0.541667 0.038612 0.074074
5 0.948192 0.655093 0.013685 0.028704
5 0.967742 0.742130 0.027370 0.034259
5 0.985093 0.760648 0.014174 0.037963
5 0.967253 0.850463 0.024438 0.052778
1 0.798143 0.089352 0.137830 0.178704
5 0.196481 0.220370 0.032258 0.061111
5 0.099218 0.312037 0.032258 0.055556
5 0.370968 0.742130 0.023460 0.047222
1 0.278348 0.074074 0.116813 0.146296
5 0.322581 0.038889 0.036168 0.068519
5 0.409335 0.636574 0.016129 0.043519
5 0.043255 0.920370 0.021017 0.038889
5 0.114614 0.534259 0.015152 0.040741
5 0.092131 0.549074 0.027859 0.035185
5 0.231916 0.341667 0.010264 0.040741
5 0.437683 0.037037 0.020039 0.020370
5 0.516373 0.182870 0.021994 0.026852
5 0.623900 0.892130 0.022972 0.039815
5 0.869257 0.865278 0.016129 0.025000
5 0.831378 0.896296 0.017595 0.044444
5 0.542278 0.559259 0.015152 0.038889
1 0.272239 0.247685 0.073314 0.217593
1 0.272972 0.500463 0.138319 0.236111
1 0.273705 0.351389 0.085044 0.156481
2 0.250000 0.732407 0.072825 0.111111
1 0.284702 0.680093 0.073803 0.184259
2 0.274927 0.584722 0.097263 0.073148
1 0.286901 0.952778 0.056696 0.092593
1 0.826735 0.396296 0.129521 0.224074
5 0.773216 0.279167 0.054741 0.102778