5 0.523460 0.986574 0.015640 0.025000
5 0.617058 0.977778 0.023949 0.042593
5 0.316716 0.945833 0.022483 0.039815
5 0.423021 0.918981 0.021017 0.034259
5 0.645650 0.910185 0.028348 0.033333
5 0.929619 0.902778 0.013685 0.033333
5 0.377077 0.911111 0.033724 0.057407
5 0.342131 0.916667 0.032258 0.066667
5 0.596530 0.888889 0.029814 0.031481
5 0.647361 0.796296 0.019062 0.046296
5 0.321114 0.828704 0.029326 0.061111
5 0.176197 0.785185 0.010264 0.025926
5 0.719697 0.782870 0.022972 0.069444
5 0.745112 0.716204 0.021994 0.052778
5 0.588465 0.702778 0.024438 0.055556
5 0.425220 0.679630 0.023460 0.033333
5 0.546188 0.688889 0.032747 0.059259
5 0.366080 0.652315 0.015640 0.028704
5 0.712610 0.658333 0.022483 0.042593
5 0.508309 0.637963 0.039101 0.061111
2 0.337977 0.616204 0.011241 0.019444
5 0.187439 0.618981 0.009286 0.032407
5 0.733871 0.609259 0.031769 0.048148
5 0.440860 0.608333 0.046921 0.059259
5 0.832600 0.557870 0.022972 0.073148
5 0.401271 0.563889 0.029326 0.018519
5 0.499267 0.563889 0.037634 0.031481
5 0.751466 0.549537 0.021017 0.037963
5 0.680352 0.513426 0.024438 0.037963
5 0.898094 0.476852 0.009286 0.018519
5 0.512219 0.489815 0.046921 0.088889
5 0.918377 0.466204 0.014663 0.047222
5 0.943304 0.455093 0.012708 0.025000
5 0.711632 0.460648 0.015640 0.056481
5 0.419599 0.455556 0.029814 0.064815
5 0.893695 0.416204 0.023949 0.036111
5 0.480938 0.443519 0.029326 0.068519
5 0.820626 0.406019 0.009775 0.021296
5 0.875367 0.407870 0.007820 0.036111
5 0.494379 0.412500 0.025904 0.037963
5 0.310117 0.391667 0.020039 0.044444
5 0.188416 0.379630 0.025904 0.035185
5 0.991202 0.357407 0.016618 0.042593
5 0.332111 0.337037 0.009286 0.029630
5 0.697214 0.345370 0.015152 0.029630
5 0.945503 0.339815 0.032747 0.042593
5 0.424242 0.313426 0.022483 0.041667
5 0.632698 0.358333 0.028837 0.096296
5 0.370235 0.324537 0.028837 0.084259
5 0.180596 0.276389 0.008309 0.078704
5 0.423754 0.285185 0.025415 0.050000
5 0.173509 0.273148 0.044966 0.044444
5 0.680841 0.280556 0.012708 0.057407
5 0.495846 0.270370 0.020039 0.042593
5 0.559384 0.256944 0.030792 0.030556
5 0.697947 0.263889 0.030303 0.061111
5 0.450147 0.257407 0.040078 0.075926
5 0.384897 0.216204 0.015152 0.028704
5 0.630010 0.176389 0.023460 0.041667
5 0.533480 0.158333 0.013196 0.016667
5 0.323803 0.167593 0.029814 0.050000
5 0.755132 0.168519 0.040078 0.057407
5 0.984115 0.147222 0.015152 0.014815
5 0.283724 0.158796 0.024927 0.052778
5 0.067693 0.158796 0.021994 0.050926
5 0.923265 0.135648 0.028348 0.032407
5 0.993646 0.118981 0.011730 0.060185
5 0.628055 0.116667 0.017595 0.029630
5 0.447703 0.108796 0.026393 0.036111
5 0.883187 0.095833 0.019550 0.039815
5 0.908602 0.072222 0.032258 0.050000
5 0.436461 0.083333 0.020528 0.046296
5 0.959922 0.080556 0.023460 0.055556
5 0.990225 0.046296 0.018573 0.092593
5 0.673998 0.015741 0.013685 0.031481
5 0.011241 0.926389 0.022483 0.089815
5 0.004154 0.824074 0.006354 0.053704
5 0.078201 0.706019 0.037146 0.078704
5 0.270283 0.058333 0.033236 0.042593
5 0.255865 0.042130 0.026882 0.034259
1 0.249267 0.017593 0.021505 0.033333
5 0.161779 0.981944 0.040078 0.032407
5 0.193060 0.862500 0.039101 0.047222
5 0.167644 0.928241 0.022483 0.052778
1 0.227761 0.918981 0.120235 0.139815
1 0.229472 0.273148 0.150049 0.253704
5 0.139052 0.138889 0.016129 0.024074
5 0.229228 0.293056 0.043011 0.065741
5 0.243646 0.336111 0.032747 0.072222
5 0.259286 0.433333 0.024927 0.037037
5 0.274682 0.397685 0.025415 0.058333
5 0.501466 0.331019 0.014663 0.037963
5 0.527370 0.345370 0.042033 0.107407
5 0.474829 0.384722 0.018084 0.023148
5 0.490469 0.502315 0.021017 0.034259
5 0.192815 0.670370 0.041544 0.048148
5 0.186461 0.711111 0.021994 0.055556
1 0.264907 0.746296 0.029326 0.053704
1 0.249511 0.564815 0.109971 0.314815
5 0.285435 0.670370 0.025415 0.024074
5 0.302786 0.666204 0.017107 0.041667
5 0.521994 0.856481 0.063539 0.164815
5 0.485582 0.882870 0.029814 0.032407
5 0.442326 0.842593 0.077224 0.138889
5 0.456500 0.923148 0.043988 0.077778
5 0.621701 0.013426 0.022483 0.026852
5 0.634897 0.025000 0.021505 0.050000
5 0.649804 0.240741 0.009286 0.037037
5 0.677908 0.082407 0.015640 0.046296
5 0.707234 0.110648 0.033236 0.065741
5 0.673021 0.131944 0.015640 0.026852
5 0.725562 0.095370 0.019062 0.048148
5 0.809629 0.669444 0.021994 0.061111
5 0.814272 0.704167 0.028348 0.032407
5 0.746823 0.802778 0.023460 0.037037
5 0.823803 0.934259 0.025904 0.055556
1 0.759286 0.864352 0.115836 0.243519
5 0.772972 0.660185 0.028837 0.074074
1 0.780059 0.462500 0.110459 0.191667
5 0.730450 0.718981 0.014174 0.034259
1 0.783236 0.577315 0.053275 0.106481
5 0.791789 0.551389 0.017595 0.025000
1 0.792033 0.250463 0.140274 0.182407
1 0.762463 0.075463 0.153470 0.149074
5 0.847263 0.037037 0.042522 0.068519
5 0.866569 0.400000 0.014663 0.025926