5 0.747312 0.982870 0.026393 0.032407
5 0.427419 0.901389 0.017107 0.030556
5 0.730205 0.831481 0.045943 0.064815
5 0.451124 0.797685 0.023460 0.039815
5 0.391984 0.702315 0.012708 0.050926
5 0.593353 0.695370 0.019550 0.050000
5 0.657625 0.685185 0.014174 0.046296
5 0.586022 0.540741 0.021505 0.042593
5 0.051320 0.506019 0.020528 0.025000
5 0.823069 0.184259 0.020528 0.022222
5 0.630010 0.165278 0.025415 0.034259
5 0.550587 0.135648 0.015152 0.043519
1 0.240714 0.079167 0.115836 0.158333
5 0.075758 0.044907 0.020528 0.054630
5 0.099951 0.412037 0.021017 0.031481
5 0.144673 0.451852 0.028348 0.077778
5 0.124145 0.393056 0.033236 0.039815
5 0.148094 0.282870 0.021505 0.045370
5 0.174487 0.231019 0.037146 0.043519
5 0.163001 0.111574 0.024927 0.037963
1 0.250489 0.335185 0.145161 0.255556
5 0.317937 0.455556 0.037634 0.098148
5 0.259531 0.478241 0.013685 0.049074
1 0.258553 0.503241 0.150538 0.152778
5 0.361681 0.136574 0.082111 0.228704
5 0.417889 0.333333 0.019550 0.051852
5 0.098485 0.994444 0.030792 0.009259
5 0.132698 0.554630 0.015152 0.029630
5 0.209677 0.642130 0.035191 0.078704
5 0.306452 0.675000 0.054741 0.151852
5 0.310362 0.903241 0.017595 0.034259
5 0.358260 0.891667 0.049853 0.114815
5 0.477761 0.754167 0.026882 0.032407
5 0.482649 0.807407 0.030792 0.090741
3 0.438416 0.671296 0.020528 0.053704
5 0.471408 0.649074 0.020039 0.048148
1 0.228983 0.876852 0.131476 0.244444
1 0.253177 0.777315 0.170088 0.154630
1 0.244379 0.624537 0.087977 0.195370
5 0.370968 0.235648 0.019550 0.041667
5 0.451613 0.183796 0.013685 0.065741
5 0.465298 0.175463 0.017595 0.065741
5 0.489980 0.267593 0.020039 0.062963
5 0.459677 0.401389 0.015152 0.028704
5 0.466031 0.468981 0.019062 0.041667
5 0.486315 0.468981 0.020528 0.062037
5 0.534702 0.462963 0.027370 0.040741
5 0.509531 0.558333 0.042522 0.070370
5 0.513930 0.592130 0.015152 0.047222
5 0.552297 0.633796 0.063539 0.100926
5 0.569404 0.667130 0.011730 0.025000
5 0.632942 0.661111 0.014663 0.044444
5 0.672532 0.624074 0.020528 0.022222
5 0.626588 0.847222 0.029326 0.053704
5 0.621457 0.776389 0.060117 0.112037
5 0.622678 0.936574 0.019550 0.043519
5 0.639296 0.927315 0.042033 0.073148
5 0.663734 0.862037 0.030303 0.038889
5 0.717253 0.764815 0.021017 0.037037
5 0.744624 0.730556 0.013196 0.037037
5 0.702835 0.721296 0.022483 0.044444
5 0.711632 0.678704 0.037146 0.064815
5 0.544233 0.381944 0.034702 0.110185
5 0.584311 0.382407 0.046432 0.050000
5 0.654448 0.466667 0.016618 0.027778
2 0.682551 0.416667 0.046432 0.024074
5 0.650782 0.292593 0.022972 0.061111
5 0.637586 0.325463 0.009286 0.017593
5 0.961388 0.771296 0.076246 0.246296
4 0.806452 0.707407 0.026393 0.088889
5 0.749267 0.617130 0.044966 0.050926
2 0.794233 0.601852 0.061584 0.101852
5 0.767840 0.587500 0.015640 0.032407
1 0.753666 0.465278 0.165200 0.095370
1 0.732160 0.267130 0.128055 0.284259
5 0.730450 0.131944 0.018084 0.032407
5 0.751222 0.155093 0.012708 0.012037
5 0.680352 0.177778 0.017595 0.037037
5 0.654203 0.243981 0.025904 0.034259
5 0.816227 0.350000 0.108504 0.214815
5 0.990225 0.291667 0.018573 0.051852
5 0.967009 0.373611 0.045455 0.076852
4 0.990225 0.355093 0.018573 0.073148