5 0.771261 0.966667 0.010753 0.033333
5 0.241691 0.943981 0.026882 0.054630
5 0.889052 0.905093 0.023460 0.045370
5 0.325513 0.880093 0.024438 0.056481
5 0.746823 0.860185 0.023460 0.064815
5 0.532014 0.868981 0.027859 0.043519
5 0.556696 0.809259 0.020528 0.024074
5 0.011486 0.800926 0.022972 0.031481
5 0.887586 0.702778 0.025415 0.050000
5 0.554008 0.661111 0.021017 0.046296
5 0.241202 0.671296 0.042522 0.074074
5 0.050587 0.626389 0.037634 0.032407
5 0.204057 0.614352 0.074780 0.100926
5 0.280059 0.550463 0.029326 0.067593
5 0.230205 0.488426 0.016618 0.047222
5 0.873656 0.477315 0.018084 0.047222
5 0.803275 0.451852 0.025904 0.033333
1 0.412512 0.509259 0.151515 0.187037
5 0.074780 0.383333 0.023460 0.042593
2 0.979228 0.367130 0.040567 0.021296
5 0.859971 0.372685 0.027859 0.043519
5 0.952590 0.318519 0.014663 0.068519
5 0.923265 0.334722 0.008798 0.019444
5 0.271994 0.320833 0.032747 0.058333
5 0.808651 0.313889 0.012219 0.046296
5 0.232405 0.254167 0.036657 0.060185
5 0.882698 0.200926 0.016618 0.059259
5 0.519795 0.196759 0.017107 0.060185
1 0.142717 0.186574 0.049853 0.063889
5 0.638807 0.145833 0.012708 0.032407
5 0.229472 0.131944 0.013196 0.030556
5 0.836999 0.136111 0.025904 0.042593
5 0.308651 0.087963 0.035679 0.051852
5 0.797165 0.071759 0.017595 0.019444
5 0.085533 0.090278 0.035191 0.058333
5 0.489003 0.076389 0.023949 0.036111
1 0.412512 0.140278 0.119257 0.182407
1 0.245601 0.066204 0.035679 0.078704
5 0.839932 0.038889 0.026882 0.038889
5 0.787146 0.025926 0.007331 0.020370
5 0.303763 0.039352 0.031769 0.049074
5 0.033969 0.029167 0.039589 0.047222
5 0.428152 0.019444 0.016618 0.029630
1 0.171310 0.067130 0.163734 0.134259
5 0.332845 0.031944 0.034213 0.060185
1 0.198192 0.308333 0.070870 0.142593
1 0.230694 0.408333 0.043011 0.107407
1 0.428152 0.912037 0.132942 0.168519
1 0.445503 0.827778 0.123656 0.229630
5 0.728006 0.416204 0.043500 0.093519
5 0.720186 0.467593 0.037634 0.070370
5 0.405670 0.348148 0.062561 0.125926
1 0.461632 0.311574 0.048387 0.117593
5 0.495601 0.188889 0.026393 0.068519
5 0.500489 0.146296 0.033236 0.050000