1 0.229961 0.971759 0.041544 0.054630
5 0.031525 0.881481 0.023949 0.031481
5 0.562805 0.815741 0.022972 0.038889
1 0.231916 0.799074 0.137341 0.135185
5 0.695992 0.659722 0.019550 0.034259
5 0.348485 0.668981 0.036168 0.054630
5 0.191593 0.481019 0.033236 0.052778
5 0.650049 0.383333 0.028348 0.038889
5 0.652981 0.306944 0.019550 0.034259
5 0.662268 0.189815 0.030303 0.038889
5 0.616325 0.076852 0.033236 0.062963
5 0.981916 0.110185 0.035191 0.112963
5 0.695748 0.011574 0.026882 0.021296
1 0.206989 0.036574 0.158847 0.073148
5 0.205034 0.449537 0.023949 0.043519
5 0.258309 0.350926 0.038612 0.085185
5 0.190616 0.181944 0.018573 0.052778
5 0.351906 0.279630 0.025415 0.044444
5 0.374633 0.373611 0.027859 0.054630
5 0.540567 0.457870 0.030303 0.045370
5 0.529570 0.409722 0.013196 0.026852
5 0.503421 0.277315 0.023460 0.052778
5 0.525415 0.307870 0.015640 0.032407
5 0.461144 0.062963 0.029814 0.064815
5 0.489492 0.087963 0.027859 0.055556
5 0.547165 0.107870 0.017107 0.036111
5 0.458944 0.896759 0.025415 0.039815
5 0.476051 0.821296 0.019550 0.044444
5 0.599707 0.775000 0.019550 0.035185
5 0.471408 0.648148 0.021994 0.040741
5 0.527615 0.587963 0.018084 0.029630
5 0.579179 0.584722 0.023460 0.050926
5 0.590665 0.588426 0.017107 0.071296
5 0.566716 0.411111 0.033724 0.057407
5 0.580645 0.435648 0.012708 0.037963
5 0.583822 0.524074 0.016129 0.031481
5 0.367546 0.441667 0.019550 0.029630
5 0.460166 0.157407 0.014174 0.033333
5 0.578201 0.322222 0.027370 0.044444
5 0.570870 0.281019 0.033236 0.076852
5 0.558895 0.233333 0.027859 0.062963
5 0.623167 0.911111 0.016618 0.031481
5 0.650049 0.736111 0.016618 0.035185
5 0.655181 0.706019 0.025904 0.037963
5 0.625122 0.715278 0.019550 0.045370
5 0.614858 0.630093 0.014663 0.032407
5 0.634897 0.641204 0.011730 0.034259
5 0.618524 0.333796 0.016129 0.045370
5 0.640274 0.259259 0.012708 0.018519
5 0.646872 0.223611 0.021994 0.034259
5 0.641251 0.189352 0.024438 0.032407
5 0.647116 0.051389 0.040078 0.041667
5 0.663245 0.105556 0.014663 0.040741
5 0.677664 0.125926 0.022972 0.048148
5 0.664712 0.885648 0.030303 0.030556
5 0.685239 0.865278 0.029326 0.049074
5 0.792522 0.737500 0.016129 0.021296
5 0.737781 0.595370 0.021017 0.027778
5 0.816960 0.606481 0.018084 0.040741
5 0.829423 0.795370 0.011730 0.038889
5 0.842375 0.784722 0.019062 0.026852
5 0.639052 0.866667 0.015152 0.018519
5 0.719208 0.710648 0.017107 0.034259
5 0.706989 0.561574 0.028837 0.036111
5 0.696237 0.520370 0.031769 0.044444
5 0.760508 0.547222 0.018573 0.033333
5 0.816471 0.536111 0.023949 0.025926
5 0.801320 0.477315 0.023949 0.026852
5 0.817204 0.500926 0.011730 0.037037
5 0.773460 0.465278 0.019062 0.028704
5 0.688172 0.455556 0.022483 0.035185
5 0.672532 0.470833 0.019550 0.028704
5 0.791544 0.205093 0.021017 0.039815
5 0.798631 0.165278 0.018573 0.028704
5 0.673998 0.236111 0.013685 0.035185
5 0.684018 0.263889 0.020039 0.024074
5 0.728495 0.223148 0.015152 0.025926
5 0.790811 0.386574 0.043011 0.063889
5 0.923265 0.843519 0.024438 0.050000
5 0.939638 0.849074 0.017107 0.027778
5 0.972630 0.796759 0.011730 0.032407
5 0.912268 0.896296 0.022972 0.024074
5 0.904448 0.922685 0.018084 0.026852
5 0.899560 0.712037 0.020039 0.027778
5 0.921799 0.681944 0.031281 0.041667
5 0.986559 0.686574 0.024927 0.034259
5 0.876344 0.666667 0.019550 0.042593
5 0.914712 0.578241 0.021017 0.028704
5 0.961144 0.523611 0.025904 0.054630
5 0.994135 0.580093 0.009775 0.041667
5 0.987781 0.474537 0.010753 0.037963
5 0.912023 0.449537 0.012708 0.037963
5 0.954057 0.434722 0.030303 0.041667
5 0.976540 0.422685 0.018573 0.050926
5 0.990958 0.409722 0.015152 0.054630
5 0.952835 0.237963 0.021017 0.057407
5 0.913734 0.206481 0.026882 0.048148
5 0.931574 0.193519 0.017595 0.024074
5 0.923754 0.112037 0.030303 0.057407
5 0.941838 0.098148 0.018573 0.033333
5 0.939394 0.062963 0.029326 0.044444
5 0.929863 0.009259 0.017107 0.016667
5 0.888563 0.135185 0.011730 0.033333
1 0.222141 0.600000 0.136364 0.270370
1 0.753421 0.849074 0.112903 0.285185
1 0.770039 0.635648 0.053275 0.100926
1 0.754888 0.330556 0.110948 0.244444
1 0.741202 0.091204 0.127566 0.182407