5 0.112170 0.248148 0.046432 0.014815
5 0.198192 0.278704 0.041544 0.024074
5 0.090665 0.371296 0.029814 0.025926
5 0.160313 0.503704 0.027370 0.055556
5 0.199413 0.416204 0.030303 0.082407
5 0.339443 0.153704 0.034702 0.079630
5 0.324780 0.300926 0.031769 0.075926
5 0.349218 0.308796 0.017107 0.045370
5 0.366325 0.338889 0.021994 0.046296
5 0.351662 0.369907 0.039589 0.028704
5 0.089443 0.659259 0.048876 0.107407
5 0.159091 0.879167 0.061095 0.091667
5 0.300342 0.678241 0.047410 0.047222
5 0.283236 0.329167 0.033724 0.036111
5 0.044233 0.454630 0.020039 0.048148
5 0.013930 0.384722 0.021994 0.030556
5 0.017107 0.484259 0.027370 0.046296
5 0.324047 0.418056 0.020528 0.036111
5 0.343109 0.938889 0.015640 0.027778
5 0.403959 0.811111 0.022972 0.020370
1 0.509286 0.792130 0.080156 0.152778
1 0.471896 0.895833 0.118768 0.121296
1 0.498045 0.941667 0.086999 0.114815
5 0.429863 0.984259 0.009286 0.029630
1 0.456745 0.675926 0.144184 0.157407
5 0.540078 0.593981 0.030303 0.076852
5 0.479472 0.570370 0.065494 0.114815
1 0.490714 0.431019 0.170088 0.186111
5 0.482649 0.352315 0.084555 0.143519
1 0.475073 0.284722 0.105572 0.180556
1 0.523216 0.181019 0.106061 0.278704
1 0.449169 0.031019 0.043011 0.062037
1 0.533480 0.059722 0.072825 0.119444
5 0.100684 0.436574 0.018573 0.021296
5 0.649071 0.167593 0.055718 0.064815
5 0.591153 0.179630 0.026882 0.025926
5 0.680596 0.193056 0.024927 0.032407
5 0.613148 0.500463 0.046432 0.123148
5 0.759286 0.010648 0.033724 0.019444
5 0.749511 0.155093 0.038612 0.060185
5 0.781036 0.063426 0.036168 0.065741
5 0.824780 0.061111 0.065005 0.092593
5 0.794966 0.185185 0.033724 0.070370
5 0.814761 0.164352 0.031281 0.052778
1 0.967986 0.126389 0.063050 0.169444
1 0.965054 0.242593 0.063050 0.235185
5 0.901760 0.179167 0.067449 0.110185
5 0.891496 0.281019 0.143695 0.225000
5 0.822092 0.316667 0.047898 0.103704
5 0.828935 0.143519 0.021505 0.050000
5 0.897849 0.493981 0.130987 0.150926
1 0.963832 0.428241 0.071359 0.200926
5 0.931818 0.460185 0.071848 0.105556
5 0.604594 0.586574 0.038123 0.030556
5 0.695259 0.525463 0.050342 0.052778
5 0.750244 0.456944 0.026393 0.052778
5 0.762463 0.590741 0.037146 0.044444
5 0.761730 0.772222 0.047410 0.044444
5 0.771505 0.793981 0.027859 0.043519
5 0.798387 0.848148 0.048387 0.038889
5 0.746579 0.948611 0.018084 0.075000
5 0.734115 0.970370 0.017595 0.051852
5 0.774194 0.949074 0.019550 0.040741
5 0.611193 0.939352 0.017107 0.039815
5 0.826735 0.719907 0.038612 0.075000
5 0.830156 0.629167 0.028837 0.049074
1 0.978250 0.575000 0.041544 0.116667
5 0.912512 0.645833 0.107527 0.186111
5 0.909335 0.769907 0.018084 0.047222
5 0.908847 0.875463 0.015152 0.052778
1 0.966520 0.811574 0.065005 0.241667
1 0.992913 0.884722 0.011241 0.069444
5 0.842864 0.012037 0.031769 0.022222
5 0.373656 0.793519 0.015152 0.031481
5 0.274194 0.687963 0.021505 0.033333