5 0.475806 0.180093 0.034702 0.047222
5 0.531281 0.182407 0.062561 0.064815
5 0.606549 0.229630 0.028348 0.074074
5 0.579423 0.018981 0.084555 0.036111
0 0.698436 0.047685 0.065494 0.095370
5 0.743402 0.026389 0.040078 0.047222
5 0.816227 0.042130 0.058651 0.084259
5 0.836266 0.241667 0.080156 0.101852
5 0.966764 0.219907 0.057674 0.126852
5 0.817449 0.469907 0.066960 0.084259
5 0.876344 0.542593 0.043988 0.051852
5 0.601173 0.344444 0.055718 0.053704
5 0.674242 0.608796 0.062072 0.084259
5 0.547410 0.739352 0.047898 0.069444
5 0.646628 0.850463 0.025415 0.084259
5 0.427908 0.416204 0.034702 0.062037
0 0.614858 0.540741 0.271750 0.437037
0 0.618280 0.844444 0.162268 0.309259
5 0.113881 0.029630 0.043011 0.059259