5 0.213587 0.880556 0.019550 0.040741
5 0.912268 0.854167 0.025904 0.045370
5 0.261241 0.846759 0.019062 0.050926
5 0.178641 0.801389 0.014174 0.037963
5 0.693060 0.818981 0.032258 0.062037
5 0.253910 0.800926 0.022972 0.025926
5 0.408358 0.716204 0.024927 0.069444
5 0.599951 0.651852 0.011241 0.025926
5 0.430596 0.655093 0.020528 0.041667
5 0.817449 0.624537 0.008309 0.023148
5 0.491935 0.570833 0.018084 0.041667
5 0.919355 0.503241 0.010753 0.036111
3 0.682063 0.484722 0.021994 0.039815
5 0.745357 0.447222 0.027370 0.038889
5 0.614858 0.334722 0.021505 0.043519
5 0.021017 0.269907 0.024438 0.050926
5 0.856794 0.215278 0.010753 0.036111
5 0.702590 0.194444 0.010264 0.012963
5 0.258553 0.175926 0.027370 0.050000
5 0.750733 0.109722 0.023460 0.034259
5 0.934506 0.082870 0.009775 0.021296
0 0.506109 0.225463 0.370968 0.319444
5 0.485337 0.075463 0.029326 0.054630
5 0.119746 0.028704 0.027370 0.040741
5 0.053763 0.846759 0.025415 0.034259
5 0.078690 0.782407 0.035191 0.053704
5 0.035435 0.680556 0.046432 0.068519
5 0.021994 0.762500 0.042033 0.065741
5 0.032502 0.751852 0.026882 0.037037
5 0.259775 0.766667 0.024927 0.033333
5 0.232893 0.658796 0.016129 0.041667
5 0.217498 0.685185 0.030303 0.064815
5 0.258065 0.681481 0.042033 0.075926
5 0.016129 0.364815 0.032258 0.066667
5 0.088221 0.346759 0.031769 0.050926
5 0.259042 0.297685 0.029326 0.050926
5 0.255132 0.360185 0.055718 0.064815
5 0.238270 0.389352 0.024927 0.047222
5 0.261730 0.448148 0.041544 0.077778
5 0.132698 0.248148 0.034702 0.057407
5 0.009775 0.112037 0.019550 0.042593
5 0.038123 0.159259 0.020528 0.040741
5 0.041544 0.077315 0.043988 0.093519
5 0.098974 0.131019 0.021017 0.043519
5 0.004154 0.069444 0.008309 0.031481
5 0.032747 0.118981 0.023460 0.032407
5 0.239736 0.023148 0.042522 0.044444
5 0.271505 0.017130 0.024927 0.034259
5 0.495357 0.600463 0.019062 0.037963
5 0.488514 0.671296 0.025904 0.022222
3 0.516862 0.606481 0.015152 0.029630
5 0.345552 0.409259 0.023460 0.066667
5 0.369746 0.345833 0.026882 0.034259
0 0.528104 0.065278 0.243891 0.130556
5 0.740714 0.233333 0.030792 0.057407
5 0.739492 0.203241 0.038123 0.019444
5 0.849218 0.700000 0.025904 0.050000
5 0.850929 0.654630 0.029326 0.027778
5 0.891984 0.667593 0.022483 0.014815
5 0.850440 0.548148 0.021505 0.022222
5 0.921065 0.831944 0.010264 0.056481
5 0.941593 0.803241 0.021017 0.039815
5 0.936217 0.866204 0.018084 0.041667
5 0.954790 0.853704 0.024927 0.037037
5 0.947703 0.614815 0.043011 0.090741
5 0.913734 0.584259 0.028837 0.035185
5 0.967253 0.575463 0.013685 0.026852
5 0.955523 0.579630 0.014663 0.022222
5 0.945748 0.530556 0.028348 0.009259
5 0.926197 0.219907 0.017595 0.030556
5 0.963099 0.159722 0.012219 0.028704
5 0.989247 0.087500 0.019550 0.050926
5 0.946237 0.344444 0.018573 0.040741
5 0.934995 0.368981 0.019550 0.041667
5 0.912023 0.368519 0.017595 0.087037
5 0.902493 0.371759 0.008309 0.050926
5 0.873167 0.273148 0.036657 0.061111
5 0.901026 0.243519 0.013196 0.033333
5 0.940616 0.261574 0.027859 0.045370
5 0.934995 0.302315 0.017595 0.037963
5 0.950391 0.314815 0.017107 0.033333
5 0.926442 0.122222 0.022972 0.037037
5 0.887830 0.068981 0.016129 0.030556
5 0.894673 0.082407 0.021994 0.033333
5 0.839198 0.011111 0.019550 0.022222
5 0.846041 0.067130 0.030303 0.056481
5 0.960411 0.051852 0.020528 0.024074
5 0.965054 0.039352 0.021017 0.032407
5 0.956500 0.005556 0.016618 0.011111
5 0.862659 0.009259 0.022483 0.016667
0 0.532991 0.600000 0.131476 0.509259
0 0.533480 0.836574 0.145161 0.325000