5 0.042766 0.905556 0.012219 0.042593
5 0.912757 0.833333 0.044477 0.057407
5 0.039345 0.780093 0.024927 0.073148
5 0.206745 0.535648 0.020528 0.084259
5 0.236804 0.458333 0.016129 0.024074
5 0.665445 0.442593 0.037634 0.042593
5 0.731916 0.450000 0.052297 0.096296
5 0.609238 0.413426 0.020039 0.034259
2 0.033724 0.366667 0.067449 0.127778
5 0.303275 0.286574 0.012219 0.019444
2 0.097263 0.329630 0.040078 0.111111
5 0.276882 0.203704 0.030792 0.072222
5 0.038612 0.166667 0.017595 0.038889
5 0.608504 0.052778 0.043988 0.059259
5 0.980694 0.031944 0.022972 0.063889
0 0.480450 0.900463 0.184751 0.197222
5 0.407380 0.742593 0.026882 0.035185
0 0.454301 0.593056 0.240958 0.576852
0 0.442326 0.250463 0.267840 0.500926
0 0.533969 0.040741 0.098240 0.081481
5 0.064516 0.168981 0.031281 0.052778
5 0.059629 0.224074 0.037146 0.072222