0 0.512463 0.681944 0.085533 0.256481
0 0.555474 0.105556 0.120723 0.211111
5 0.541544 0.247685 0.023460 0.041667
5 0.522483 0.205556 0.014663 0.025926
5 0.535924 0.141204 0.022972 0.026852
5 0.482405 0.294444 0.013685 0.033333
5 0.361681 0.818056 0.018573 0.025000
5 0.329179 0.699074 0.027859 0.046296
5 0.255865 0.598611 0.041544 0.052778
5 0.319892 0.467130 0.027859 0.056481
5 0.249511 0.323148 0.026882 0.033333
5 0.205279 0.096296 0.024438 0.050000
5 0.324536 0.077315 0.013685 0.039815
5 0.200635 0.142130 0.021994 0.019444
5 0.276882 0.371296 0.022972 0.027778
5 0.286657 0.634722 0.020039 0.039815
4 0.208944 0.760648 0.040567 0.112037
5 0.084555 0.927778 0.029326 0.055556
5 0.071603 0.712963 0.020039 0.046296
5 0.066471 0.647222 0.028348 0.061111
5 0.043011 0.623148 0.018573 0.035185
5 0.108504 0.568519 0.018573 0.031481
5 0.139296 0.646759 0.029326 0.037963
5 0.172776 0.612500 0.030792 0.026852
5 0.158602 0.697222 0.021994 0.055556
5 0.082845 0.477778 0.016129 0.048148
5 0.038612 0.563889 0.032258 0.048148
5 0.066471 0.399074 0.018573 0.035185
5 0.075269 0.304167 0.036168 0.049074
5 0.069404 0.189352 0.017595 0.063889
5 0.032991 0.250463 0.032747 0.037963
5 0.016618 0.203241 0.020528 0.071296
5 0.100440 0.163889 0.016129 0.048148
5 0.063539 0.125000 0.022483 0.046296
5 0.093842 0.089815 0.022483 0.072222
5 0.132454 0.300926 0.018573 0.033333
5 0.178397 0.175463 0.031281 0.037963
5 0.342864 0.612037 0.019062 0.048148
5 0.114614 0.030556 0.017107 0.033333
4 0.069892 0.054630 0.025415 0.055556
4 0.037634 0.054167 0.016618 0.050926
5 0.074780 0.985648 0.016618 0.019444
5 0.531769 0.533333 0.026393 0.079630
5 0.639785 0.531944 0.010753 0.032407
5 0.636119 0.469907 0.021994 0.041667
5 0.771017 0.655556 0.023949 0.072222
5 0.570137 0.825926 0.023949 0.044444
5 0.590665 0.912500 0.021994 0.032407
5 0.467742 0.712037 0.022483 0.037037
5 0.942326 0.768519 0.013685 0.044444
5 0.887586 0.715278 0.020528 0.039815
5 0.789101 0.506481 0.027859 0.031481
5 0.801564 0.232870 0.032258 0.067593
5 0.729228 0.195833 0.026393 0.050926
2 0.757087 0.110648 0.056696 0.139815
5 0.700880 0.296759 0.018573 0.037963
5 0.938905 0.297685 0.032258 0.058333
5 0.856305 0.206481 0.021505 0.050000
5 0.905670 0.460185 0.017595 0.044444
5 0.843597 0.901852 0.013685 0.027778
5 0.805230 0.844444 0.018084 0.050000
5 0.815738 0.802315 0.023460 0.041667
5 0.541544 0.965741 0.020528 0.046296
5 0.841398 0.845370 0.014174 0.035185
5 0.176197 0.479630 0.026882 0.059259