5 0.084800 0.411574 0.034702 0.037963
5 0.182796 0.534259 0.022483 0.033333
5 0.189150 0.755556 0.034213 0.059259
5 0.021261 0.981019 0.022972 0.036111
5 0.260753 0.039352 0.035679 0.078704
5 0.450880 0.060648 0.024927 0.069444
5 0.552786 0.824074 0.014663 0.040741
5 0.829912 0.632870 0.021505 0.032407
5 0.709677 0.561574 0.010753 0.026852
5 0.605083 0.008333 0.008798 0.016667
5 0.474340 0.352778 0.010264 0.022222
0 0.573069 0.350000 0.222385 0.561111
0 0.562317 0.754167 0.193060 0.399074
0 0.593597 0.959259 0.034702 0.075926