5 0.099462 0.244907 0.047410 0.113889
2 0.180841 0.125926 0.043011 0.118519
5 0.364858 0.032407 0.027859 0.042593
5 0.022239 0.566204 0.039589 0.065741
5 0.125855 0.802315 0.037634 0.076852
0 0.515640 0.558796 0.161290 0.486111
0 0.517840 0.787037 0.131476 0.420370
2 0.785924 0.171296 0.041056 0.042593
2 0.944526 0.191204 0.083578 0.099074
2 0.961877 0.286574 0.032258 0.049074
5 0.976540 0.336574 0.036168 0.076852
2 0.960899 0.504630 0.072336 0.220370
5 0.892473 0.570370 0.038123 0.150000
5 0.888319 0.678241 0.045455 0.056481
2 0.918377 0.715741 0.078201 0.137037
5 0.875855 0.842130 0.043988 0.086111
5 0.981183 0.897222 0.030792 0.042593
5 0.952835 0.828241 0.027859 0.030556
5 0.956745 0.053241 0.023949 0.056481
5 0.726295 0.891667 0.030303 0.048148
5 0.580645 0.514815 0.024438 0.046296
5 0.472874 0.156944 0.041544 0.049074
0 0.552053 0.062037 0.196970 0.124074
0 0.552053 0.145370 0.100196 0.283333