5 0.046432 0.388426 0.046921 0.071296
5 0.144917 0.412500 0.031769 0.045370
5 0.175953 0.511574 0.036168 0.049074
5 0.206256 0.587963 0.040078 0.038889
1 0.257087 0.817130 0.102639 0.325000
5 0.260753 0.608796 0.110948 0.139815
1 0.245357 0.172685 0.162268 0.213889
5 0.446970 0.243519 0.085533 0.170370
5 0.465054 0.047685 0.053275 0.086111
5 0.488270 0.658333 0.045943 0.092593
5 0.484604 0.834722 0.078690 0.073148
5 0.489003 0.137963 0.035679 0.079630
5 0.529326 0.045370 0.043011 0.051852
5 0.711632 0.095370 0.047898 0.074074
1 0.793011 0.109722 0.161779 0.200926
5 0.709677 0.392593 0.059629 0.131481
5 0.716276 0.633796 0.059140 0.073148
1 0.790323 0.849537 0.116325 0.289815
5 0.920332 0.589352 0.068426 0.145370
5 0.802542 0.544907 0.051808 0.039815
5 0.936461 0.150000 0.059629 0.103704
5 0.906891 0.822222 0.021017 0.088889
5 0.958456 0.353704 0.054741 0.059259
5 0.270283 0.295370 0.082111 0.122222