5 0.446237 0.131944 0.116325 0.217593
5 0.371945 0.049537 0.081134 0.099074
5 0.377810 0.175463 0.074291 0.117593
5 0.461877 0.317593 0.066471 0.153704
5 0.505376 0.278704 0.055718 0.055556
5 0.525415 0.353704 0.032258 0.050000
5 0.531281 0.472222 0.062561 0.177778
5 0.485826 0.431019 0.030303 0.050926
5 0.461877 0.526852 0.091887 0.166667
5 0.392962 0.490278 0.060606 0.093519
5 0.344575 0.506944 0.041056 0.087963
5 0.330645 0.451852 0.031769 0.051852
5 0.369746 0.443981 0.019062 0.032407
5 0.418377 0.422685 0.039101 0.030556
5 0.386119 0.378241 0.055718 0.041667
5 0.363392 0.289352 0.026882 0.052778
1 0.270283 0.243519 0.122190 0.177778
5 0.281036 0.111574 0.031281 0.028704
5 0.238025 0.134722 0.026393 0.036111
1 0.260020 0.047685 0.110459 0.095370
5 0.195503 0.118519 0.028348 0.046296
5 0.131476 0.256019 0.035191 0.043519
5 0.087977 0.276852 0.073314 0.135185
5 0.051320 0.453704 0.037146 0.088889
5 0.059629 0.158333 0.032258 0.081481
5 0.025171 0.123611 0.040567 0.091667
5 0.019550 0.242593 0.024438 0.087037
5 0.054497 0.615741 0.054252 0.064815
5 0.013685 0.587500 0.027370 0.087963
5 0.172287 0.588426 0.065005 0.100926
5 0.208211 0.488426 0.027370 0.050926
5 0.194037 0.434259 0.030303 0.044444
5 0.160313 0.447685 0.031281 0.065741
5 0.176442 0.022222 0.024438 0.035185
5 0.126100 0.683796 0.043011 0.037963
5 0.109482 0.739815 0.035191 0.044444
5 0.039101 0.846296 0.024438 0.055556
5 0.235337 0.950000 0.094330 0.090741
5 0.224340 0.793519 0.032258 0.046296
5 0.187195 0.729630 0.035191 0.059259
5 0.277370 0.879167 0.079668 0.086111
5 0.289834 0.971759 0.031281 0.050926
5 0.380499 0.934259 0.052297 0.107407
5 0.326979 0.969907 0.030303 0.054630
5 0.466520 0.934259 0.059140 0.103704
5 0.563050 0.880556 0.077224 0.124074
5 0.524194 0.915741 0.032747 0.109259
5 0.445015 0.668519 0.069892 0.133333
5 0.341887 0.599537 0.025904 0.052778
5 0.308651 0.650463 0.024927 0.050926
5 0.279081 0.620370 0.028348 0.072222
5 0.625122 0.902315 0.046921 0.065741
5 0.646628 0.615278 0.073314 0.134259
5 0.621701 0.771759 0.045943 0.102778
5 0.578201 0.049074 0.071359 0.092593
5 0.517107 0.062037 0.057674 0.083333
5 0.579423 0.318519 0.050342 0.094444
5 0.555230 0.292130 0.018573 0.050926
5 0.576979 0.217593 0.028837 0.059259
5 0.633431 0.444907 0.018573 0.065741
5 0.674731 0.493981 0.028837 0.065741
5 0.650782 0.548148 0.029814 0.083333
5 0.731916 0.613426 0.039589 0.076852
5 0.717009 0.716667 0.064516 0.142593
1 0.790078 0.715741 0.076735 0.251852
1 0.748534 0.858333 0.076735 0.114815
5 0.632942 0.958796 0.036168 0.045370
5 0.748778 0.965278 0.047898 0.060185
5 0.835044 0.741204 0.045455 0.067593
1 0.783480 0.442593 0.086999 0.198148
5 0.847507 0.950463 0.051808 0.089815
5 0.920577 0.743056 0.075758 0.099074
5 0.956256 0.630093 0.051320 0.132407
5 0.957478 0.514815 0.013685 0.037037
5 0.919599 0.512963 0.026882 0.061111
5 0.876100 0.417593 0.076735 0.103704
5 0.979961 0.457870 0.033236 0.100926
5 0.984604 0.551852 0.023949 0.033333
5 0.973607 0.370370 0.043988 0.114815
5 0.977761 0.273611 0.031769 0.078704
5 0.978006 0.141204 0.030303 0.065741
5 0.937195 0.134259 0.045455 0.081481
5 0.949169 0.051389 0.027370 0.036111
5 0.983382 0.026389 0.026393 0.041667
5 0.809873 0.244907 0.043988 0.091667
5 0.774438 0.049537 0.114858 0.099074
5 0.663490 0.205093 0.067937 0.110185
5 0.693793 0.351852 0.176442 0.212963
5 0.720430 0.480556 0.050831 0.137037
5 0.681329 0.024074 0.043011 0.033333
5 0.909091 0.197222 0.019550 0.037037
1 0.261730 0.756944 0.134409 0.158333
5 0.955034 0.806019 0.062561 0.104630
5 0.948680 0.913889 0.101662 0.168519
5 0.240714 0.551389 0.037634 0.082407
1 0.251711 0.439815 0.124145 0.314815