5 0.090420 0.967593 0.011730 0.020370
5 0.246334 0.924074 0.019550 0.038889
5 0.462854 0.897685 0.024438 0.025000
5 0.985582 0.868056 0.025904 0.039815
5 0.747556 0.863426 0.007331 0.034259
2 0.856061 0.839815 0.013196 0.014815
5 0.239492 0.823148 0.012708 0.042593
5 0.271505 0.773148 0.009286 0.031481
5 0.751711 0.762500 0.015640 0.037963
5 0.695748 0.750000 0.021017 0.031481
2 0.858260 0.743056 0.012708 0.028704
5 0.263441 0.725463 0.007820 0.017593
2 0.912757 0.683333 0.026882 0.033333
5 0.914956 0.563426 0.021505 0.032407
5 0.378055 0.539352 0.014174 0.041667
5 0.578690 0.543519 0.019550 0.050000
2 0.065005 0.476852 0.017595 0.031481
2 0.937195 0.487500 0.021017 0.043519
5 0.896628 0.378704 0.031769 0.046296
5 0.898583 0.322685 0.014174 0.036111
5 0.224340 0.317593 0.032258 0.053704
2 0.902248 0.287500 0.013685 0.017593
5 0.064516 0.263889 0.015640 0.037037
5 0.750733 0.278241 0.018573 0.034259
5 0.962366 0.192130 0.011730 0.026852
2 0.768573 0.178241 0.022972 0.025000
2 0.252933 0.170833 0.021017 0.030556
5 0.816716 0.164815 0.023460 0.031481
2 0.839687 0.140741 0.026393 0.031481
2 0.947947 0.091667 0.008309 0.014815
2 0.927419 0.062963 0.019062 0.025926
5 0.115591 0.422222 0.008309 0.020370
5 0.152493 0.629167 0.011730 0.021296
5 0.537634 0.724074 0.021505 0.014815
5 0.576735 0.720833 0.022483 0.036111
5 0.934262 0.854630 0.017107 0.050000
5 0.937683 0.775463 0.014174 0.032407
5 0.950635 0.802315 0.011730 0.028704
5 0.974829 0.836574 0.017107 0.026852
5 0.991447 0.815741 0.016129 0.038889
5 0.886364 0.759722 0.019062 0.041667
2 0.922776 0.748611 0.036168 0.037963
5 0.964076 0.371296 0.021994 0.037037
5 0.931329 0.337500 0.023949 0.037963
5 0.954301 0.265741 0.014174 0.031481
5 0.873656 0.331019 0.022972 0.032407
5 0.910068 0.260648 0.025415 0.021296
5 0.909335 0.185648 0.016129 0.047222
5 0.971163 0.167593 0.009775 0.029630
5 0.945259 0.014352 0.019550 0.028704
5 0.987292 0.091667 0.018573 0.020370
5 0.910313 0.021759 0.029814 0.041667
5 0.460166 0.009722 0.015152 0.019444
0 0.524927 0.189815 0.270772 0.379630
0 0.533480 0.031019 0.080645 0.062037
0 0.505865 0.529630 0.152493 0.564815