5 0.199658 0.370833 0.072825 0.132407
4 0.052053 0.272222 0.099218 0.337037
5 0.089198 0.056481 0.040567 0.100000
5 0.385630 0.125000 0.041056 0.118519
5 0.417400 0.539352 0.027370 0.097222
5 0.411779 0.930556 0.070870 0.122222
5 0.471652 0.053241 0.040078 0.075000
1 0.525660 0.052315 0.092375 0.104630
1 0.557918 0.606019 0.109971 0.628704
5 0.679863 0.125463 0.034213 0.137963
5 0.847752 0.860648 0.230205 0.250926
1 0.975318 0.614815 0.048387 0.351852
5 0.736315 0.859259 0.053275 0.079630
5 0.399316 0.393981 0.063539 0.108333
5 0.573803 0.106944 0.052786 0.110185
5 0.757087 0.312037 0.062561 0.142593
5 0.669599 0.229630 0.034213 0.074074
5 0.637830 0.172222 0.036168 0.066667
5 0.731427 0.198148 0.045455 0.057407
5 0.761975 0.096296 0.043011 0.157407
5 0.930352 0.261574 0.051320 0.047222
5 0.816227 0.277778 0.037146 0.075926
5 0.885142 0.066667 0.027370 0.062963