5 0.448680 0.951389 0.014663 0.058333
5 0.718719 0.936111 0.039589 0.057407
1 0.226051 0.951852 0.076735 0.094444
5 0.804741 0.898611 0.010264 0.021296
5 0.052786 0.859259 0.043011 0.072222
5 0.416422 0.767593 0.030303 0.038889
5 0.462121 0.755556 0.022972 0.046296
5 0.728495 0.756944 0.043500 0.076852
5 0.629277 0.750926 0.032747 0.131481
5 0.554497 0.740741 0.057185 0.109259
5 0.590420 0.681481 0.021505 0.051852
5 0.189883 0.654167 0.057185 0.041667
5 0.405181 0.607407 0.008798 0.029630
5 0.910802 0.607407 0.026882 0.042593
5 0.535679 0.568981 0.018573 0.047222
5 0.522972 0.528704 0.023460 0.018519
5 0.228983 0.511574 0.012219 0.026852
5 0.512952 0.505556 0.015152 0.022222
5 0.577224 0.485185 0.010753 0.044444
5 0.326246 0.487037 0.023949 0.062963
5 0.440616 0.485648 0.038612 0.075000
5 0.115836 0.420833 0.018573 0.017593
2 0.675220 0.424074 0.039589 0.046296
5 0.057674 0.410648 0.053763 0.052778
5 0.445992 0.361574 0.028837 0.037963
5 0.280547 0.369907 0.033236 0.069444
5 0.297898 0.318981 0.009286 0.023148
5 0.497067 0.263889 0.028348 0.040741
5 0.935239 0.273148 0.010264 0.029630
5 0.129032 0.262963 0.061584 0.040741
5 0.739003 0.186574 0.017595 0.034259
5 0.987292 0.151852 0.024438 0.061111
5 0.423021 0.168056 0.038612 0.095370
5 0.705034 0.125000 0.017107 0.035185
5 0.414712 0.077778 0.016129 0.051852
5 0.925220 0.062963 0.024438 0.040741
5 0.212610 0.044907 0.010753 0.036111
5 0.675953 0.013889 0.019550 0.027778
5 0.453324 0.016667 0.008309 0.033333
5 0.136608 0.300463 0.022972 0.036111
5 0.385630 0.337500 0.024438 0.036111
5 0.400538 0.387963 0.042522 0.070370
5 0.276149 0.875463 0.061584 0.145370
5 0.133675 0.734722 0.032747 0.043519
1 0.268084 0.692130 0.250733 0.317593
5 0.325024 0.151389 0.018573 0.060185
5 0.457967 0.288426 0.043011 0.071296
5 0.478495 0.329630 0.042033 0.085185
1 0.278592 0.037963 0.090909 0.075926
1 0.282014 0.176389 0.164223 0.276852
5 0.719208 0.202778 0.020039 0.061111
5 0.704301 0.176852 0.031281 0.068519
5 0.481672 0.145833 0.020039 0.037963
5 0.493891 0.157870 0.016129 0.026852
5 0.502933 0.114352 0.035191 0.058333
5 0.655181 0.125926 0.019062 0.037037
5 0.671065 0.121296 0.015640 0.029630
5 0.616813 0.092130 0.027370 0.041667
5 0.666667 0.055093 0.013685 0.032407
5 0.531036 0.041667 0.021994 0.033333
5 0.538123 0.257870 0.016618 0.041667
5 0.542033 0.406481 0.019550 0.050000
5 0.511975 0.236574 0.030792 0.052778
5 0.516373 0.171759 0.045455 0.056481
5 0.526637 0.205093 0.020039 0.041667
5 0.489980 0.200463 0.020039 0.034259
5 0.110459 0.134259 0.026393 0.053704
5 0.149560 0.190278 0.023460 0.039815
5 0.171310 0.150926 0.018084 0.040741
5 0.167644 0.230093 0.016618 0.037963
5 0.509775 0.878704 0.081134 0.162963
5 0.555718 0.897685 0.031281 0.075000
5 0.692082 0.981019 0.018573 0.028704
5 0.670332 0.990741 0.012219 0.014815
5 0.653715 0.624537 0.021017 0.026852
5 0.680841 0.560648 0.064516 0.086111
5 0.700880 0.595370 0.026393 0.072222
5 0.716276 0.612037 0.014174 0.057407
5 0.651760 0.255093 0.016129 0.017593
5 0.666911 0.266667 0.030792 0.050000
5 0.595064 0.229167 0.039589 0.130556
5 0.622434 0.160185 0.033724 0.070370
5 0.929374 0.697222 0.020039 0.042593
5 0.974829 0.675000 0.047410 0.131481
5 0.981916 0.608796 0.033236 0.082407
5 0.901515 0.520833 0.012219 0.025000
5 0.930352 0.558333 0.076735 0.055556
5 0.978739 0.513426 0.040567 0.087963
5 0.928886 0.514815 0.034702 0.035185
5 0.785435 0.935185 0.026393 0.042593
1 0.804497 0.970833 0.095797 0.056481
5 0.856549 0.955093 0.044477 0.060185
5 0.817449 0.937037 0.018084 0.035185
1 0.818915 0.566204 0.109971 0.182407
1 0.788123 0.374537 0.148094 0.328704
5 0.830401 0.473148 0.017595 0.029630
5 0.867791 0.356944 0.050342 0.095370
5 0.884409 0.248148 0.054252 0.064815
5 0.868524 0.178704 0.028348 0.057407
3 0.789345 0.122222 0.093842 0.179630
5 0.733871 0.127315 0.024927 0.039815
5 0.732649 0.093056 0.023460 0.021296
5 0.728983 0.065278 0.020039 0.030556
5 0.723851 0.033796 0.025415 0.026852
5 0.866080 0.061574 0.057674 0.106481
5 0.810117 0.050000 0.046432 0.100000
5 0.930596 0.421296 0.022483 0.037037
5 0.945748 0.407407 0.013685 0.024074
5 0.933773 0.731481 0.016129 0.027778
5 0.903715 0.694444 0.016618 0.046296
1 0.812561 0.724537 0.163734 0.247222
5 0.836266 0.815741 0.013685 0.061111
5 0.827224 0.875463 0.032747 0.043519
5 0.983871 0.298611 0.026393 0.115741
5 0.992913 0.328704 0.013196 0.094444
5 0.938416 0.021759 0.032258 0.041667
5 0.978250 0.046759 0.041544 0.086111
5 0.984115 0.770833 0.023949 0.034259
5 0.900293 0.886111 0.084066 0.168519
5 0.943060 0.829630 0.069892 0.092593