0 0.528348 0.193519 0.353861 0.385185
0 0.673509 0.901389 0.122190 0.191667
0 0.430596 0.936574 0.082111 0.121296
5 0.588465 0.296759 0.056696 0.073148
5 0.307674 0.377778 0.068915 0.059259
5 0.143206 0.285648 0.030303 0.067593
5 0.199169 0.339352 0.016129 0.052778
5 0.087488 0.050000 0.053763 0.094444
5 0.058407 0.526852 0.044477 0.070370
5 0.230938 0.686111 0.043500 0.077778
5 0.190371 0.719907 0.040567 0.078704
5 0.050342 0.602315 0.043988 0.050926
5 0.063050 0.674074 0.020528 0.051852
5 0.020528 0.689352 0.041056 0.097222
5 0.017595 0.955093 0.030303 0.075000
5 0.031769 0.402778 0.028348 0.046296
5 0.461632 0.618981 0.032747 0.034259
5 0.428397 0.645833 0.023949 0.028704
5 0.309384 0.025926 0.030303 0.042593
5 0.688661 0.443981 0.038123 0.067593
5 0.775171 0.116204 0.079179 0.134259
5 0.974340 0.840741 0.021994 0.048148
5 0.943793 0.980093 0.024438 0.026852
0 0.493157 0.842593 0.198436 0.305556
0 0.487537 0.556944 0.349462 0.612037