5 0.836510 0.897222 0.028837 0.046296
5 0.213099 0.765278 0.030303 0.036111
5 0.027370 0.899537 0.035191 0.032407
5 0.155670 0.739815 0.048387 0.103704
5 0.257087 0.873611 0.046921 0.100926
5 0.401760 0.837037 0.006843 0.038889
5 0.667155 0.898611 0.029326 0.049074
5 0.680596 0.731944 0.015152 0.037963
5 0.754399 0.568519 0.038612 0.066667
5 0.708944 0.568519 0.019062 0.048148
5 0.915445 0.647222 0.019550 0.053704
5 0.949658 0.088889 0.032258 0.042593
5 0.322581 0.398148 0.028348 0.027778
5 0.401760 0.354167 0.026393 0.041667
5 0.606794 0.746759 0.040567 0.039815