1 0.232649 0.864815 0.101662 0.255556
1 0.250733 0.722685 0.067449 0.125000
1 0.771994 0.818519 0.163734 0.361111
5 0.462366 0.416204 0.019550 0.045370
1 0.209189 0.541667 0.093842 0.375926
5 0.685973 0.353241 0.022972 0.049074
5 0.200880 0.350463 0.027370 0.045370
5 0.288123 0.328241 0.021994 0.041667
5 0.314027 0.181019 0.021017 0.052778
5 0.472385 0.474074 0.023949 0.053704
5 0.585533 0.596296 0.044966 0.081481
5 0.530059 0.167593 0.023949 0.040741
5 0.549365 0.227315 0.026393 0.060185
5 0.591398 0.257870 0.038123 0.039815
5 0.652981 0.290741 0.016618 0.029630
5 0.710166 0.668981 0.021505 0.062037
5 0.702835 0.325926 0.027370 0.046296
1 0.706989 0.542593 0.120723 0.175926
1 0.721408 0.393981 0.076246 0.095370
1 0.750978 0.176389 0.106061 0.123148
1 0.733627 0.075463 0.146628 0.150926
5 0.964565 0.807407 0.030792 0.048148
2 0.945503 0.983333 0.019062 0.020370
5 0.914956 0.660648 0.031281 0.045370
5 0.985337 0.564815 0.024438 0.050000
5 0.957234 0.612963 0.036657 0.033333
5 0.955279 0.164815 0.023949 0.042593