5 0.061584 0.221296 0.013685 0.011111
4 0.060117 0.301852 0.043011 0.085185
2 0.019306 0.335648 0.038612 0.097222
4 0.022239 0.858796 0.044477 0.049074
4 0.169355 0.676389 0.021994 0.028704
5 0.396872 0.099537 0.009775 0.025000
5 0.338954 0.255556 0.010264 0.018519
5 0.378788 0.551389 0.008798 0.017593
0 0.591153 0.077315 0.118768 0.154630
4 0.543500 0.187963 0.071359 0.088889
5 0.530303 0.313889 0.002933 0.012963
0 0.617546 0.342130 0.243891 0.412037
0 0.590665 0.702778 0.236070 0.290741
5 0.911046 0.647685 0.007820 0.015741
5 0.905425 0.589352 0.020039 0.017593
0 0.773705 0.031944 0.016618 0.063889
5 0.550587 0.316667 0.010264 0.018519
5 0.565005 0.302315 0.009775 0.015741