1 0.785435 0.549537 0.070381 0.202778
1 0.771017 0.356481 0.084555 0.111111
5 0.724585 0.462500 0.045455 0.119444
1 0.768328 0.871296 0.058651 0.172222
2 0.467253 0.869444 0.039101 0.105556
2 0.703079 0.734722 0.036657 0.067593
5 0.673998 0.679630 0.018573 0.046296
5 0.644428 0.712037 0.018084 0.068519
5 0.843109 0.279167 0.024438 0.067593
5 0.757087 0.624537 0.026393 0.054630
5 0.498534 0.480093 0.053763 0.119444
5 0.553763 0.216204 0.026393 0.087963
1 0.284457 0.345833 0.080156 0.228704
1 0.230450 0.617130 0.115836 0.250926
5 0.125855 0.321759 0.060117 0.097222
5 0.423754 0.271296 0.047898 0.051852
2 0.478006 0.343981 0.035191 0.084259
2 0.728983 0.224537 0.028837 0.075000
5 0.611193 0.160648 0.016129 0.028704
5 0.643451 0.199074 0.015152 0.037037
5 0.551320 0.134259 0.017595 0.035185
5 0.414223 0.118056 0.038612 0.076852
5 0.351662 0.183333 0.030792 0.048148
5 0.220430 0.248148 0.029326 0.064815
5 0.613148 0.894907 0.031769 0.041667
5 0.655670 0.879630 0.030792 0.027778
5 0.513196 0.330556 0.033236 0.070370
5 0.836266 0.032870 0.024438 0.050926
2 0.198925 0.611111 0.027370 0.062963
2 0.275904 0.797222 0.046432 0.083333
2 0.350196 0.804630 0.033724 0.075926
2 0.267351 0.931481 0.037146 0.114815
2 0.136852 0.207870 0.029326 0.062037
5 0.098485 0.267593 0.040567 0.059259
5 0.114858 0.162500 0.031281 0.037963
5 0.209922 0.064352 0.035679 0.062037
2 0.023949 0.807870 0.019550 0.052778
5 0.048631 0.818981 0.023949 0.036111
5 0.008065 0.962037 0.008309 0.031481
5 0.112170 0.954167 0.026882 0.037963
2 0.332356 0.489815 0.037146 0.059259
5 0.349462 0.392130 0.036168 0.026852
5 0.005865 0.245370 0.011730 0.057407
5 0.136852 0.050926 0.029326 0.057407
2 0.150049 0.256944 0.037146 0.028704
5 0.145406 0.370833 0.022972 0.028704
5 0.033969 0.457870 0.011241 0.030556
5 0.963099 0.637037 0.025904 0.046296
5 0.622434 0.344444 0.020039 0.024074
5 0.008798 0.738889 0.005865 0.020370
2 0.052053 0.935648 0.024927 0.049074
2 0.052542 0.772685 0.019062 0.052778
2 0.106549 0.789352 0.024438 0.028704
5 0.262952 0.462500 0.016618 0.023148