5 0.008553 0.073611 0.017107 0.062037
5 0.074291 0.029630 0.017595 0.059259
5 0.090909 0.029167 0.010753 0.025000
5 0.135875 0.024074 0.035191 0.048148
5 0.119501 0.016667 0.008309 0.033333
5 0.160557 0.010185 0.020039 0.020370
5 0.176686 0.012037 0.012219 0.024074
5 0.074536 0.379630 0.038612 0.081481
5 0.128543 0.375926 0.034213 0.033333
5 0.120479 0.394444 0.012219 0.029630
5 0.083822 0.442593 0.024927 0.051852
5 0.076979 0.462963 0.011241 0.018519
5 0.044966 0.550000 0.041056 0.081481
5 0.097996 0.622222 0.022972 0.053704
5 0.035191 0.737037 0.024438 0.061111
5 0.039101 0.788426 0.012708 0.034259
5 0.114858 0.820833 0.022483 0.039815
5 0.131232 0.845833 0.028837 0.080556
5 0.146628 0.832870 0.023460 0.025000
5 0.121701 0.138889 0.019550 0.035185
5 0.063783 0.128704 0.017107 0.038889
5 0.070137 0.100000 0.009286 0.033333
5 0.125367 0.064815 0.017107 0.040741
5 0.137341 0.037037 0.018573 0.022222
5 0.111681 0.188426 0.010264 0.043519
5 0.112659 0.204167 0.030792 0.056481
5 0.068426 0.215278 0.040078 0.036111
5 0.059384 0.315741 0.016129 0.066667
5 0.097263 0.272222 0.025415 0.048148
5 0.119257 0.264815 0.025415 0.037037
5 0.175953 0.275000 0.022483 0.062963
5 0.200147 0.189352 0.052297 0.117593
5 0.166667 0.207407 0.025415 0.061111
5 0.185239 0.205556 0.013685 0.050000
5 0.008798 0.283333 0.017595 0.053704
5 0.047654 0.256944 0.028837 0.037963
5 0.012952 0.235185 0.025904 0.042593
5 0.067693 0.225463 0.030792 0.054630
5 0.069159 0.175926 0.023949 0.048148
5 0.086999 0.179167 0.018573 0.065741
5 0.138319 0.119907 0.016618 0.028704
5 0.246579 0.699537 0.041544 0.056481
5 0.247312 0.625463 0.021505 0.045370
5 0.294966 0.642130 0.024927 0.052778
5 0.279570 0.685185 0.022483 0.053704
5 0.307674 0.770370 0.035679 0.068519
5 0.304741 0.824537 0.022972 0.054630
5 0.271994 0.845833 0.022972 0.060185
5 0.253421 0.920370 0.023949 0.035185
5 0.279081 0.915741 0.022483 0.040741
5 0.294477 0.891204 0.019062 0.071296
5 0.316227 0.894907 0.038123 0.058333
5 0.249511 0.488426 0.034702 0.080556
5 0.294477 0.439815 0.022972 0.044444
5 0.282747 0.477778 0.023949 0.050000
5 0.287634 0.525463 0.039589 0.056481
5 0.325758 0.493519 0.031769 0.055556
5 0.336510 0.446296 0.017107 0.038889
5 0.388074 0.448148 0.031281 0.081481
5 0.303763 0.384722 0.041544 0.065741
5 0.296676 0.493981 0.023460 0.058333
5 0.306940 0.566667 0.020528 0.048148
5 0.239003 0.318519 0.019550 0.044444
5 0.295943 0.236111 0.038612 0.085185
5 0.323314 0.206481 0.028837 0.040741
5 0.331623 0.187500 0.026882 0.049074
5 0.428886 0.220833 0.047410 0.062037
5 0.421310 0.296759 0.029326 0.054630
5 0.434506 0.357407 0.030303 0.033333
5 0.440616 0.327778 0.029814 0.066667
5 0.436950 0.297222 0.012708 0.048148
2 0.326735 0.024074 0.021017 0.048148
5 0.271261 0.284722 0.026393 0.047222
5 0.297165 0.268056 0.026393 0.058333
5 0.298876 0.299537 0.044477 0.093519
5 0.276637 0.337037 0.018573 0.042593
5 0.283969 0.375463 0.016618 0.041667
5 0.505621 0.041204 0.040567 0.071296
5 0.520772 0.027778 0.030792 0.055556
5 0.532747 0.073611 0.019550 0.047222
5 0.551808 0.093056 0.043011 0.065741
5 0.525171 0.406944 0.023949 0.045370
5 0.541056 0.400926 0.015640 0.029630
5 0.551320 0.423611 0.020528 0.063889
5 0.550342 0.419444 0.040078 0.024074
5 0.523460 0.550000 0.021505 0.048148
5 0.534946 0.586574 0.032747 0.054630
5 0.533724 0.529167 0.012708 0.045370
5 0.589932 0.563426 0.019550 0.039815
5 0.556696 0.500463 0.065494 0.097222
5 0.563050 0.344907 0.021505 0.039815
5 0.548876 0.294444 0.020528 0.048148
5 0.534457 0.136574 0.021994 0.023148
5 0.673265 0.097222 0.016129 0.038889
5 0.668377 0.094907 0.005376 0.039815
5 0.652493 0.082407 0.037146 0.055556
5 0.773216 0.143519 0.023460 0.038889
5 0.652004 0.353704 0.025415 0.038889
5 0.671065 0.357870 0.021505 0.037963
5 0.652981 0.414352 0.019550 0.030556
5 0.650782 0.437963 0.014174 0.038889
5 0.648583 0.917593 0.025415 0.038889
5 0.652004 0.779630 0.034213 0.062963
5 0.629277 0.653704 0.036657 0.061111
5 0.646872 0.664352 0.021017 0.045370
5 0.647361 0.691667 0.016129 0.024074
5 0.664467 0.668981 0.019062 0.052778
5 0.679619 0.406019 0.023949 0.058333
5 0.746579 0.472222 0.011241 0.014815
5 0.795210 0.519444 0.013685 0.024074
5 0.817204 0.528704 0.016618 0.024074
5 0.775904 0.587037 0.021994 0.050000
5 0.791544 0.582407 0.014174 0.044444
5 0.783724 0.578704 0.011241 0.051852
5 0.788123 0.640278 0.027859 0.050926
5 0.768817 0.788889 0.017595 0.046296
5 0.773460 0.787500 0.038612 0.025000
5 0.789345 0.808796 0.033236 0.043519
5 0.780303 0.865278 0.024927 0.041667
5 0.823558 0.916204 0.027370 0.036111
5 0.839198 0.816667 0.021505 0.046296
5 0.795943 0.762037 0.017107 0.025926
5 0.835533 0.781019 0.021994 0.041667
5 0.833822 0.293981 0.020528 0.034259
5 0.793988 0.128704 0.016129 0.029630
5 0.799609 0.148611 0.022483 0.039815
5 0.950635 0.059259 0.012708 0.046296
5 0.931818 0.102778 0.018084 0.031481
5 0.915934 0.093056 0.021505 0.050926
5 0.905914 0.315741 0.019062 0.035185
5 0.939883 0.245370 0.031281 0.048148
5 0.949902 0.211111 0.025904 0.057407
5 0.951613 0.369907 0.016618 0.030556
5 0.942815 0.462037 0.016618 0.033333
5 0.937928 0.400463 0.022483 0.045370
5 0.926442 0.757870 0.027859 0.045370
5 0.884409 0.787500 0.012219 0.039815
5 0.905181 0.869907 0.042033 0.062037
5 0.922043 0.856481 0.017107 0.024074
5 0.967742 0.822222 0.018573 0.037037
5 0.990469 0.966667 0.014174 0.035185
5 0.992669 0.889352 0.008798 0.036111
5 0.992180 0.730093 0.014663 0.039815
5 0.984360 0.634259 0.027370 0.053704
5 0.991202 0.556481 0.015640 0.055556
5 0.985093 0.245833 0.026882 0.041667
5 0.993402 0.123611 0.012219 0.045370
5 0.989736 0.096759 0.017595 0.023148
5 0.989736 0.393056 0.018573 0.028704
5 0.990469 0.359722 0.018084 0.030556
5 0.997067 0.423148 0.003910 0.022222
5 0.994135 0.527315 0.010753 0.034259
5 0.475562 0.921296 0.014663 0.022222
5 0.488025 0.922222 0.018084 0.025926
5 0.504399 0.927778 0.029326 0.035185
5 0.532747 0.897222 0.032258 0.048148
5 0.571603 0.885648 0.021994 0.041667
5 0.582111 0.889815 0.012708 0.029630
5 0.592864 0.894444 0.019550 0.024074
5 0.576735 0.813426 0.026393 0.047222
5 0.595797 0.669444 0.016618 0.044444
0 0.631232 0.887500 0.172532 0.223148
0 0.603372 0.224074 0.441349 0.448148
0 0.497556 0.701389 0.317693 0.550926
5 0.421310 0.716204 0.022483 0.037963
2 0.605083 0.494444 0.051808 0.014815
5 0.588954 0.448611 0.024438 0.026852
4 0.591642 0.053241 0.052297 0.082407
2 0.493402 0.349537 0.030792 0.067593