5 0.101906 0.199074 0.043500 0.116667
5 0.037879 0.690741 0.067937 0.085185
5 0.210411 0.845370 0.051320 0.146296
5 0.182063 0.945833 0.056207 0.075000
5 0.349218 0.869444 0.034702 0.116667
5 0.359482 0.795370 0.061095 0.151852
1 0.453568 0.886574 0.119257 0.212037
5 0.201613 0.467130 0.044477 0.056481
5 0.235826 0.499537 0.023949 0.065741
5 0.238514 0.150463 0.075269 0.119444
5 0.279570 0.103241 0.090909 0.084259
5 0.396628 0.602315 0.056207 0.097222
1 0.443793 0.564352 0.109482 0.263889
1 0.442571 0.311574 0.154936 0.212037
1 0.451857 0.104167 0.098240 0.195370
5 0.525904 0.383796 0.045943 0.080556
5 0.576002 0.953241 0.059140 0.065741
5 0.733138 0.610185 0.028348 0.051852
5 0.847019 0.385185 0.037146 0.074074
5 0.972385 0.793519 0.042522 0.100000
5 0.502688 0.376389 0.051320 0.047222