5 0.863392 0.942593 0.010264 0.042593
5 0.833089 0.861574 0.015152 0.028704
5 0.903959 0.823148 0.012219 0.016667
5 0.114614 0.741667 0.009286 0.024074
5 0.570626 0.756019 0.018084 0.054630
5 0.618524 0.740741 0.065005 0.068519
5 0.407625 0.314815 0.012708 0.046296
5 0.717253 0.228241 0.012219 0.015741
5 0.241202 0.202315 0.006354 0.023148
5 0.873167 0.193981 0.013196 0.023148
5 0.205767 0.176389 0.007820 0.036111
5 0.195503 0.160648 0.006843 0.028704
5 0.916422 0.133333 0.004888 0.024074
5 0.604839 0.076852 0.039589 0.079630
0 0.500244 0.488889 0.388563 0.377778
0 0.427664 0.661111 0.202346 0.675926
2 0.738759 0.319444 0.189150 0.307407
5 0.545699 0.145833 0.023949 0.015741
0 0.449902 0.165741 0.198925 0.331481
5 0.891984 0.536111 0.035191 0.053704
3 0.990469 0.740741 0.018084 0.061111