5 0.818915 0.921296 0.010264 0.024074
1 0.745846 0.954167 0.109482 0.089815
5 0.745846 0.893981 0.020528 0.019444
3 0.901760 0.871296 0.031281 0.057407
5 0.140518 0.806944 0.013196 0.032407
5 0.674976 0.773148 0.018573 0.018519
2 0.697947 0.730556 0.028348 0.024074
1 0.726784 0.758796 0.109482 0.206481
2 0.699658 0.642130 0.029814 0.075000
5 0.934506 0.580556 0.011730 0.037037
5 0.446725 0.538889 0.017595 0.025926
5 0.011486 0.456944 0.022972 0.054630
5 0.972630 0.460648 0.030303 0.037963
2 0.980694 0.402315 0.037634 0.060185
1 0.713343 0.512963 0.099218 0.250000
5 0.677419 0.406019 0.025415 0.032407
5 0.647361 0.225000 0.024927 0.037037
5 0.904692 0.084722 0.028348 0.047222
5 0.908602 0.030093 0.025415 0.060185
5 0.013196 0.184722 0.026393 0.056481
5 0.150538 0.029630 0.026393 0.037037
5 0.016129 0.620370 0.019550 0.046296
5 0.011730 0.897222 0.020528 0.044444
5 0.010997 0.725926 0.021994 0.057407
5 0.003910 0.918981 0.007820 0.028704
5 0.377566 0.578241 0.021994 0.039815
1 0.215298 0.899074 0.135386 0.200000
1 0.206989 0.723611 0.138319 0.095370
2 0.253421 0.802778 0.050342 0.048148
2 0.260508 0.708333 0.079179 0.137037
5 0.401026 0.144907 0.030792 0.043519
5 0.359971 0.144444 0.020039 0.040741
5 0.439883 0.231019 0.026393 0.052778
5 0.433773 0.081019 0.021994 0.043519
1 0.203324 0.100926 0.152493 0.201852
5 0.213099 0.121296 0.011730 0.025926
5 0.190616 0.119444 0.021505 0.027778
1 0.185728 0.015278 0.026393 0.030556
1 0.231916 0.289815 0.169599 0.277778
1 0.233138 0.567130 0.117302 0.184259
1 0.228739 0.410648 0.098729 0.173148
5 0.369257 0.419444 0.020039 0.042593
5 0.396628 0.356481 0.024927 0.027778
5 0.458456 0.348611 0.037146 0.052778
5 0.460655 0.516204 0.026882 0.041667
5 0.460899 0.462963 0.022483 0.040741
5 0.508065 0.098148 0.019062 0.033333
5 0.521017 0.366204 0.021505 0.039815
5 0.492669 0.381019 0.017595 0.026852
5 0.549609 0.452315 0.021994 0.039815
5 0.553030 0.381481 0.030792 0.051852
5 0.554252 0.272222 0.024438 0.048148
5 0.609238 0.418056 0.013196 0.043519
5 0.566471 0.600926 0.017595 0.044444
5 0.496334 0.286574 0.020039 0.041667
5 0.587977 0.064815 0.025415 0.046296
5 0.685973 0.147222 0.022972 0.035185
5 0.674976 0.056944 0.014663 0.030556
2 0.701613 0.072685 0.015152 0.030556
2 0.712854 0.273148 0.055230 0.044444
5 0.669355 0.379167 0.022972 0.030556
5 0.523460 0.762963 0.023460 0.029630
5 0.531036 0.812963 0.021994 0.042593
5 0.505376 0.696759 0.011730 0.025000
5 0.547898 0.652315 0.027370 0.032407
5 0.627322 0.751852 0.012219 0.040741
2 0.681574 0.954630 0.036657 0.077778
5 0.651271 0.260648 0.019062 0.037963
5 0.700635 0.377778 0.016129 0.025926
5 0.821114 0.429630 0.017595 0.037037
5 0.806207 0.306481 0.017107 0.022222
5 0.830156 0.327778 0.023949 0.018519
5 0.738025 0.118056 0.022483 0.023148
5 0.745357 0.140741 0.045943 0.027778
5 0.756354 0.111574 0.008309 0.032407
5 0.770528 0.098611 0.014174 0.032407
5 0.800342 0.077778 0.020039 0.040741
5 0.846530 0.144444 0.023460 0.020370
5 0.759042 0.242130 0.021505 0.039815
5 0.755621 0.019907 0.018573 0.034259
5 0.731916 0.042593 0.016129 0.035185
5 0.866569 0.084722 0.012708 0.023148
5 0.873900 0.059722 0.011730 0.028704
5 0.958211 0.076389 0.019062 0.023148
5 0.899316 0.305093 0.022483 0.047222
5 0.921065 0.331019 0.019062 0.047222
5 0.934506 0.326389 0.012708 0.036111
5 0.960655 0.323148 0.015152 0.038889
5 0.929130 0.386111 0.015640 0.025926
5 0.912268 0.406481 0.016129 0.029630
5 0.929863 0.459722 0.018084 0.037963
5 0.940127 0.475926 0.014174 0.042593
5 0.895406 0.578241 0.018573 0.043519
5 0.918866 0.584259 0.018573 0.031481
5 0.918133 0.633333 0.024927 0.050000
5 0.923265 0.657870 0.013685 0.023148
5 0.955523 0.624074 0.025415 0.029630
5 0.929619 0.730093 0.018573 0.036111
5 0.946725 0.740278 0.016618 0.032407
5 0.925464 0.769907 0.018084 0.037963
5 0.995112 0.977778 0.008798 0.038889
2 0.994624 0.778704 0.009775 0.035185
5 0.504154 0.801852 0.016129 0.025926
5 0.537390 0.850000 0.018084 0.024074
5 0.565494 0.713426 0.020528 0.034259
5 0.581623 0.698611 0.032258 0.052778
5 0.529081 0.526389 0.027859 0.039815
5 0.547165 0.500463 0.022972 0.028704
5 0.746579 0.177315 0.046432 0.069444
2 0.694526 0.881019 0.051808 0.075000