5 0.601662 0.926852 0.034213 0.044444
5 0.560850 0.824074 0.021017 0.044444
5 0.472385 0.587037 0.005376 0.014815
5 0.006598 0.488889 0.013196 0.051852
5 0.032991 0.298611 0.021994 0.060185
5 0.161779 0.740278 0.024438 0.037963
5 0.252688 0.806019 0.031281 0.063889
5 0.307674 0.832870 0.017107 0.036111
5 0.336266 0.545370 0.024438 0.046296
5 0.324536 0.390741 0.031281 0.046296
5 0.332356 0.420833 0.027370 0.028704
5 0.293988 0.107870 0.017107 0.043519
5 0.324780 0.102315 0.021994 0.054630
3 0.365836 0.159722 0.025904 0.050926
5 0.226784 0.387037 0.025415 0.050000
5 0.140518 0.012500 0.037634 0.025000
5 0.880254 0.871296 0.018573 0.022222
5 0.891007 0.888426 0.021505 0.026852
5 0.986559 0.161111 0.025904 0.062963
5 0.633920 0.419907 0.038123 0.049074
5 0.628055 0.620833 0.031281 0.063889
5 0.596041 0.592130 0.048387 0.119444
5 0.736315 0.489815 0.033724 0.042593
0 0.635386 0.467130 0.230694 0.523148
0 0.644184 0.174074 0.143695 0.348148
5 0.475073 0.268056 0.025415 0.060185
5 0.477273 0.528704 0.055230 0.079630
5 0.458700 0.462963 0.046432 0.083333
5 0.453324 0.762963 0.046432 0.144444
5 0.457967 0.836574 0.020528 0.062037
5 0.202346 0.944444 0.030303 0.055556
5 0.541056 0.903241 0.022483 0.032407
0 0.537634 0.932407 0.240469 0.133333