5 0.143695 0.801389 0.031281 0.100926
5 0.848240 0.684259 0.019062 0.024074
5 0.472141 0.635648 0.013685 0.025000
5 0.619990 0.515278 0.012219 0.030556
5 0.798387 0.240278 0.009286 0.025000
5 0.337243 0.201852 0.053763 0.048148
5 0.374389 0.177778 0.007820 0.020370
2 0.012463 0.207407 0.024927 0.096296
5 0.399316 0.833333 0.062561 0.081481
0 0.638074 0.933333 0.012219 0.129630
0 0.633920 0.155093 0.151515 0.310185
0 0.515885 0.217130 0.282991 0.382407
0 0.511241 0.559259 0.391007 0.400000
0 0.488514 0.859722 0.246823 0.278704