5 0.512219 0.896759 0.016618 0.034259
5 0.069404 0.770833 0.013685 0.032407
5 0.495846 0.772222 0.024927 0.037037
5 0.428152 0.755556 0.094819 0.155556
5 0.513441 0.559722 0.015152 0.032407
5 0.143451 0.533333 0.019062 0.068519
3 0.263930 0.514815 0.053763 0.077778
4 0.423509 0.441667 0.038612 0.046296
5 0.902493 0.306481 0.016129 0.031481
5 0.806207 0.311574 0.017107 0.049074
5 0.071848 0.283796 0.009775 0.023148
5 0.084555 0.198148 0.015640 0.024074
1 0.784702 0.220833 0.057185 0.091667
5 0.606549 0.011111 0.016618 0.018519
5 0.334800 0.024074 0.027370 0.048148
1 0.263685 0.373148 0.194037 0.209259
1 0.268328 0.231944 0.150538 0.139815
3 0.221896 0.055556 0.140762 0.111111
5 0.227028 0.125463 0.021017 0.034259
3 0.333822 0.156019 0.043011 0.091667
1 0.256109 0.708333 0.130987 0.224074
1 0.249022 0.882407 0.249756 0.233333
5 0.334800 0.965278 0.012708 0.019444
5 0.311828 0.986574 0.021505 0.013889
5 0.550831 0.582870 0.027370 0.032407
5 0.556940 0.533333 0.016129 0.075926
5 0.579179 0.572222 0.022483 0.037037
5 0.522972 0.428241 0.032258 0.025000
5 0.520772 0.409722 0.026882 0.030556
3 0.775415 0.587037 0.055230 0.094444
1 0.790323 0.509259 0.122190 0.190741
3 0.825758 0.572222 0.021017 0.066667
3 0.764418 0.643981 0.022483 0.060185
5 0.776637 0.682407 0.025415 0.038889
5 0.768817 0.977315 0.018573 0.032407
3 0.853372 0.903704 0.045943 0.061111
1 0.795943 0.881019 0.135386 0.234259
3 0.851906 0.822222 0.027370 0.090741