5 0.049365 0.209722 0.016618 0.032407
5 0.077468 0.297222 0.028837 0.055556
5 0.108504 0.306481 0.024438 0.044444
5 0.039101 0.902315 0.048876 0.060185
5 0.008309 0.951389 0.016618 0.069444
5 0.011975 0.778704 0.023949 0.083333
5 0.035435 0.646296 0.023949 0.022222
5 0.061828 0.630093 0.007331 0.043519
5 0.129765 0.622222 0.045455 0.070370
5 0.148827 0.538426 0.021017 0.025000
5 0.151271 0.569444 0.019062 0.031481
5 0.142717 0.591204 0.071359 0.050926
5 0.136364 0.596759 0.039101 0.026852
5 0.230450 0.341667 0.030792 0.033333
5 0.183040 0.394907 0.016129 0.030556
5 0.199169 0.265278 0.019062 0.039815
5 0.212854 0.695833 0.018084 0.034259
5 0.139541 0.799074 0.017107 0.048148
5 0.238514 0.887037 0.017595 0.042593
5 0.206745 0.977315 0.015640 0.030556
5 0.363392 0.008333 0.013196 0.016667
5 0.382698 0.212037 0.023460 0.083333
5 0.354350 0.312037 0.037146 0.040741
5 0.394673 0.337037 0.039589 0.025926
5 0.386364 0.606019 0.048387 0.080556
5 0.374389 0.871759 0.011730 0.036111
5 0.470430 0.857870 0.017107 0.032407
5 0.418866 0.931019 0.010753 0.030556
5 0.463099 0.637500 0.021994 0.028704
5 0.478983 0.514815 0.010753 0.040741
5 0.437439 0.106019 0.039101 0.062037
5 0.554252 0.037500 0.012708 0.034259
5 0.553030 0.053704 0.017107 0.024074
5 0.530547 0.099074 0.034702 0.046296
5 0.591153 0.107407 0.025904 0.068519
5 0.620235 0.140741 0.027370 0.038889
5 0.586510 0.012963 0.006843 0.025926
5 0.630010 0.067593 0.073314 0.135185
5 0.523460 0.359259 0.019550 0.033333
5 0.532747 0.312500 0.025415 0.030556
5 0.510020 0.266667 0.013196 0.040741
5 0.542278 0.280093 0.024927 0.075000
5 0.612659 0.472685 0.018084 0.026852
5 0.610215 0.595370 0.022972 0.024074
5 0.549365 0.821296 0.015640 0.048148
5 0.545699 0.550463 0.018084 0.030556
5 0.563294 0.114815 0.010264 0.018519
5 0.838710 0.013426 0.014663 0.026852
5 0.830645 0.055093 0.038612 0.069444
5 0.858016 0.104167 0.040567 0.075000
5 0.863392 0.036574 0.037634 0.071296
5 0.876344 0.009259 0.020528 0.018519
5 0.836999 0.458796 0.023949 0.041667
5 0.851417 0.427315 0.055718 0.110185
5 0.859482 0.426389 0.027859 0.017593
5 0.869257 0.430556 0.017107 0.038889
5 0.810606 0.350463 0.017107 0.032407
5 0.811828 0.321759 0.029326 0.043519
5 0.827468 0.259259 0.020528 0.094444
5 0.842375 0.317593 0.089443 0.085185
5 0.836510 0.299537 0.016129 0.019444
5 0.869746 0.268981 0.098240 0.213889
5 0.910313 0.024537 0.042522 0.043519
5 0.928152 0.215278 0.028348 0.065741
5 0.931818 0.281481 0.040567 0.066667
5 0.911290 0.304167 0.024927 0.073148
5 0.930352 0.510648 0.023949 0.025000
5 0.934262 0.865278 0.039589 0.086111
5 0.923754 0.818519 0.034213 0.022222
5 0.946481 0.781944 0.030792 0.036111
5 0.961388 0.760648 0.017595 0.019444
5 0.969941 0.806944 0.036657 0.060185
5 0.901760 0.722222 0.012708 0.031481
5 0.938661 0.628241 0.119746 0.178704
5 0.929374 0.695833 0.027859 0.037963
5 0.900538 0.448148 0.033724 0.051852
5 0.915445 0.405093 0.005865 0.017593
5 0.972874 0.150463 0.053275 0.097222
5 0.988514 0.223148 0.021994 0.025926
5 0.992669 0.241667 0.013685 0.018519
5 0.977517 0.264815 0.043011 0.042593
5 0.988514 0.305556 0.021994 0.059259
5 0.821114 0.972685 0.031281 0.052778
5 0.855327 0.903704 0.028348 0.051852
5 0.858016 0.837037 0.046432 0.064815
5 0.815005 0.684722 0.020039 0.050926
5 0.873656 0.529167 0.018084 0.021296
5 0.768573 0.410648 0.017107 0.030556
5 0.727273 0.468056 0.034213 0.043519
5 0.742180 0.632870 0.022972 0.067593
5 0.769795 0.669444 0.029326 0.068519
5 0.707722 0.812500 0.016618 0.030556
5 0.725562 0.824537 0.035679 0.049074
5 0.490469 0.798148 0.014174 0.035185
5 0.591642 0.816667 0.040567 0.077778
5 0.288856 0.687963 0.021505 0.038889
0 0.572581 0.899074 0.241935 0.200000
0 0.555230 0.508333 0.226784 0.464815
0 0.568671 0.272685 0.247801 0.395370
5 0.488270 0.597222 0.011730 0.042593
0 0.706989 0.032870 0.057185 0.065741