5 0.727761 0.806481 0.028348 0.044444
5 0.723118 0.725926 0.016129 0.051852
5 0.640274 0.275000 0.021505 0.044444
5 0.262463 0.113426 0.018573 0.032407
5 0.750000 0.108333 0.029814 0.055556
5 0.769062 0.039352 0.036657 0.052778
5 0.602395 0.010185 0.005376 0.020370
5 0.233382 0.007870 0.007331 0.015741
5 0.077468 0.072222 0.029814 0.057407
5 0.124145 0.031481 0.031281 0.055556
5 0.127322 0.207407 0.015152 0.037037
5 0.116569 0.225000 0.021017 0.037037
5 0.019795 0.256944 0.008309 0.043519
5 0.005865 0.412963 0.011730 0.014815
5 0.037634 0.379167 0.019550 0.045370
5 0.099951 0.339815 0.025904 0.037037
5 0.090176 0.477778 0.027859 0.057407
5 0.094330 0.625000 0.015640 0.029630
5 0.013930 0.525926 0.027859 0.055556
5 0.012708 0.600463 0.025415 0.078704
5 0.010997 0.738426 0.021994 0.045370
5 0.061095 0.696759 0.024438 0.030556
4 0.052297 0.781019 0.036168 0.060185
5 0.088465 0.845370 0.032258 0.050000
5 0.149071 0.797685 0.018573 0.034259
5 0.122190 0.875000 0.041056 0.042593
5 0.010753 0.986111 0.021505 0.024074
5 0.429130 0.779167 0.039101 0.065741
5 0.377077 0.103241 0.019062 0.037963
5 0.410068 0.125926 0.053763 0.105556
0 0.468231 0.073148 0.039101 0.146296
2 0.507331 0.067593 0.041056 0.124074
2 0.540323 0.180093 0.046432 0.204630
2 0.541300 0.027778 0.039589 0.055556
5 0.599218 0.225926 0.018573 0.038889
5 0.750489 0.285185 0.021017 0.037037
5 0.743402 0.189352 0.031281 0.050926
5 0.942571 0.023148 0.029814 0.046296
5 0.891984 0.826389 0.015640 0.036111
5 0.943793 0.883333 0.026393 0.061111
5 0.555230 0.909259 0.027370 0.037037
5 0.562072 0.708333 0.046921 0.100000
5 0.730450 0.531481 0.023949 0.055556
5 0.261486 0.195370 0.030303 0.037037
5 0.291056 0.363426 0.035679 0.050926
5 0.222385 0.438889 0.033236 0.050000
5 0.249511 0.531481 0.056207 0.068519
5 0.225073 0.615278 0.033724 0.049074
5 0.265885 0.737963 0.024438 0.037037
5 0.248778 0.760648 0.028348 0.060185
0 0.439883 0.664352 0.239492 0.665741
0 0.512219 0.826389 0.231672 0.343519
0 0.388319 0.350000 0.328935 0.374074
5 0.532747 0.487037 0.015640 0.042593