0 0.418622 0.877315 0.065005 0.236111
0 0.540323 0.257407 0.371945 0.512963
5 0.424731 0.169907 0.041056 0.036111
5 0.280303 0.125000 0.048387 0.100000
5 0.266129 0.254167 0.039589 0.065741
5 0.395161 0.321759 0.039589 0.062037
5 0.453324 0.361574 0.018084 0.049074
5 0.503666 0.520833 0.020039 0.045370
5 0.482893 0.450926 0.022483 0.037037
5 0.530303 0.629630 0.024438 0.044444
5 0.472385 0.653241 0.035679 0.073148
5 0.273949 0.302315 0.026882 0.052778
5 0.291544 0.387037 0.027859 0.037037
5 0.261241 0.384722 0.020039 0.045370
5 0.147849 0.173611 0.043500 0.067593
5 0.158847 0.110648 0.038123 0.062037
5 0.097263 0.152778 0.034213 0.057407
5 0.126833 0.096759 0.041544 0.089815
5 0.104594 0.047685 0.037146 0.086111
5 0.020283 0.139352 0.022972 0.049074
5 0.021017 0.207407 0.037146 0.057407
5 0.071603 0.217593 0.026882 0.059259
5 0.131232 0.212963 0.021994 0.051852
5 0.119990 0.288889 0.029814 0.053704
5 0.010753 0.320833 0.021505 0.073148
5 0.040567 0.253704 0.019550 0.044444
5 0.104839 0.436574 0.037634 0.052778
5 0.018328 0.361574 0.030792 0.049074
5 0.019062 0.524074 0.030303 0.079630
5 0.130987 0.506019 0.038123 0.054630
5 0.104839 0.546759 0.048387 0.052778
5 0.108260 0.613889 0.034702 0.046296
5 0.025415 0.599074 0.033236 0.061111
5 0.058895 0.584722 0.020039 0.054630
5 0.110704 0.692593 0.044477 0.072222
5 0.078201 0.760648 0.027370 0.060185
5 0.024194 0.826389 0.028837 0.063889
5 0.088954 0.908333 0.036168 0.068519
5 0.108993 0.944444 0.031281 0.051852
5 0.025904 0.962037 0.048876 0.066667
5 0.263196 0.717593 0.028837 0.057407
5 0.209677 0.822685 0.030303 0.054630
5 0.219453 0.926852 0.036168 0.053704
5 0.269306 0.927315 0.026393 0.039815
5 0.412757 0.024537 0.029814 0.049074
5 0.287146 0.466204 0.021017 0.050926
5 0.585777 0.537500 0.032747 0.052778
5 0.641251 0.347222 0.025415 0.072222
5 0.660557 0.423611 0.026882 0.052778
5 0.625367 0.044444 0.022972 0.022222
5 0.584066 0.126852 0.031281 0.050000
5 0.546432 0.199074 0.018573 0.044444
5 0.759775 0.178704 0.032747 0.092593
5 0.772483 0.243981 0.032747 0.073148
5 0.788856 0.351852 0.032258 0.072222
5 0.710655 0.452315 0.036168 0.086111
5 0.756354 0.594444 0.044477 0.066667
5 0.802053 0.550926 0.018573 0.061111
5 0.788368 0.667593 0.033236 0.070370
5 0.751711 0.716204 0.048876 0.065741
5 0.769062 0.534259 0.044477 0.050000
5 0.758309 0.450000 0.057185 0.070370
5 0.760264 0.364352 0.026882 0.076852
5 0.843353 0.360185 0.032747 0.062963
5 0.871457 0.193519 0.040078 0.055556
5 0.889052 0.137037 0.025415 0.066667
5 0.862659 0.107407 0.038123 0.075926
5 0.894673 0.046296 0.056207 0.081481
5 0.963099 0.054630 0.044477 0.103704
5 0.956989 0.181944 0.024438 0.076852
5 0.961877 0.395370 0.032258 0.072222
5 0.916178 0.382870 0.035679 0.086111
5 0.801075 0.210648 0.019550 0.054630
5 0.952102 0.248611 0.029326 0.050926
5 0.899804 0.504630 0.038123 0.057407
5 0.875611 0.528241 0.035679 0.065741
5 0.787146 0.836574 0.026882 0.036111
5 0.962121 0.889815 0.032747 0.066667
5 0.914467 0.850000 0.030303 0.066667
5 0.866080 0.759722 0.029326 0.043519
5 0.925220 0.578241 0.036168 0.050926
5 0.977761 0.569444 0.035679 0.042593
5 0.902004 0.600463 0.028837 0.054630
5 0.911535 0.718981 0.040078 0.093519
5 0.953568 0.692130 0.037146 0.076852
5 0.952590 0.779167 0.060606 0.087963
5 0.979961 0.840741 0.034213 0.057407
5 0.905670 0.790278 0.021505 0.039815
5 0.833822 0.986111 0.012708 0.022222
5 0.754154 0.980093 0.009775 0.030556
0 0.579912 0.802315 0.318182 0.393519
0 0.627322 0.893056 0.265396 0.212037