5 0.023216 0.119907 0.037634 0.075000
5 0.128543 0.105093 0.021505 0.065741
5 0.159580 0.008796 0.026882 0.017593
5 0.042522 0.466667 0.011730 0.024074
5 0.034946 0.424074 0.007331 0.009259
5 0.040811 0.407870 0.010264 0.006481
5 0.036168 0.418981 0.007820 0.013889
5 0.029814 0.393056 0.005865 0.017593
5 0.253421 0.156481 0.033724 0.048148
5 0.283480 0.168981 0.003910 0.019444
5 0.293011 0.016204 0.035679 0.032407
5 0.257576 0.249537 0.008798 0.021296
5 0.226540 0.404167 0.009286 0.012037
5 0.177175 0.290741 0.056207 0.107407
5 0.144917 0.475926 0.025904 0.050000
5 0.103861 0.618519 0.013196 0.020370
5 0.379032 0.922222 0.015152 0.018519
5 0.436217 0.962963 0.034702 0.072222
5 0.366080 0.723611 0.029326 0.062037
5 0.358749 0.599074 0.037146 0.062963
5 0.362170 0.566667 0.011730 0.012963
5 0.415934 0.494907 0.007820 0.017593
5 0.425464 0.338426 0.028837 0.063889
5 0.433773 0.438889 0.043500 0.040741
5 0.374389 0.162963 0.014663 0.024074
5 0.359238 0.082407 0.040078 0.092593
5 0.592864 0.097222 0.019550 0.044444
5 0.632942 0.053704 0.033236 0.100000
5 0.677664 0.261574 0.010264 0.017593
5 0.736070 0.275463 0.042033 0.052778
5 0.599707 0.407407 0.017595 0.027778
5 0.673754 0.545370 0.066960 0.137037
5 0.661779 0.461111 0.010753 0.009259
5 0.699413 0.604630 0.007820 0.018519
5 0.518328 0.948148 0.042522 0.098148
0 0.565982 0.806019 0.046921 0.189815
0 0.462121 0.775926 0.178397 0.231481
5 0.929619 0.747222 0.006843 0.014815
5 0.827224 0.694444 0.039589 0.075926
5 0.865103 0.583333 0.030303 0.077778
4 0.880987 0.399537 0.043500 0.041667
5 0.901026 0.404630 0.016129 0.022222
5 0.948925 0.322685 0.037634 0.069444
5 0.964321 0.643056 0.014663 0.025000
0 0.519795 0.170833 0.132454 0.341667
0 0.501955 0.484722 0.236559 0.449074
5 0.086999 0.580093 0.004888 0.019444
5 0.080890 0.569444 0.004399 0.014815
5 0.081623 0.580093 0.008798 0.019444