1 0.210655 0.989352 0.036168 0.019444
1 0.236804 0.965741 0.042522 0.066667
5 0.965298 0.907870 0.029326 0.043519
5 0.655181 0.899537 0.019062 0.028704
1 0.750733 0.881481 0.159335 0.159259
5 0.455279 0.801389 0.024927 0.045370
5 0.549120 0.780556 0.024927 0.055556
5 0.552786 0.697222 0.035191 0.050000
5 0.918377 0.668519 0.021505 0.037037
5 0.940127 0.556481 0.020039 0.050000
5 0.581867 0.563889 0.022972 0.037037
5 0.890762 0.526389 0.027859 0.012037
5 0.772483 0.512037 0.026882 0.053704
5 0.869990 0.473148 0.009775 0.016667
5 0.696970 0.462037 0.020528 0.033333
5 0.956745 0.442593 0.016129 0.022222
5 0.937928 0.375926 0.023460 0.035185
5 0.880254 0.347685 0.018573 0.050926
5 0.564761 0.310185 0.013196 0.044444
5 0.991935 0.320370 0.015152 0.029630
5 0.354350 0.227315 0.035191 0.039815
5 0.570870 0.209722 0.026393 0.037963
5 0.542522 0.180556 0.025415 0.033333
4 0.939394 0.166204 0.015640 0.043519
4 0.471652 0.014815 0.027370 0.029630
2 0.214809 0.231019 0.138319 0.104630
1 0.254154 0.076389 0.103617 0.152778
5 0.450880 0.077315 0.030792 0.045370
4 0.470674 0.187500 0.013685 0.039815
5 0.479472 0.146296 0.036168 0.061111
5 0.474096 0.118519 0.019550 0.037037
5 0.479717 0.051852 0.029814 0.066667
5 0.413734 0.476389 0.029814 0.049074
5 0.470919 0.475463 0.032747 0.052778
5 0.323314 0.532870 0.025904 0.039815
5 0.007820 0.852778 0.014663 0.027778
1 0.264418 0.339815 0.137830 0.274074
1 0.238759 0.492593 0.083578 0.190741
5 0.218231 0.722685 0.022972 0.036111
1 0.231427 0.668981 0.123656 0.136111
2 0.269795 0.897685 0.091887 0.095370
4 0.360704 0.883333 0.028348 0.050000
5 0.375611 0.852778 0.023949 0.040741
5 0.330156 0.784722 0.022972 0.054630
5 0.369501 0.759722 0.017595 0.030556
5 0.481183 0.824074 0.021017 0.035185
5 0.450391 0.853241 0.025904 0.034259
5 0.451369 0.756019 0.019062 0.034259
5 0.480450 0.678241 0.028348 0.052778
5 0.480450 0.717593 0.018573 0.042593
4 0.470919 0.601852 0.020039 0.022222
5 0.466520 0.583796 0.018084 0.036111
5 0.427419 0.363889 0.028837 0.062963
5 0.444282 0.345370 0.022483 0.037037
5 0.385142 0.264815 0.015640 0.040741
5 0.622190 0.274537 0.023460 0.056481
5 0.567204 0.363889 0.028837 0.048148
5 0.526393 0.333796 0.019550 0.036111
5 0.482649 0.406019 0.026882 0.039815
5 0.508065 0.405556 0.029814 0.046296
5 0.503910 0.420370 0.018573 0.022222
5 0.489980 0.471296 0.011241 0.061111
5 0.496579 0.450463 0.014663 0.037963
5 0.663978 0.873611 0.027859 0.036111
5 0.666422 0.894907 0.014174 0.025000
5 0.682063 0.788889 0.018084 0.016667
5 0.830156 0.808796 0.023949 0.039815
5 0.781769 0.762037 0.026882 0.035185
5 0.837488 0.645833 0.017107 0.034259
5 0.639296 0.679630 0.026393 0.029630
5 0.642473 0.714815 0.025904 0.040741
5 0.665200 0.723148 0.019550 0.037037
5 0.674976 0.751852 0.015640 0.038889
5 0.698925 0.713426 0.020528 0.045370
5 0.704790 0.741204 0.016618 0.021296
5 0.728495 0.772222 0.019062 0.035185
5 0.779081 0.818519 0.021505 0.029630
5 0.782014 0.682870 0.021505 0.045370
5 0.793744 0.663426 0.019550 0.030556
1 0.721652 0.675000 0.068915 0.153704
5 0.653226 0.549537 0.015152 0.025000
5 0.667400 0.554167 0.016129 0.045370
5 0.651515 0.575463 0.015640 0.021296
5 0.678152 0.568519 0.011241 0.037037
5 0.634653 0.474074 0.028837 0.053704
1 0.737781 0.501852 0.048387 0.248148
5 0.782747 0.638889 0.020039 0.035185
5 0.823558 0.532407 0.019550 0.037037
5 0.654936 0.176389 0.024438 0.045370
5 0.666422 0.200926 0.021017 0.044444
5 0.711632 0.390741 0.022483 0.040741
5 0.806940 0.510648 0.030303 0.060185
5 0.798387 0.443981 0.014174 0.032407
5 0.847996 0.408796 0.018573 0.041667
5 0.951369 0.884259 0.013196 0.035185
5 0.948436 0.840741 0.016129 0.038889
5 0.932796 0.902315 0.012219 0.028704
5 0.946237 0.787963 0.012708 0.029630
5 0.958456 0.794444 0.010753 0.029630
5 0.983871 0.773611 0.019550 0.025000
5 0.964321 0.649074 0.025415 0.048148
5 0.937195 0.683333 0.013196 0.024074
5 0.931085 0.698148 0.016618 0.022222
4 0.925953 0.585185 0.019062 0.038889
5 0.843842 0.563889 0.025904 0.050000
5 0.880499 0.570370 0.016129 0.031481
5 0.822336 0.475926 0.021994 0.035185
5 0.838465 0.480093 0.014174 0.028704
5 0.903226 0.439352 0.024438 0.043519
5 0.945748 0.472685 0.017595 0.026852
5 0.945503 0.499074 0.011241 0.031481
5 0.956745 0.492130 0.016129 0.039815
5 0.924976 0.406944 0.030792 0.039815
5 0.952346 0.156019 0.018084 0.039815
5 0.938416 0.137500 0.017595 0.032407
5 0.961877 0.260648 0.010753 0.026852
5 0.898094 0.328704 0.017107 0.033333
5 0.955523 0.402778 0.012708 0.027778
5 0.968475 0.387500 0.009286 0.056481
5 0.972874 0.389352 0.023949 0.023148
5 0.930108 0.042130 0.030303 0.078704
5 0.896872 0.030556 0.023460 0.046296
5 0.826735 0.106019 0.017107 0.026852
3 0.832111 0.138426 0.016129 0.034259
5 0.943548 0.302315 0.026882 0.052778
5 0.943548 0.312963 0.017107 0.016667
5 0.937928 0.336574 0.026393 0.030556
5 0.760264 0.405093 0.021017 0.043519
5 0.775660 0.398148 0.023460 0.033333
5 0.793011 0.403704 0.007331 0.033333
4 0.736070 0.374074 0.018573 0.022222
5 0.708211 0.320833 0.011730 0.049074
5 0.698192 0.304167 0.013196 0.030556
1 0.695503 0.160185 0.034213 0.064815
1 0.767595 0.268519 0.124633 0.222222
1 0.754154 0.098611 0.110459 0.147222
1 0.760264 0.018056 0.042522 0.036111