5 0.032258 0.152778 0.047898 0.053704
5 0.026393 0.072222 0.036168 0.064815
5 0.064272 0.408796 0.091398 0.160185
5 0.183284 0.464815 0.139785 0.324074
5 0.136119 0.578241 0.043500 0.084259
5 0.095552 0.899537 0.044477 0.086111
5 0.138807 0.826852 0.026393 0.096296
5 0.191838 0.787963 0.081623 0.170370
5 0.163245 0.928241 0.056696 0.087963
5 0.214076 0.916667 0.037146 0.068519
5 0.243157 0.158333 0.075758 0.168519
5 0.282014 0.365278 0.061584 0.137963
5 0.280303 0.637037 0.121701 0.192593
5 0.294966 0.141204 0.058162 0.082407
5 0.406403 0.080093 0.072825 0.086111
1 0.511241 0.040278 0.054741 0.080556
5 0.483871 0.216667 0.073314 0.207407
1 0.510020 0.404167 0.115836 0.267593
1 0.464321 0.554630 0.131965 0.183333
5 0.388563 0.587963 0.037146 0.094444
1 0.488025 0.694907 0.106061 0.308333
5 0.338465 0.940741 0.049365 0.064815
5 0.472141 0.920370 0.109482 0.142593
5 0.667644 0.948148 0.082111 0.088889
5 0.720430 0.808796 0.057674 0.095370
5 0.686950 0.047222 0.029814 0.037037