5 0.073803 0.141667 0.026393 0.038889
5 0.065738 0.187963 0.023949 0.027778
5 0.046432 0.025926 0.007820 0.014815
5 0.240958 0.136111 0.025415 0.055556
5 0.116569 0.208796 0.019062 0.025000
5 0.086755 0.250926 0.022972 0.037037
5 0.067204 0.293056 0.013196 0.021296
5 0.135630 0.261574 0.045455 0.110185
5 0.139785 0.336574 0.016618 0.034259
5 0.048631 0.383796 0.017107 0.034259
5 0.076491 0.406019 0.026882 0.025000
5 0.161290 0.448611 0.020528 0.041667
5 0.004399 0.642593 0.008798 0.014815
5 0.054741 0.586111 0.021505 0.044444
5 0.092375 0.688889 0.027370 0.024074
5 0.133431 0.623148 0.017595 0.020370
5 0.148094 0.679167 0.031281 0.078704
5 0.180352 0.699074 0.019550 0.031481
5 0.158602 0.848611 0.021017 0.047222
5 0.317204 0.922685 0.035191 0.039815
5 0.303030 0.670370 0.035191 0.061111
5 0.318915 0.671759 0.021017 0.041667
5 0.326002 0.537037 0.031281 0.068519
5 0.349462 0.811574 0.024438 0.056481
5 0.418622 0.740741 0.006354 0.025926
5 0.349462 0.206019 0.016618 0.030556
5 0.439883 0.132870 0.025415 0.041667
5 0.459433 0.161111 0.008798 0.022222
5 0.517351 0.238889 0.018084 0.022222
5 0.473607 0.327315 0.016618 0.032407
5 0.522483 0.261574 0.017595 0.015741
5 0.537634 0.302778 0.011730 0.025926
0 0.578201 0.427315 0.310850 0.315741
5 0.537390 0.517130 0.028837 0.028704
5 0.548876 0.503241 0.018573 0.036111
5 0.568915 0.531481 0.005865 0.037037
5 0.607527 0.508333 0.012708 0.012963
5 0.586022 0.119907 0.022483 0.047222
5 0.635630 0.136574 0.015152 0.028704
0 0.575758 0.098148 0.107527 0.196296
0 0.669110 0.053704 0.017595 0.107407
5 0.602884 0.255556 0.026882 0.050000
3 0.547410 0.820833 0.080156 0.128704
0 0.612659 0.746296 0.183284 0.479630
5 0.663734 0.279630 0.005865 0.014815
5 0.689883 0.275463 0.008309 0.013889
5 0.981672 0.012963 0.011241 0.022222
5 0.945503 0.285185 0.020039 0.031481
5 0.990714 0.161574 0.012708 0.026852
5 0.932063 0.130556 0.009775 0.035185
5 0.799365 0.129167 0.042522 0.091667
5 0.802542 0.273611 0.043988 0.065741
5 0.762708 0.499074 0.018084 0.029630
5 0.957234 0.652778 0.021017 0.053704
5 0.982649 0.881944 0.010264 0.032407
5 0.977273 0.977778 0.023949 0.038889
5 0.460899 0.674074 0.005865 0.020370