5 0.317693 0.924074 0.013685 0.070370
5 0.165934 0.896759 0.031769 0.030556
5 0.285191 0.880093 0.007331 0.019444
5 0.181085 0.859259 0.028837 0.048148
5 0.441838 0.855556 0.025415 0.048148
5 0.148583 0.821759 0.035191 0.067593
5 0.318426 0.755556 0.025904 0.038889
5 0.283236 0.736111 0.021017 0.053704
5 0.013685 0.734259 0.027370 0.077778
5 0.456500 0.716204 0.046921 0.073148
5 0.756598 0.689815 0.016618 0.042593
5 0.811339 0.675926 0.034213 0.074074
5 0.789101 0.598148 0.040567 0.048148
5 0.214076 0.584259 0.020528 0.025926
5 0.649560 0.521759 0.042033 0.050926
5 0.416178 0.472222 0.031769 0.059259
5 0.928886 0.341667 0.028837 0.035185
5 0.330645 0.336111 0.016129 0.040741
5 0.900049 0.330556 0.022972 0.037037
5 0.728250 0.311574 0.070381 0.121296
5 0.928397 0.177778 0.020039 0.031481
5 0.851173 0.147222 0.011241 0.018519
5 0.164956 0.161574 0.044477 0.065741
5 0.618768 0.058796 0.018573 0.039815
5 0.911046 0.052315 0.017595 0.062037
5 0.152493 0.438426 0.030303 0.049074
5 0.107038 0.729167 0.072336 0.112037
5 0.349218 0.450463 0.020039 0.043519
5 0.323314 0.156944 0.020039 0.034259
5 0.298143 0.112037 0.036168 0.057407
5 0.351173 0.042130 0.021017 0.028704
4 0.416911 0.138889 0.023460 0.077778
5 0.436461 0.105556 0.013685 0.070370
5 0.293011 0.475926 0.032747 0.072222
5 0.344086 0.807870 0.033236 0.054630
5 0.313539 0.632870 0.036657 0.041667
5 0.352395 0.634722 0.045943 0.056481
5 0.361681 0.722685 0.079179 0.137963
5 0.277126 0.565278 0.043988 0.045370
5 0.599707 0.043056 0.024438 0.037963
5 0.739492 0.112500 0.021505 0.043519
5 0.781036 0.101852 0.020528 0.033333
5 0.751222 0.103241 0.020528 0.069444
5 0.792278 0.213889 0.019550 0.066667
5 0.784213 0.162963 0.019062 0.040741
5 0.985582 0.181019 0.026882 0.054630
1 0.969453 0.969444 0.058162 0.059259
5 0.917644 0.862500 0.045455 0.163889
5 0.753177 0.626389 0.040078 0.093519
5 0.882942 0.468981 0.027859 0.065741
5 0.789589 0.987037 0.009286 0.022222
5 0.779081 0.975000 0.022483 0.040741
5 0.790567 0.900000 0.026882 0.059259
5 0.725562 0.920833 0.046432 0.067593
5 0.756843 0.913889 0.020039 0.066667
5 0.642473 0.464352 0.032747 0.065741
5 0.658358 0.697685 0.037146 0.058333
5 0.670821 0.590278 0.045455 0.102778
5 0.671065 0.635648 0.027370 0.049074
1 0.961632 0.025000 0.050342 0.050000
1 0.967986 0.761574 0.063050 0.267593
1 0.968964 0.572685 0.059140 0.234259
1 0.967986 0.367130 0.063050 0.150926
5 0.954790 0.275000 0.056207 0.083333
1 0.508065 0.132407 0.186217 0.264815
1 0.522239 0.261111 0.211632 0.212963
1 0.518817 0.495833 0.134409 0.337963
5 0.568182 0.656019 0.046432 0.058333
1 0.508798 0.885185 0.097752 0.222222
1 0.615347 0.901389 0.142717 0.193519
1 0.526637 0.979167 0.075758 0.039815
5 0.449658 0.952778 0.054741 0.090741
5 0.402493 0.962963 0.041544 0.066667
5 0.685728 0.955556 0.044966 0.079630
5 0.648827 0.768056 0.037634 0.084259
5 0.643695 0.842130 0.045943 0.065741