5 0.074047 0.400463 0.029814 0.047222
5 0.013196 0.452778 0.026393 0.074074
5 0.064272 0.575926 0.023949 0.057407
5 0.029570 0.707407 0.059140 0.272222
5 0.019306 0.962037 0.038612 0.072222
5 0.191349 0.887963 0.036657 0.064815
5 0.067937 0.784259 0.036168 0.018519
5 0.408358 0.598611 0.045455 0.036111
0 0.613881 0.775926 0.385142 0.440741
0 0.619013 0.257870 0.260508 0.515741
0 0.602151 0.117593 0.192571 0.235185
5 0.614370 0.547685 0.019550 0.065741
0 0.588954 0.852778 0.258065 0.292593
5 0.706012 0.907407 0.106061 0.172222
5 0.671310 0.818056 0.061095 0.093519
5 0.803030 0.900463 0.030303 0.063889
5 0.826002 0.706019 0.032258 0.100926
5 0.777859 0.499537 0.045455 0.102778
5 0.806207 0.049537 0.043500 0.099074
5 0.721896 0.165278 0.028348 0.058333
5 0.883920 0.093519 0.045455 0.074074
5 0.899316 0.246759 0.035191 0.087963
5 0.856305 0.540278 0.053763 0.065741
5 0.949658 0.591204 0.065494 0.123148
5 0.896872 0.653241 0.043011 0.087963
5 0.943304 0.659259 0.035191 0.050000
5 0.913001 0.603704 0.036168 0.055556
5 0.938416 0.495370 0.031281 0.079630
5 0.859482 0.594907 0.043500 0.062037
5 0.938416 0.874537 0.052786 0.086111
5 0.921554 0.801389 0.035679 0.065741
5 0.961877 0.945370 0.057674 0.107407
5 0.963587 0.268519 0.031769 0.081481
5 0.841887 0.091667 0.037634 0.072222
5 0.932063 0.126389 0.046921 0.063889
5 0.853861 0.262037 0.031281 0.059259
5 0.830156 0.024537 0.023949 0.049074
5 0.950147 0.039815 0.032258 0.079630
5 0.851417 0.046296 0.023460 0.064815
5 0.743891 0.655556 0.017595 0.044444