5 0.137586 0.037037 0.025904 0.046296
5 0.204545 0.239352 0.021017 0.041667
1 0.281525 0.241667 0.081134 0.133333
5 0.245357 0.134722 0.030303 0.039815
5 0.309873 0.069907 0.022483 0.047222
5 0.380254 0.110648 0.037146 0.106481
5 0.347019 0.210648 0.043011 0.082407
5 0.312072 0.227315 0.020039 0.039815
5 0.405670 0.249074 0.027370 0.048148
5 0.509531 0.229630 0.042522 0.044444
5 0.483627 0.335185 0.023949 0.048148
5 0.461632 0.406481 0.032747 0.050000
5 0.453324 0.606481 0.055230 0.125926
5 0.586022 0.503704 0.037146 0.090741
5 0.508309 0.754167 0.049853 0.147222
5 0.442815 0.700463 0.020528 0.034259
5 0.414712 0.759722 0.027859 0.043519
5 0.121212 0.441667 0.016618 0.050000
5 0.060850 0.322222 0.022972 0.035185
5 0.045699 0.329630 0.027859 0.064815
5 0.011975 0.313889 0.022972 0.050000
1 0.313539 0.375463 0.175464 0.213889
5 0.023949 0.701389 0.024438 0.037963
5 0.042522 0.925000 0.080156 0.137037
1 0.280547 0.947222 0.184751 0.092593
1 0.278348 0.627778 0.152004 0.338889
5 0.282991 0.802778 0.031281 0.062963
5 0.148338 0.180093 0.021994 0.037963
5 0.682307 0.185648 0.055718 0.071296
5 0.634164 0.044907 0.040567 0.049074
5 0.693304 0.031481 0.035679 0.057407
5 0.757576 0.299537 0.053763 0.087963
1 0.820870 0.108333 0.112903 0.211111
5 0.852884 0.174074 0.037146 0.087037
5 0.725562 0.390278 0.033724 0.071296
1 0.809384 0.465741 0.051808 0.231481
5 0.844575 0.382407 0.032258 0.077778
5 0.689638 0.377778 0.026393 0.050000
5 0.644184 0.416204 0.029326 0.052778
5 0.608260 0.426852 0.023949 0.046296
5 0.869501 0.489352 0.026393 0.052778
5 0.837977 0.601852 0.021017 0.046296
5 0.763441 0.654167 0.037146 0.062037
5 0.826246 0.680556 0.039589 0.051852
1 0.849951 0.771759 0.054741 0.195370
1 0.804008 0.864352 0.074291 0.265741
5 0.758553 0.877315 0.037146 0.054630
5 0.732160 0.956944 0.039101 0.076852
5 0.979961 0.775926 0.033236 0.081481
5 0.922532 0.668519 0.032747 0.068519
5 0.979472 0.633796 0.035191 0.075000
5 0.976540 0.416204 0.034213 0.100926
5 0.971896 0.197685 0.050342 0.186111
5 0.972385 0.073148 0.032747 0.044444
5 0.564761 0.257407 0.019062 0.033333
5 0.562805 0.010185 0.026882 0.020370
5 0.866325 0.577778 0.021994 0.037037