5 0.177419 0.187500 0.076246 0.063889
5 0.142962 0.404630 0.040567 0.057407
5 0.194526 0.427315 0.020528 0.049074
5 0.091153 0.728241 0.042522 0.069444
5 0.277370 0.870370 0.060117 0.140741
5 0.343353 0.916667 0.039589 0.064815
5 0.294477 0.681944 0.052297 0.080556
5 0.366813 0.524074 0.063050 0.079630
5 0.403715 0.442130 0.023460 0.084259
5 0.363392 0.271759 0.044477 0.134259
1 0.514174 0.875000 0.149560 0.248148
1 0.522972 0.756481 0.121212 0.157407
5 0.473118 0.570370 0.029326 0.068519
1 0.516129 0.551389 0.099707 0.191667
1 0.500733 0.362500 0.174487 0.213889
1 0.514418 0.167130 0.094330 0.228704
5 0.564516 0.169907 0.020528 0.119444
1 0.496579 0.095370 0.097752 0.190741
5 0.585777 0.488426 0.034702 0.078704
5 0.855083 0.961111 0.036657 0.046296
5 0.832600 0.980556 0.070870 0.037037
5 0.780792 0.782407 0.027859 0.062963
5 0.823558 0.805556 0.059629 0.103704
5 0.779814 0.525000 0.062072 0.103704
5 0.762708 0.594444 0.022972 0.040741
5 0.921310 0.600926 0.055718 0.088889
1 0.969208 0.901389 0.060606 0.195370
5 0.958944 0.795370 0.035191 0.055556
1 0.967742 0.740741 0.062561 0.168519
5 0.971408 0.631944 0.024927 0.054630
1 0.976051 0.563889 0.046921 0.251852
5 0.849951 0.244907 0.068426 0.108333
5 0.682796 0.212963 0.032258 0.098148
5 0.645161 0.297222 0.031281 0.062963
5 0.767840 0.202315 0.046921 0.071296
5 0.665934 0.094907 0.035679 0.050926
5 0.756109 0.025926 0.059629 0.051852
5 0.795210 0.068981 0.078201 0.137963
5 0.899316 0.273148 0.040078 0.074074
3 0.923998 0.133333 0.035679 0.112963
1 0.973607 0.141204 0.051808 0.189815
1 0.965298 0.290741 0.068426 0.146296