5 0.358016 0.370833 0.102151 0.145370
5 0.432307 0.469444 0.014174 0.018519
5 0.365591 0.716204 0.024438 0.052778
5 0.436950 0.164352 0.030303 0.076852
5 0.389541 0.053241 0.023460 0.030556
5 0.517595 0.108796 0.024438 0.039815
5 0.505132 0.029167 0.040567 0.056481
5 0.560117 0.065741 0.016618 0.033333
0 0.635386 0.122222 0.149560 0.244444
5 0.623656 0.208796 0.043011 0.067593
0 0.734360 0.933333 0.037634 0.131481
5 0.812805 0.883796 0.049853 0.086111
5 0.801808 0.968981 0.039589 0.056481
5 0.786657 0.873611 0.021017 0.041667
5 0.847019 0.753704 0.016618 0.059259
5 0.915200 0.603241 0.028837 0.026852
5 0.913978 0.657407 0.038123 0.050000
5 0.948680 0.694907 0.019550 0.047222
5 0.839198 0.387037 0.037146 0.072222
5 0.986559 0.385185 0.021017 0.081481
5 0.819648 0.150463 0.033236 0.052778
5 0.852884 0.081019 0.039101 0.095370
5 0.839443 0.277778 0.020039 0.079630
5 0.728006 0.141667 0.020039 0.035185
5 0.823803 0.031944 0.019062 0.030556
5 0.656158 0.023148 0.028837 0.046296
5 0.982893 0.106944 0.025415 0.054630
5 0.893695 0.375463 0.023949 0.032407
5 0.893206 0.295833 0.018084 0.026852
5 0.816471 0.539815 0.026882 0.031481
5 0.779570 0.542593 0.028348 0.037037
5 0.735582 0.588889 0.023460 0.014815
5 0.704545 0.608796 0.015152 0.015741
5 0.049609 0.845370 0.017107 0.044444
5 0.064516 0.672222 0.012708 0.035185
5 0.156647 0.020370 0.020039 0.025926
5 0.180352 0.254167 0.018573 0.039815
5 0.143939 0.975926 0.021994 0.035185
5 0.553030 0.009259 0.016129 0.018519
5 0.937928 0.965741 0.018573 0.033333
5 0.975318 0.040278 0.020039 0.047222
0 0.556940 0.879167 0.338710 0.239815
0 0.648094 0.493981 0.512219 0.600926
0 0.614858 0.678704 0.315738 0.309259