1 0.307918 0.582870 0.118280 0.310185
1 0.278104 0.236111 0.074291 0.201852
2 0.291789 0.083333 0.050831 0.120370
2 0.278348 0.404630 0.059140 0.042593
2 0.291789 0.352778 0.035191 0.074074
5 0.380254 0.384722 0.042033 0.060185
1 0.261241 0.879630 0.131476 0.209259
1 0.246090 0.956481 0.040567 0.077778
5 0.256843 0.901852 0.022972 0.037037
5 0.555963 0.277315 0.038612 0.063889
5 0.600684 0.533796 0.020528 0.054630
5 0.508065 0.417593 0.032747 0.050000
5 0.493891 0.499074 0.032747 0.059259
5 0.470430 0.291667 0.027859 0.059259
5 0.378543 0.104167 0.028837 0.052778
5 0.447947 0.025000 0.031769 0.048148
5 0.485093 0.028704 0.035679 0.046296
5 0.397361 0.022685 0.023460 0.039815
5 0.560606 0.036574 0.022483 0.050926
5 0.630254 0.319907 0.026882 0.049074
5 0.589687 0.345833 0.035679 0.056481
5 0.647116 0.165278 0.025415 0.062037
5 0.713343 0.355556 0.029814 0.046296
5 0.699413 0.422222 0.032258 0.059259
5 0.657869 0.653704 0.018573 0.057407
5 0.577224 0.752778 0.019550 0.070370
5 0.750733 0.613889 0.053763 0.081481
5 0.697703 0.543981 0.017107 0.039815
5 0.705767 0.607870 0.026393 0.030556
5 0.676686 0.299074 0.028837 0.037037
5 0.706012 0.200000 0.021994 0.042593
5 0.817449 0.531019 0.031769 0.091667
5 0.783724 0.575000 0.031769 0.070370
5 0.771994 0.524537 0.028837 0.039815
5 0.945748 0.460185 0.039101 0.022222
5 0.949658 0.243056 0.019550 0.039815
5 0.983627 0.353704 0.026882 0.055556
5 0.980694 0.165741 0.029814 0.092593
5 0.981427 0.016667 0.031281 0.024074
5 0.971408 0.078241 0.025904 0.041667
1 0.795210 0.687500 0.098729 0.163889
1 0.821848 0.915278 0.084555 0.126852
2 0.775660 0.817130 0.034213 0.056481
2 0.746090 0.908796 0.051320 0.123148
5 0.870479 0.838889 0.037146 0.087037
5 0.831378 0.776389 0.031281 0.037963
5 0.826246 0.856944 0.029814 0.052778
5 0.023216 0.026852 0.033724 0.044444
5 0.717742 0.014815 0.021994 0.024074
5 0.860948 0.536111 0.024927 0.046296
5 0.856061 0.399074 0.021017 0.044444
5 0.876100 0.285648 0.018084 0.037963
5 0.575758 0.874074 0.029326 0.057407
5 0.365836 0.543056 0.028837 0.037963
5 0.760508 0.262037 0.024438 0.048148
5 0.488759 0.908333 0.029326 0.042593
1 0.785435 0.131481 0.114370 0.262963
1 0.819648 0.243981 0.077224 0.310185