5 0.042766 0.100463 0.085533 0.200926
5 0.121457 0.014815 0.030792 0.029630
5 0.162268 0.456944 0.028348 0.097222
5 0.233871 0.797685 0.014174 0.037963
5 0.389296 0.454630 0.077713 0.105556
0 0.412512 0.224074 0.389052 0.448148
0 0.430841 0.670370 0.291789 0.655556
0 0.361681 0.956019 0.048876 0.084259
0 0.425709 0.901389 0.038123 0.195370
5 0.433773 0.628704 0.024927 0.050000
5 0.420332 0.584259 0.024438 0.053704
5 0.635386 0.065741 0.029326 0.064815
5 0.798143 0.088889 0.045943 0.094444
5 0.727517 0.463889 0.075758 0.161111
5 0.810606 0.575463 0.017107 0.058333
5 0.865347 0.731481 0.034702 0.061111
5 0.937195 0.963889 0.029814 0.046296
5 0.913734 0.876852 0.058162 0.068519
5 0.851173 0.292593 0.057185 0.079630
5 0.906891 0.272685 0.040567 0.047222
5 0.940371 0.281944 0.027370 0.034259
5 0.721896 0.376389 0.029326 0.039815
0 0.474096 0.812963 0.291300 0.372222