5 0.279326 0.990278 0.012219 0.017593
5 0.061828 0.955556 0.022972 0.061111
5 0.062805 0.908333 0.018084 0.025926
4 0.981916 0.850000 0.012708 0.025926
5 0.014907 0.831481 0.025904 0.035185
5 0.793011 0.716667 0.010264 0.024074
5 0.043500 0.524074 0.015640 0.031481
5 0.028837 0.502778 0.015640 0.040741
5 0.964076 0.491204 0.014174 0.032407
3 0.817204 0.500000 0.035191 0.062963
5 0.217986 0.420370 0.017595 0.037037
3 0.265885 0.426852 0.023460 0.040741
3 0.403470 0.384722 0.016129 0.034259
5 0.931574 0.360648 0.020528 0.045370
3 0.651026 0.355556 0.020528 0.044444
3 0.983871 0.321296 0.013685 0.029630
3 0.741691 0.318056 0.019062 0.041667
5 0.313294 0.304167 0.011730 0.023148
3 0.967986 0.261111 0.013196 0.037037
5 0.025415 0.268519 0.020528 0.046296
4 0.891496 0.197685 0.016618 0.023148
5 0.957234 0.197685 0.018084 0.052778
5 0.043255 0.144907 0.015152 0.043519
4 0.909580 0.172685 0.023460 0.056481
5 0.789589 0.093519 0.009286 0.031481
5 0.635875 0.037037 0.026393 0.050000
4 0.812561 0.013889 0.019062 0.022222
0 0.410068 0.156019 0.239492 0.312037
0 0.407380 0.023148 0.074780 0.046296
0 0.471163 0.562500 0.205279 0.476852
0 0.650049 0.909722 0.045943 0.178704
0 0.496090 0.871296 0.306940 0.251852
5 0.578446 0.797222 0.026882 0.053704
3 0.155181 0.566204 0.019062 0.034259
4 0.280547 0.028241 0.051808 0.054630
5 0.398338 0.073148 0.021505 0.042593
4 0.576246 0.106481 0.043988 0.088889
4 0.461144 0.029630 0.071848 0.053704
4 0.783480 0.643981 0.044966 0.065741
4 0.855083 0.750000 0.023949 0.040741
5 0.805474 0.162963 0.018573 0.040741
3 0.814027 0.191667 0.012219 0.025926
4 0.804741 0.268056 0.028837 0.028704
4 0.921554 0.274074 0.039589 0.066667
5 0.871701 0.426852 0.025904 0.029630
4 0.898338 0.380093 0.037146 0.071296
4 0.936217 0.314815 0.028837 0.042593
4 0.909824 0.613889 0.041544 0.077778
4 0.921065 0.655556 0.037634 0.038889
4 0.931085 0.753241 0.043988 0.078704
4 0.866325 0.806944 0.029814 0.052778
4 0.903715 0.857407 0.050831 0.077778
4 0.915689 0.815741 0.029814 0.050000
5 0.868768 0.897222 0.017107 0.040741
4 0.980205 0.916204 0.038612 0.073148
5 0.039589 0.930556 0.018573 0.042593
3 0.465787 0.622222 0.013685 0.022222
4 0.863636 0.327315 0.041056 0.060185
3 0.934018 0.399537 0.016618 0.032407
5 0.917644 0.425000 0.023949 0.068519
4 0.988514 0.662037 0.019062 0.044444