5 0.025415 0.124074 0.026393 0.035185
3 0.055230 0.141667 0.038123 0.061111
5 0.009531 0.243519 0.019062 0.053704
5 0.117058 0.327315 0.026882 0.052778
5 0.190127 0.182407 0.023460 0.051852
5 0.271261 0.020370 0.023460 0.035185
5 0.328201 0.194444 0.037634 0.062963
5 0.292522 0.092593 0.039589 0.092593
5 0.294966 0.207407 0.033724 0.031481
5 0.272483 0.133796 0.041544 0.056481
5 0.260264 0.146296 0.019062 0.037037
5 0.255865 0.190278 0.019062 0.036111
5 0.384653 0.331019 0.027370 0.041667
5 0.027859 0.491667 0.020528 0.048148
5 0.015396 0.566667 0.030792 0.083333
5 0.058651 0.708796 0.021505 0.028704
5 0.008309 0.915741 0.014663 0.046296
4 0.013685 0.982870 0.027370 0.028704
5 0.088221 0.921759 0.029814 0.058333
4 0.143206 0.941204 0.035191 0.049074
5 0.145650 0.906019 0.035191 0.056481
5 0.087977 0.808333 0.028348 0.055556
5 0.077713 0.763426 0.022483 0.041667
5 0.122190 0.872685 0.058651 0.067593
5 0.092131 0.845833 0.026882 0.050926
5 0.267351 0.896759 0.041056 0.089815
5 0.411290 0.931019 0.034702 0.049074
5 0.405914 0.720833 0.022972 0.049074
5 0.380987 0.689352 0.029814 0.039815
5 0.446970 0.022685 0.037634 0.045370
0 0.618035 0.193519 0.284946 0.387037
5 0.559873 0.062037 0.024927 0.046296
5 0.606549 0.098148 0.029326 0.037037
5 0.794966 0.079167 0.025904 0.084259
5 0.819648 0.061111 0.021505 0.048148
3 0.790567 0.028241 0.026882 0.056481
5 0.768817 0.276389 0.036168 0.071296
5 0.745601 0.339815 0.029814 0.070370
5 0.785435 0.339815 0.018573 0.040741
5 0.752933 0.050463 0.027859 0.041667
5 0.489736 0.325463 0.035191 0.067593
0 0.637097 0.587963 0.582111 0.818519
0 0.545699 0.868519 0.392473 0.257407
5 0.695259 0.730093 0.030792 0.060185
5 0.754888 0.914352 0.027859 0.082407
5 0.769062 0.975463 0.033724 0.045370
5 0.861926 0.827315 0.033724 0.065741
5 0.661535 0.570833 0.029814 0.054630
5 0.935484 0.570833 0.037146 0.080556
5 0.965787 0.569444 0.024438 0.053704
5 0.932796 0.448148 0.023949 0.048148
5 0.982160 0.458796 0.029814 0.062037
5 0.874145 0.260185 0.044477 0.046296
5 0.913245 0.021759 0.031769 0.043519
5 0.962610 0.185648 0.045455 0.065741
5 0.968964 0.103241 0.035679 0.062037
5 0.940371 0.337963 0.025415 0.048148
5 0.929863 0.263889 0.031769 0.050000
5 0.960411 0.251389 0.024438 0.045370
5 0.974096 0.412963 0.029326 0.038889
5 0.957478 0.786111 0.030303 0.051852