5 0.808651 0.982407 0.019062 0.033333
5 0.711144 0.888426 0.019550 0.047222
5 0.771994 0.794444 0.019062 0.050000
5 0.417155 0.722685 0.019062 0.036111
5 0.663734 0.621759 0.020528 0.036111
5 0.987537 0.572685 0.017107 0.032407
5 0.973607 0.525000 0.007820 0.024074
5 0.652737 0.467130 0.038612 0.050926
5 0.945259 0.376389 0.016618 0.025000
5 0.444282 0.341667 0.019550 0.040741
5 0.578446 0.321759 0.022972 0.050926
5 0.183529 0.280093 0.014174 0.032407
5 0.943548 0.220370 0.010264 0.011111
5 0.956989 0.130093 0.014663 0.012037
5 0.849218 0.010185 0.017107 0.020370
1 0.274927 0.062963 0.159824 0.125926
1 0.250244 0.118981 0.140762 0.237963
3 0.181085 0.228704 0.093353 0.111111
5 0.254643 0.230093 0.016618 0.036111
1 0.242913 0.317593 0.120235 0.125926
5 0.240225 0.431944 0.020039 0.049074
3 0.422776 0.064815 0.093842 0.129630
5 0.490714 0.312963 0.031281 0.040741
5 0.518328 0.012500 0.025904 0.025000
5 0.527370 0.054630 0.027370 0.062963
5 0.559140 0.079167 0.024438 0.037963
5 0.393206 0.704630 0.018084 0.035185
5 0.401515 0.890741 0.028837 0.046296
5 0.195748 0.541667 0.022972 0.029630
1 0.240958 0.595370 0.139785 0.187037
1 0.256354 0.779167 0.152004 0.206481
5 0.135630 0.799074 0.016129 0.048148
5 0.182796 0.793981 0.012708 0.023148
1 0.226540 0.909722 0.179374 0.176852
3 0.267840 0.888426 0.078201 0.078704
5 0.735337 0.152778 0.028837 0.055556
5 0.718231 0.172222 0.016129 0.040741
5 0.663734 0.231019 0.024438 0.050926
5 0.644428 0.278704 0.026882 0.042593
5 0.711144 0.830556 0.015640 0.037037
1 0.792033 0.214815 0.080645 0.079630
1 0.796676 0.404630 0.113392 0.292593
5 0.725318 0.618981 0.035191 0.076852
5 0.856305 0.730093 0.012708 0.010185
5 0.860215 0.707870 0.020528 0.041667
5 0.870723 0.650926 0.018084 0.033333
5 0.916178 0.666204 0.012219 0.032407
3 0.818182 0.703241 0.030303 0.041667
5 0.887341 0.493981 0.025904 0.056481
5 0.863148 0.537963 0.011730 0.038889
3 0.810362 0.591667 0.111437 0.259259