5 0.058162 0.089352 0.021505 0.025000
5 0.239736 0.187037 0.050342 0.070370
5 0.215543 0.282407 0.026393 0.046296
5 0.177175 0.262037 0.027859 0.062963
5 0.185484 0.071296 0.027859 0.040741
5 0.114858 0.430093 0.021505 0.065741
5 0.024682 0.463889 0.024927 0.048148
5 0.165689 0.688889 0.025415 0.038889
5 0.157625 0.675926 0.021994 0.029630
5 0.048631 0.675926 0.028837 0.042593
5 0.013685 0.958796 0.027370 0.065741
5 0.027370 0.862963 0.015640 0.053704
5 0.191105 0.869444 0.036168 0.051852
5 0.176197 0.847685 0.018084 0.032407
5 0.234360 0.963426 0.048387 0.071296
5 0.205767 0.978241 0.035191 0.041667
4 0.102151 0.571296 0.075269 0.118519
4 0.149316 0.279167 0.048387 0.054630
5 0.394917 0.942130 0.053763 0.095370
5 0.346530 0.944907 0.042033 0.095370
5 0.338710 0.757407 0.065494 0.079630
5 0.351417 0.570833 0.028348 0.039815
5 0.320381 0.452315 0.033724 0.041667
5 0.378299 0.375926 0.036168 0.083333
5 0.323314 0.633796 0.040567 0.063889
5 0.324291 0.009259 0.020039 0.018519
5 0.370968 0.066667 0.021505 0.048148
5 0.497801 0.050463 0.029814 0.100926
5 0.460899 0.262037 0.060606 0.087037
1 0.555230 0.033796 0.053763 0.067593
5 0.559140 0.099074 0.035191 0.035185
5 0.647605 0.243519 0.044966 0.087037
5 0.597996 0.705556 0.028837 0.062963
1 0.544233 0.910185 0.116813 0.177778
1 0.546188 0.686111 0.098240 0.337037
5 0.654448 0.539815 0.026393 0.068519
5 0.713832 0.504167 0.027859 0.067593
5 0.733382 0.433796 0.018084 0.028704
1 0.547654 0.418981 0.128543 0.278704
1 0.566960 0.274074 0.126100 0.322222
5 0.518573 0.287037 0.033236 0.046296
5 0.527126 0.195370 0.047410 0.094444
5 0.810117 0.788889 0.047410 0.055556
5 0.784457 0.645833 0.015640 0.032407
5 0.797165 0.651389 0.019550 0.037963
5 0.883187 0.759722 0.041056 0.086111
5 0.675464 0.066667 0.046921 0.101852
5 0.734115 0.203241 0.048876 0.075000
5 0.688905 0.281019 0.027859 0.039815
5 0.869990 0.177315 0.029326 0.089815
5 0.811828 0.168519 0.025415 0.050000
5 0.829912 0.138426 0.027370 0.073148
5 0.716520 0.294444 0.016618 0.029630
5 0.807674 0.359259 0.023949 0.068519
5 0.854350 0.263426 0.027370 0.037963
5 0.855816 0.487037 0.026393 0.064815
5 0.840420 0.725000 0.016129 0.055556
5 0.745601 0.693519 0.021994 0.051852
5 0.916178 0.973148 0.029814 0.051852
5 0.892962 0.920833 0.026393 0.056481
5 0.973851 0.838889 0.022972 0.048148
5 0.948680 0.400463 0.057674 0.091667
5 0.981916 0.111111 0.035191 0.222222
5 0.934751 0.029167 0.035679 0.058333
1 0.985093 0.337963 0.028837 0.074074
1 0.986804 0.479630 0.023460 0.081481