5 0.762708 0.983796 0.009286 0.030556
5 0.716764 0.960185 0.010264 0.027778
5 0.814027 0.920833 0.011241 0.023148
5 0.023460 0.890741 0.017595 0.042593
5 0.045943 0.875463 0.008798 0.030556
0 0.574291 0.925926 0.252199 0.146296
3 0.549365 0.838426 0.015640 0.025000
3 0.588465 0.839815 0.022483 0.038889
5 0.416911 0.830556 0.020528 0.031481
3 0.945748 0.783796 0.050831 0.075000
5 0.542766 0.768981 0.030792 0.047222
5 0.510753 0.707407 0.018573 0.037037
5 0.814761 0.702778 0.013685 0.046296
5 0.987537 0.680093 0.013196 0.013889
3 0.881476 0.698611 0.035679 0.063889
5 0.043255 0.617593 0.010264 0.022222
5 0.512463 0.628704 0.020039 0.061111
5 0.521017 0.537963 0.025415 0.025926
5 0.437439 0.559259 0.043988 0.077778
5 0.950880 0.523148 0.027859 0.029630
5 0.492669 0.494444 0.033236 0.079630
5 0.907136 0.464352 0.033236 0.062037
5 0.017840 0.395833 0.009286 0.023148
5 0.374878 0.391204 0.016618 0.039815
3 0.809873 0.364352 0.022483 0.032407
2 0.503177 0.356019 0.035679 0.041667
3 0.843353 0.344907 0.041544 0.041667
5 0.500244 0.114352 0.014174 0.050926
5 0.987781 0.105093 0.023460 0.071296
2 0.905670 0.012500 0.024438 0.023148
3 0.805718 0.032407 0.049365 0.064815
0 0.678641 0.275000 0.388563 0.550000
5 0.078201 0.118056 0.040078 0.080556
5 0.099218 0.381481 0.033236 0.055556
5 0.131232 0.443056 0.021994 0.037963
5 0.315494 0.889815 0.029814 0.059259
5 0.361193 0.881019 0.050831 0.050926
5 0.327224 0.985185 0.014174 0.027778
5 0.314516 0.174074 0.020039 0.050000
5 0.426686 0.025463 0.015640 0.050926
5 0.011975 0.584259 0.015152 0.053704
3 0.788856 0.474074 0.037146 0.072222
5 0.793988 0.782870 0.016129 0.019444
5 0.930352 0.677778 0.021994 0.048148