5 0.776149 0.964815 0.028348 0.068519
5 0.696481 0.839815 0.014663 0.040741
5 0.765885 0.767593 0.030303 0.025926
5 0.047898 0.669444 0.011730 0.024074
5 0.668866 0.543519 0.025904 0.044444
5 0.353372 0.442593 0.038123 0.038889
5 0.807429 0.461574 0.038123 0.087963
5 0.815738 0.204167 0.018573 0.028704
5 0.717253 0.112963 0.011241 0.048148
5 0.586266 0.692593 0.075758 0.131481
0 0.377077 0.732407 0.371945 0.529630
0 0.412757 0.413426 0.267351 0.484259
0 0.484848 0.109722 0.300098 0.219444
5 0.599707 0.181481 0.035191 0.057407
5 0.557674 0.368519 0.035191 0.055556
5 0.559140 0.931481 0.015640 0.033333
5 0.798387 0.825000 0.021017 0.025926
5 0.945748 0.728704 0.015640 0.037037
5 0.919110 0.181944 0.036657 0.073148
5 0.941593 0.211574 0.015152 0.065741
5 0.949169 0.236574 0.020528 0.037963
5 0.797165 0.290278 0.016618 0.041667
5 0.879277 0.315278 0.025415 0.032407