5 0.336510 0.988426 0.017107 0.021296
1 0.801808 0.978704 0.053275 0.040741
5 0.837488 0.899537 0.011241 0.021296
5 0.089198 0.917130 0.029814 0.065741
5 0.132454 0.731019 0.054741 0.065741
5 0.544477 0.699074 0.011730 0.020370
5 0.388319 0.646759 0.010264 0.017593
5 0.826979 0.158796 0.007820 0.023148
5 0.520528 0.126852 0.013685 0.031481
5 0.584555 0.011111 0.007820 0.022222
3 0.235582 0.673611 0.054741 0.117593
3 0.223118 0.824074 0.064027 0.122222
1 0.285435 0.766667 0.044966 0.153704
5 0.333822 0.725926 0.011730 0.033333
1 0.276393 0.937037 0.096285 0.124074
4 0.360215 0.873148 0.020528 0.035185
3 0.379032 0.437500 0.035679 0.065741
5 0.387341 0.410185 0.012219 0.011111
5 0.347752 0.425463 0.020039 0.045370
1 0.275171 0.531481 0.051808 0.075926
3 0.307429 0.471759 0.053763 0.095370
5 0.220186 0.191667 0.022972 0.057407
3 0.258309 0.065278 0.070870 0.130556
1 0.304985 0.064815 0.073314 0.129630
3 0.306207 0.170833 0.071848 0.106481
1 0.327713 0.246296 0.119746 0.125926
1 0.277615 0.317593 0.144673 0.216667
3 0.226540 0.390278 0.070870 0.080556
3 0.260020 0.451852 0.050831 0.077778
5 0.424731 0.627778 0.026393 0.038889
5 0.494868 0.715741 0.018084 0.020370
5 0.442326 0.757407 0.010753 0.031481
5 0.073558 0.857407 0.014174 0.018519
5 0.601662 0.753241 0.021505 0.032407
5 0.591642 0.800000 0.016129 0.059259
5 0.630010 0.669444 0.022483 0.044444
5 0.591642 0.487037 0.023949 0.029630
5 0.572581 0.118056 0.025904 0.034259
5 0.725318 0.229167 0.018573 0.026852
5 0.691838 0.225000 0.016129 0.044444
5 0.941838 0.399074 0.050831 0.072222
5 0.968475 0.508796 0.035679 0.047222
5 0.913490 0.524074 0.040078 0.085185
1 0.794721 0.065741 0.143695 0.131481
1 0.828201 0.337963 0.134409 0.218519
1 0.813050 0.560185 0.128543 0.187037
1 0.826491 0.755093 0.124145 0.271296
5 0.734115 0.718056 0.024438 0.039815
5 0.755132 0.694907 0.013685 0.032407
5 0.691349 0.675000 0.021994 0.062963