5 0.028348 0.778241 0.012708 0.028704
5 0.351417 0.767593 0.024438 0.075926
5 0.449902 0.686111 0.015152 0.035185
2 0.676931 0.662500 0.028348 0.026852
5 0.496579 0.623148 0.031281 0.042593
5 0.664712 0.564352 0.013685 0.041667
5 0.385630 0.554630 0.022483 0.070370
1 0.752199 0.583796 0.137830 0.110185
4 0.084311 0.402315 0.010264 0.030556
5 0.816960 0.368981 0.021017 0.023148
5 0.764418 0.255093 0.011730 0.026852
5 0.586022 0.156944 0.026393 0.032407
2 0.069892 0.055093 0.044966 0.071296
5 0.115347 0.835648 0.023460 0.032407
5 0.121457 0.386574 0.023949 0.032407
4 0.152737 0.287037 0.038612 0.075926
4 0.151271 0.236574 0.016129 0.037963
4 0.065005 0.248148 0.028348 0.059259
4 0.156158 0.354630 0.031769 0.055556
5 0.116080 0.165278 0.017107 0.039815
1 0.237537 0.087963 0.098729 0.122222
5 0.196725 0.037500 0.044477 0.043519
5 0.228250 0.147222 0.023460 0.031481
5 0.229717 0.271296 0.014663 0.025926
1 0.197947 0.191667 0.157380 0.131481
2 0.288612 0.176852 0.040567 0.074074
2 0.232893 0.418981 0.118768 0.136111
2 0.238759 0.754167 0.056207 0.069444
1 0.215543 0.860648 0.072336 0.150926
2 0.245112 0.953704 0.010264 0.077778
2 0.279814 0.935648 0.040567 0.117593
5 0.223118 0.623148 0.034702 0.055556
5 0.262219 0.651852 0.014174 0.022222
5 0.182796 0.435185 0.016618 0.044444
1 0.220919 0.520370 0.130010 0.153704
5 0.669355 0.705556 0.017107 0.025926
4 0.662268 0.740278 0.067449 0.093519
5 0.525660 0.913426 0.030792 0.050926
5 0.507087 0.724537 0.028837 0.043519
4 0.477273 0.475000 0.040567 0.085185
5 0.544477 0.129167 0.030303 0.034259
2 0.741202 0.493056 0.027859 0.125000
1 0.753666 0.840278 0.102639 0.178704
4 0.374389 0.389815 0.032258 0.059259
5 0.953568 0.444907 0.022483 0.056481
5 0.979472 0.490278 0.011730 0.028704
4 0.963587 0.674537 0.056207 0.069444
4 0.713832 0.370833 0.034702 0.110185