5 0.845552 0.983796 0.011730 0.030556
5 0.835777 0.933333 0.013685 0.031481
5 0.550831 0.875926 0.015640 0.024074
2 0.222630 0.850926 0.014174 0.025926
5 0.202346 0.770833 0.011730 0.026852
5 0.459677 0.740278 0.016129 0.025000
2 0.055718 0.706019 0.017595 0.034259
5 0.433040 0.699074 0.021505 0.061111
5 0.187195 0.648148 0.011730 0.012963
5 0.956012 0.656481 0.021505 0.029630
2 0.122434 0.647222 0.008309 0.029630
2 0.071603 0.616204 0.036657 0.049074
5 0.116080 0.566204 0.013196 0.047222
5 0.931574 0.568519 0.017595 0.038889
5 0.792033 0.556944 0.015152 0.026852
5 0.905670 0.568519 0.034213 0.075926
5 0.125367 0.505556 0.010264 0.020370
5 0.574780 0.488889 0.019550 0.037037
5 0.336266 0.433796 0.015640 0.041667
5 0.765885 0.416204 0.014663 0.026852
5 0.490469 0.395370 0.013196 0.031481
5 0.294477 0.364352 0.012219 0.037963
5 0.316227 0.344444 0.013685 0.038889
5 0.372434 0.332407 0.017595 0.033333
5 0.976051 0.335185 0.029326 0.048148
5 0.074047 0.316667 0.017107 0.029630
5 0.330156 0.286574 0.026882 0.065741
5 0.044966 0.313889 0.010753 0.044444
5 0.957967 0.271759 0.034213 0.043519
5 0.723607 0.257870 0.026882 0.049074
5 0.551564 0.233333 0.015152 0.022222
5 0.073558 0.201389 0.011241 0.036111
5 0.819404 0.136111 0.010264 0.031481
2 0.458944 0.122222 0.034213 0.061111
5 0.793255 0.098148 0.020528 0.027778
5 0.038612 0.095833 0.019550 0.039815
5 0.463099 0.068056 0.021017 0.041667
5 0.077468 0.663426 0.020039 0.032407
5 0.066227 0.224537 0.026882 0.030556
5 0.092131 0.144907 0.016129 0.023148
5 0.207478 0.169444 0.030792 0.057407
5 0.465787 0.616667 0.015640 0.029630
5 0.517107 0.692593 0.016618 0.027778
0 0.550587 0.918519 0.098240 0.161111
0 0.563294 0.619907 0.219453 0.230556
0 0.623167 0.354630 0.181818 0.205556