4 0.031769 0.281019 0.063539 0.213889
5 0.093353 0.368981 0.031281 0.039815
5 0.153226 0.207407 0.047410 0.046296
5 0.194770 0.262500 0.021994 0.049074
5 0.223363 0.343056 0.036168 0.100926
5 0.052542 0.096296 0.025904 0.035185
5 0.186706 0.057407 0.026393 0.038889
5 0.267351 0.115741 0.036168 0.101852
5 0.219941 0.556019 0.044966 0.060185
5 0.260264 0.464352 0.042522 0.086111
5 0.098485 0.805556 0.052297 0.101852
5 0.126588 0.885648 0.077224 0.102778
5 0.169355 0.818056 0.036657 0.073148
5 0.215543 0.794444 0.039101 0.112963
5 0.356549 0.805556 0.068915 0.133333
5 0.333089 0.903704 0.038612 0.107407
5 0.432063 0.951389 0.051808 0.093519
5 0.390029 0.965278 0.025415 0.047222
5 0.484360 0.979167 0.059629 0.037963
1 0.522239 0.815741 0.202835 0.361111
5 0.413245 0.662037 0.018084 0.124074
5 0.367546 0.579167 0.055718 0.130556
5 0.466276 0.639352 0.070381 0.121296
1 0.540811 0.639352 0.102151 0.260185
5 0.432307 0.525926 0.019062 0.053704
5 0.448192 0.525926 0.020528 0.053704
5 0.327713 0.357870 0.066960 0.121296
1 0.542766 0.386574 0.066960 0.271296
5 0.480694 0.426389 0.044477 0.065741
1 0.545699 0.082407 0.116813 0.164815
5 0.487048 0.212500 0.031769 0.069444
5 0.352151 0.061574 0.054252 0.076852
5 0.343842 0.163889 0.044477 0.062963
5 0.399560 0.015741 0.038612 0.031481
5 0.400538 0.071759 0.021994 0.063889
5 0.441349 0.133333 0.047898 0.124074
5 0.445748 0.072222 0.030303 0.064815
5 0.650782 0.054167 0.044477 0.108333
5 0.617791 0.177778 0.025415 0.055556
5 0.695015 0.190278 0.040078 0.143519
5 0.715543 0.320370 0.081134 0.155556
5 0.769550 0.193519 0.029814 0.046296
5 0.807674 0.173611 0.052297 0.073148
1 0.975073 0.300000 0.046921 0.118519
5 0.891740 0.335185 0.031769 0.053704
5 0.796188 0.487037 0.038123 0.064815
5 0.813050 0.408333 0.031769 0.038889
5 0.833089 0.364815 0.050342 0.038889
5 0.751222 0.593981 0.056696 0.104630
5 0.697214 0.574074 0.050342 0.092593
5 0.714565 0.649074 0.034213 0.088889
5 0.847019 0.586111 0.034213 0.114815
5 0.920577 0.537500 0.057185 0.141667
5 0.658847 0.902778 0.054741 0.144444
5 0.413734 0.806019 0.029814 0.060185
5 0.942326 0.073148 0.033236 0.044444
5 0.766373 0.047222 0.024438 0.064815
5 0.722385 0.090741 0.025415 0.053704
5 0.938172 0.767130 0.033724 0.065741
5 0.918133 0.833796 0.039589 0.110185
5 0.971896 0.865741 0.054252 0.116667
5 0.936706 0.939815 0.113881 0.118519
5 0.708456 0.938889 0.044477 0.118519
5 0.789589 0.966667 0.027859 0.064815
5 0.646139 0.762500 0.042033 0.060185
5 0.625367 0.854630 0.057185 0.077778
5 0.645406 0.800926 0.029814 0.042593
5 0.679130 0.745370 0.027859 0.090741
5 0.693060 0.840741 0.048876 0.055556
5 0.754643 0.926852 0.033236 0.050000
5 0.836022 0.979630 0.040567 0.038889
5 0.800587 0.556481 0.035191 0.075926
5 0.814516 0.875000 0.028837 0.046296
5 0.843597 0.806019 0.016618 0.049074
5 0.870723 0.825463 0.018084 0.052778
5 0.647605 0.537963 0.031281 0.050000
5 0.689883 0.795833 0.031769 0.034259
5 0.419355 0.846759 0.061584 0.136111
1 0.982893 0.692130 0.033236 0.087963
1 0.994135 0.522685 0.010753 0.145370
1 0.504643 0.014352 0.074780 0.028704
5 0.510997 0.046296 0.026882 0.066667