5 0.052542 0.119444 0.015152 0.042593
5 0.156891 0.045370 0.011730 0.064815
5 0.212610 0.064815 0.023460 0.033333
5 0.307429 0.291667 0.036168 0.053704
5 0.252444 0.340278 0.033724 0.067593
5 0.337732 0.370833 0.020528 0.034259
3 0.411535 0.446759 0.020528 0.030556
5 0.088465 0.275926 0.034213 0.050000
5 0.485093 0.391204 0.023949 0.050926
3 0.270283 0.400463 0.015640 0.021296
5 0.077224 0.611574 0.046921 0.080556
5 0.052053 0.680093 0.035679 0.041667
5 0.031769 0.574537 0.039101 0.047222
2 0.232405 0.542130 0.036657 0.102778
2 0.304008 0.581019 0.027370 0.045370
2 0.340909 0.650463 0.036657 0.087963
2 0.154692 0.775463 0.025904 0.082407
5 0.125855 0.865741 0.022972 0.035185
5 0.431818 0.838426 0.019062 0.036111
0 0.548387 0.131019 0.114370 0.262037
0 0.564516 0.466204 0.138807 0.436111
0 0.573069 0.748611 0.190127 0.497222
0 0.611926 0.925463 0.174976 0.145370
5 0.795210 0.845370 0.026393 0.050000
5 0.802542 0.928241 0.040078 0.052778
5 0.927908 0.939815 0.022972 0.061111
5 0.816227 0.709722 0.030303 0.052778
5 0.925709 0.429630 0.016618 0.033333
4 0.908358 0.463426 0.019062 0.047222
5 0.836510 0.535648 0.017107 0.041667
5 0.903959 0.582407 0.019062 0.033333
4 0.829179 0.629167 0.027859 0.062037
4 0.713587 0.632407 0.029326 0.062963
5 0.936950 0.379630 0.022483 0.042593
5 0.932551 0.056019 0.020528 0.047222