1 0.785435 0.144907 0.125122 0.150926
1 0.773216 0.857407 0.171065 0.279630
5 0.946237 0.242593 0.088954 0.216667
5 0.951369 0.072685 0.090420 0.145370
5 0.920821 0.464815 0.034213 0.109259
5 0.976540 0.454167 0.040078 0.113889
5 0.884409 0.299537 0.039589 0.078704
5 0.835533 0.040278 0.039589 0.065741
5 0.901026 0.137037 0.028837 0.018519
5 0.916178 0.803704 0.024927 0.057407
5 0.933040 0.934722 0.030303 0.050926
5 0.701369 0.845833 0.051808 0.154630
5 0.669599 0.705093 0.074291 0.113889
5 0.647849 0.668519 0.017107 0.046296
5 0.588221 0.575463 0.058162 0.145370
5 0.644917 0.412037 0.048387 0.127778
5 0.539101 0.409259 0.053763 0.116667
5 0.500733 0.233796 0.058162 0.106481
5 0.561828 0.273611 0.033724 0.065741
5 0.581623 0.379167 0.015640 0.026852
5 0.724096 0.261574 0.058162 0.102778
5 0.727273 0.044444 0.030303 0.048148
5 0.610215 0.042130 0.022972 0.065741
5 0.631965 0.093056 0.030303 0.039815
5 0.602639 0.137037 0.017595 0.051852
5 0.570626 0.033333 0.066960 0.066667
5 0.540811 0.075463 0.033724 0.030556
5 0.532991 0.532870 0.054252 0.075000
5 0.518328 0.603704 0.039589 0.057407
5 0.526393 0.675463 0.050831 0.076852
5 0.605572 0.675926 0.030303 0.035185
5 0.478250 0.703704 0.026882 0.116667
5 0.438172 0.815741 0.056207 0.098148
5 0.429374 0.738426 0.031769 0.063889
5 0.402981 0.597685 0.070870 0.099074
5 0.352395 0.616667 0.035191 0.066667
5 0.369013 0.476852 0.031281 0.055556
5 0.367546 0.393981 0.025415 0.075000
5 0.399316 0.417593 0.026393 0.037037
5 0.383675 0.248611 0.043988 0.076852
5 0.343109 0.242593 0.032258 0.087037
5 0.456012 0.082870 0.038123 0.086111
5 0.392717 0.126389 0.022972 0.075000
5 0.392229 0.043981 0.087488 0.086111
5 0.565494 0.838889 0.029326 0.057407
5 0.493646 0.940278 0.049853 0.087963
5 0.376833 0.958796 0.050831 0.076852
5 0.198680 0.792593 0.016129 0.053704
5 0.177419 0.832870 0.029326 0.075000
5 0.142473 0.905556 0.033724 0.059259
5 0.123167 0.877778 0.018573 0.046296
5 0.091153 0.800463 0.027859 0.050926
5 0.024682 0.637500 0.025904 0.054630
5 0.133920 0.615278 0.034213 0.086111
5 0.131476 0.545833 0.048876 0.065741
5 0.076979 0.471296 0.021017 0.057407
5 0.027859 0.468519 0.031281 0.125926
5 0.188661 0.585648 0.023460 0.039815
5 0.279570 0.564352 0.066471 0.065741
5 0.106061 0.456481 0.032258 0.048148
5 0.208211 0.375926 0.040078 0.077778
5 0.192571 0.311111 0.040078 0.061111
5 0.132698 0.201852 0.037634 0.068519
5 0.095064 0.062963 0.045455 0.103704
5 0.022239 0.215278 0.041544 0.089815
5 0.288856 0.127315 0.047898 0.076852
5 0.240225 0.131481 0.061095 0.148148
5 0.252933 0.026852 0.065982 0.053704
5 0.321848 0.022222 0.032747 0.044444
5 0.301808 0.287963 0.061095 0.081481
5 0.293988 0.757407 0.027859 0.048148
5 0.103128 0.151389 0.027370 0.045370
5 0.097752 0.664352 0.025415 0.050926
5 0.019306 0.724537 0.026882 0.058333
5 0.437683 0.891667 0.017107 0.070370
5 0.989980 0.880093 0.011241 0.076852
5 0.817449 0.383333 0.031769 0.022222
5 0.738025 0.394444 0.037146 0.051852
5 0.886608 0.097685 0.020528 0.039815
5 0.487048 0.541667 0.044477 0.025926
5 0.852884 0.879630 0.023460 0.040741
1 0.257576 0.322222 0.071359 0.211111
1 0.271017 0.457870 0.157869 0.141667
5 0.253666 0.240741 0.032258 0.070370
1 0.262219 0.867593 0.191105 0.262963
1 0.214076 0.673611 0.150538 0.145370
1 0.793988 0.331019 0.098240 0.239815
1 0.788612 0.510185 0.164712 0.203704
1 0.781281 0.680093 0.101173 0.212037
1 0.804008 0.594444 0.181818 0.140741