5 0.005865 0.952778 0.011730 0.031481
5 0.911535 0.921759 0.011730 0.030556
5 0.878788 0.824537 0.012708 0.028704
5 0.934018 0.787037 0.011730 0.022222
5 0.878788 0.766204 0.007820 0.015741
5 0.545455 0.701389 0.014663 0.030556
5 0.670821 0.696759 0.030792 0.030556
5 0.125122 0.665741 0.018573 0.035185
5 0.060117 0.597685 0.015640 0.015741
5 0.091642 0.581481 0.019062 0.044444
5 0.784213 0.595370 0.017107 0.025926
5 0.526637 0.588889 0.011241 0.014815
5 0.019306 0.549537 0.033724 0.034259
2 0.608016 0.562037 0.029326 0.070370
5 0.677908 0.412963 0.010753 0.024074
5 0.599951 0.382407 0.016129 0.051852
5 0.143451 0.350926 0.029814 0.050000
5 0.252444 0.366667 0.016129 0.029630
1 0.434018 0.386111 0.150538 0.129630
5 0.288368 0.315741 0.022483 0.042593
5 0.881476 0.322685 0.009286 0.013889
5 0.512219 0.325926 0.013685 0.040741
5 0.800098 0.324074 0.025415 0.042593
5 0.848485 0.250926 0.030303 0.042593
5 0.342620 0.218519 0.025415 0.075926
5 0.918622 0.170370 0.012219 0.016667
5 0.629765 0.161574 0.013196 0.017593
5 0.784946 0.146296 0.027370 0.024074
5 0.192082 0.672222 0.058651 0.092593
5 0.241935 0.325000 0.018573 0.031481
5 0.275171 0.222685 0.020528 0.043519
5 0.210899 0.268056 0.020039 0.026852
5 0.275415 0.295370 0.019062 0.046296
2 0.254399 0.293981 0.044477 0.019444
5 0.413001 0.253704 0.017595 0.072222
5 0.444282 0.249074 0.019550 0.046296
1 0.436461 0.816204 0.109482 0.358333
1 0.434751 0.661111 0.152004 0.205556
1 0.437195 0.565741 0.047410 0.175926
5 0.735337 0.855093 0.021017 0.075000
5 0.744868 0.790741 0.023460 0.027778
5 0.962610 0.345370 0.022972 0.042593
5 0.960655 0.393519 0.007331 0.042593
2 0.919110 0.640278 0.026882 0.067593
2 0.888807 0.700463 0.023949 0.050926
5 0.900293 0.750000 0.011730 0.040741