5 0.900293 0.993519 0.013685 0.011111
5 0.450635 0.978704 0.013685 0.035185
5 0.931329 0.971759 0.010264 0.021296
5 0.942815 0.947685 0.013685 0.043519
5 0.690860 0.914352 0.008309 0.019444
5 0.940860 0.898611 0.011730 0.045370
5 0.912268 0.917593 0.018084 0.050000
5 0.939394 0.831481 0.014663 0.053704
5 0.776882 0.808333 0.026882 0.048148
5 0.887830 0.781944 0.018084 0.041667
5 0.946237 0.715741 0.014663 0.033333
5 0.974585 0.697222 0.022483 0.029630
5 0.665445 0.680093 0.013196 0.017593
5 0.793500 0.668056 0.019062 0.032407
5 0.336999 0.666204 0.017107 0.037963
5 0.987781 0.665278 0.023460 0.049074
5 0.062072 0.620370 0.019550 0.027778
5 0.190616 0.578241 0.012708 0.030556
5 0.267351 0.549074 0.018573 0.042593
5 0.119990 0.503241 0.035679 0.036111
5 0.525171 0.472222 0.014174 0.029630
0 0.544477 0.636574 0.304008 0.343519
5 0.187439 0.444907 0.019062 0.028704
5 0.699658 0.436574 0.018084 0.050926
3 0.456500 0.378241 0.028348 0.030556
5 0.938905 0.365741 0.032258 0.025926
5 0.257576 0.336574 0.011730 0.028704
5 0.851417 0.292593 0.027370 0.031481
5 0.813783 0.232870 0.017595 0.030556
5 0.928886 0.227315 0.021017 0.056481
5 0.804741 0.188889 0.043500 0.037037
5 0.795699 0.099537 0.026393 0.036111
5 0.438661 0.060648 0.019062 0.036111
5 0.081378 0.050463 0.009286 0.019444
5 0.090420 0.789815 0.029326 0.038889
5 0.052542 0.790278 0.013196 0.039815
5 0.146628 0.525926 0.027370 0.018519
5 0.135630 0.091204 0.022972 0.030556
5 0.132209 0.039815 0.013196 0.025926
5 0.122923 0.024537 0.015152 0.036111
0 0.581867 0.802778 0.208700 0.388889
5 0.590420 0.402315 0.021505 0.034259
5 0.552297 0.268981 0.014663 0.023148
0 0.625611 0.255556 0.192571 0.329630
0 0.591153 0.053704 0.207722 0.107407
5 0.750244 0.663889 0.025415 0.042593
5 0.741447 0.643981 0.017595 0.019444
5 0.744868 0.640278 0.016618 0.015741
5 0.819648 0.626852 0.030303 0.059259
5 0.821603 0.774074 0.015640 0.037037
5 0.844330 0.782407 0.016129 0.033333
5 0.926931 0.498611 0.010264 0.034259
5 0.981183 0.531481 0.017107 0.027778