5 0.323803 0.960185 0.020039 0.031481
5 0.710899 0.965741 0.028837 0.066667
5 0.388319 0.965741 0.046432 0.066667
5 0.682796 0.940278 0.017595 0.028704
5 0.192326 0.901389 0.020039 0.028704
5 0.133675 0.909259 0.021994 0.035185
5 0.723118 0.831019 0.015152 0.030556
5 0.950635 0.825000 0.007820 0.022222
5 0.890518 0.805093 0.016618 0.054630
5 0.669110 0.807407 0.019550 0.040741
5 0.989247 0.794444 0.020528 0.044444
4 0.455767 0.758333 0.021994 0.027778
5 0.434262 0.737500 0.015152 0.013889
5 0.375611 0.725926 0.012219 0.027778
5 0.973118 0.728704 0.021505 0.035185
5 0.588710 0.692130 0.016129 0.030556
5 0.646628 0.716667 0.053763 0.096296
5 0.236804 0.670833 0.025904 0.041667
5 0.269062 0.672685 0.036657 0.039815
5 0.991447 0.635185 0.005376 0.016667
5 0.497801 0.623148 0.005376 0.016667
5 0.865347 0.582407 0.011241 0.022222
5 0.837732 0.574074 0.007820 0.025926
5 0.750000 0.518981 0.011241 0.010185
5 0.323069 0.496296 0.017595 0.033333
5 0.283724 0.508333 0.035679 0.074074
5 0.162023 0.427315 0.018084 0.034259
5 0.012463 0.402778 0.024927 0.051852
5 0.105327 0.363426 0.027859 0.058333
5 0.942326 0.315741 0.011730 0.027778
5 0.229228 0.336574 0.058651 0.078704
1 0.534946 0.374537 0.150049 0.158333
5 0.990714 0.304630 0.009775 0.018519
5 0.698436 0.275000 0.019550 0.040741
5 0.274438 0.193981 0.018084 0.026852
5 0.968964 0.189352 0.028837 0.017593
5 0.622923 0.180556 0.013196 0.016667
5 0.928152 0.151852 0.013685 0.044444
5 0.257820 0.110185 0.034702 0.053704
5 0.282258 0.060185 0.024927 0.050000
5 0.379765 0.005556 0.010753 0.011111
5 0.017595 0.106481 0.025415 0.051852
5 0.009042 0.053241 0.017107 0.021296
5 0.056696 0.192130 0.007820 0.028704
5 0.109238 0.212037 0.029814 0.035185
5 0.082600 0.292593 0.047898 0.059259
5 0.083822 0.261111 0.043500 0.029630
5 0.043011 0.258333 0.021505 0.053704
5 0.122923 0.089352 0.036657 0.045370
5 0.141984 0.021759 0.023949 0.043519
1 0.059384 0.101852 0.091398 0.203704
5 0.088221 0.577315 0.019062 0.030556
5 0.112414 0.485648 0.086022 0.147222
4 0.144917 0.705093 0.007331 0.021296
5 0.144673 0.618056 0.021505 0.049074
5 0.126588 0.631944 0.018573 0.050926
5 0.144428 0.644444 0.040567 0.070370
5 0.021017 0.467593 0.041056 0.092593
1 0.032502 0.736574 0.064027 0.132407
5 0.006109 0.863889 0.012219 0.042593
5 0.053763 0.829630 0.015640 0.025926
1 0.024438 0.938889 0.048876 0.120370
5 0.007576 0.553241 0.015152 0.041667
5 0.024194 0.586574 0.048387 0.060185
5 0.061095 0.667130 0.100684 0.154630
5 0.248045 0.924537 0.020039 0.032407
5 0.447214 0.742130 0.022483 0.037963
5 0.391740 0.509722 0.054252 0.067593
5 0.357283 0.508796 0.035191 0.030556
5 0.247801 0.460185 0.041056 0.092593
5 0.291544 0.395370 0.025904 0.018519
5 0.411046 0.362963 0.028348 0.055556
4 0.395894 0.142593 0.030303 0.046296
5 0.438905 0.236111 0.075269 0.144444
4 0.363636 0.295370 0.021505 0.031481
5 0.380743 0.300000 0.057674 0.079630
5 0.390762 0.272685 0.016129 0.028704
1 0.550587 0.069907 0.109971 0.139815
5 0.552786 0.460185 0.016618 0.046296
1 0.532258 0.656481 0.080156 0.105556
1 0.519306 0.828241 0.140274 0.173148
1 0.522972 0.902778 0.130987 0.192593
5 0.880987 0.987037 0.016129 0.024074
5 0.900782 0.715278 0.013685 0.041667
5 0.812561 0.676852 0.034702 0.074074
5 0.846530 0.426852 0.036168 0.074074
5 0.867546 0.107870 0.020528 0.025000
5 0.739492 0.738426 0.036168 0.089815
4 0.635142 0.470833 0.022972 0.045370
5 0.918866 0.125463 0.018573 0.025000
5 0.981427 0.381944 0.016618 0.032407
5 0.974829 0.352778 0.036657 0.050000
4 0.964321 0.312500 0.007820 0.034259