5 0.109238 0.016667 0.053275 0.033333
5 0.232160 0.109259 0.035191 0.037037
1 0.293988 0.142130 0.198925 0.197222
5 0.281769 0.307407 0.045455 0.090741
5 0.306452 0.381944 0.040078 0.049074
1 0.293500 0.548148 0.170577 0.259259
5 0.153715 0.450926 0.039589 0.100000
5 0.174242 0.580093 0.033724 0.047222
1 0.284946 0.685185 0.137830 0.153704
1 0.241447 0.907407 0.134897 0.183333
5 0.240225 0.770833 0.022972 0.102778
5 0.446725 0.836574 0.039101 0.034259
5 0.408113 0.875463 0.024438 0.041667
5 0.492424 0.972222 0.016129 0.051852
5 0.608749 0.881019 0.049365 0.123148
5 0.521750 0.791204 0.022972 0.039815
5 0.519062 0.668981 0.039101 0.047222
5 0.613392 0.620370 0.042033 0.068519
5 0.696481 0.701389 0.023460 0.036111
1 0.793255 0.790278 0.104594 0.149074
5 0.758798 0.733333 0.020039 0.077778
5 0.839932 0.681481 0.034702 0.090741
5 0.462121 0.465278 0.036657 0.062037
5 0.526637 0.406944 0.035679 0.041667
5 0.537390 0.258796 0.041544 0.076852
5 0.552297 0.185648 0.053763 0.087963
5 0.643939 0.030093 0.041544 0.060185
5 0.665934 0.101852 0.024927 0.059259
5 0.683773 0.241667 0.074291 0.114815
5 0.611926 0.365278 0.142717 0.236111
1 0.811584 0.070370 0.106061 0.140741
5 0.861926 0.031019 0.025904 0.060185
5 0.759531 0.091667 0.031281 0.057407
1 0.804252 0.187037 0.074780 0.201852
5 0.846530 0.218056 0.032258 0.062037
1 0.803519 0.322222 0.179863 0.175926
5 0.716031 0.432407 0.021505 0.061111
1 0.781281 0.552315 0.093353 0.171296
5 0.745846 0.504167 0.027370 0.108333
5 0.836999 0.541667 0.061095 0.118519
5 0.955034 0.388426 0.055718 0.030556
5 0.916178 0.467130 0.057185 0.071296