5 0.160802 0.227315 0.034213 0.086111
1 0.239003 0.313889 0.190616 0.353704
1 0.222141 0.482870 0.101173 0.171296
1 0.274682 0.708796 0.214076 0.349074
5 0.457234 0.456481 0.036657 0.085185
1 0.257820 0.096759 0.129521 0.191667
1 0.249022 0.935185 0.123656 0.120370
5 0.621945 0.829167 0.067937 0.100926
1 0.795699 0.826852 0.103617 0.187037
1 0.799853 0.566204 0.202835 0.193519
1 0.807918 0.393056 0.148583 0.217593
5 0.901760 0.342130 0.031281 0.119444
5 0.583578 0.197222 0.076246 0.125926
1 0.800342 0.038426 0.114858 0.075000
5 0.063050 0.770370 0.026393 0.064815