5 0.793988 0.912963 0.009286 0.018519
5 0.970919 0.783333 0.024927 0.042593
5 0.542766 0.743981 0.015152 0.030556
5 0.226784 0.475463 0.043011 0.052778
5 0.989003 0.502315 0.021017 0.043519
5 0.813783 0.398148 0.022483 0.031481
5 0.974340 0.370370 0.009286 0.020370
4 0.803763 0.354167 0.009286 0.028704
5 0.969208 0.160648 0.009775 0.023148
5 0.957234 0.088426 0.018084 0.023148
5 0.612170 0.026852 0.009286 0.029630
5 0.370723 0.074537 0.021017 0.013889
0 0.452835 0.950000 0.054252 0.098148
2 0.498045 0.663426 0.053763 0.075000
5 0.297410 0.610648 0.012219 0.025000
0 0.531769 0.605556 0.384164 0.318519
0 0.540078 0.112500 0.097752 0.223148
0 0.491202 0.250926 0.157380 0.501852
2 0.503910 0.890278 0.047898 0.067593
0 0.518573 0.874537 0.117302 0.247222
2 0.576246 0.847222 0.045943 0.085185
5 0.923509 0.281481 0.015152 0.031481
5 0.921799 0.306481 0.019550 0.029630