5 0.029570 0.982870 0.005376 0.019444
5 0.096041 0.967130 0.014174 0.021296
5 0.010508 0.966667 0.021017 0.055556
5 0.444770 0.940741 0.016618 0.029630
5 0.024438 0.925463 0.017595 0.045370
5 0.660068 0.904167 0.010264 0.023148
5 0.436950 0.902778 0.012708 0.033333
5 0.606794 0.879167 0.009286 0.019444
5 0.516373 0.872222 0.033724 0.027778
5 0.744379 0.864815 0.033236 0.035185
5 0.270772 0.858333 0.020528 0.038889
5 0.458211 0.851852 0.042522 0.046296
5 0.160557 0.843981 0.021994 0.030556
5 0.490469 0.825463 0.020039 0.034259
5 0.350684 0.823148 0.029814 0.029630
5 0.533724 0.802315 0.027370 0.030556
5 0.220430 0.788889 0.017595 0.037037
5 0.952835 0.787037 0.022972 0.048148
5 0.133431 0.784259 0.023460 0.048148
5 0.591887 0.743981 0.017595 0.034259
5 0.115836 0.740278 0.010753 0.049074
5 0.925709 0.731019 0.012708 0.034259
5 0.403715 0.688889 0.020528 0.025926
5 0.566227 0.686111 0.016129 0.046296
5 0.386364 0.656481 0.018084 0.033333
5 0.111926 0.649537 0.009775 0.028704
5 0.372678 0.628704 0.022972 0.059259
5 0.572092 0.625926 0.023949 0.061111
2 0.610704 0.590741 0.025904 0.037037
5 0.449902 0.585648 0.042522 0.032407
2 0.052542 0.574074 0.014174 0.044444
5 0.756598 0.549074 0.009775 0.031481
5 0.631232 0.550926 0.025904 0.053704
5 0.365347 0.536111 0.015152 0.016667
5 0.455034 0.541204 0.020528 0.039815
5 0.424731 0.538889 0.037146 0.044444
5 0.601173 0.534259 0.012708 0.050000
5 0.185484 0.532407 0.016129 0.051852
5 0.631232 0.528704 0.016129 0.046296
5 0.362170 0.506481 0.030303 0.044444
5 0.654692 0.492593 0.022972 0.048148
5 0.409335 0.460648 0.021994 0.015741
5 0.231183 0.399537 0.017595 0.028704
5 0.200147 0.365278 0.026882 0.043519
5 0.663734 0.363426 0.020528 0.041667
5 0.006109 0.350926 0.010264 0.037037
5 0.549609 0.337037 0.023949 0.031481
5 0.255865 0.337963 0.023949 0.033333
5 0.226295 0.301389 0.015640 0.039815
5 0.294477 0.299537 0.017107 0.060185
5 0.151760 0.304167 0.053275 0.075000
5 0.572825 0.273611 0.007820 0.026852
5 0.472874 0.279630 0.033724 0.038889
5 0.723363 0.287037 0.039101 0.059259
5 0.889541 0.314352 0.057674 0.139815
5 0.450880 0.211111 0.021994 0.014815
5 0.051320 0.209259 0.015640 0.040741
5 0.522483 0.177315 0.016618 0.034259
5 0.499756 0.212500 0.067937 0.095370
5 0.545943 0.153241 0.027370 0.036111
5 0.712610 0.116667 0.020528 0.038889
5 0.439638 0.106481 0.017107 0.037037
5 0.739003 0.050000 0.008798 0.031481
5 0.216764 0.045370 0.029814 0.040741
5 0.506354 0.051389 0.028348 0.058333
5 0.362414 0.054630 0.042522 0.070370
1 0.794233 0.022222 0.068426 0.044444
1 0.264418 0.112037 0.116325 0.224074
5 0.157869 0.232870 0.029326 0.043519
5 0.388807 0.453241 0.014174 0.021296
5 0.185484 0.939815 0.042522 0.096296
1 0.242913 0.926852 0.138807 0.144444
5 0.401515 0.771759 0.018084 0.037963
5 0.380987 0.764352 0.021994 0.056481
5 0.252688 0.674537 0.040078 0.063889
5 0.279570 0.758333 0.013685 0.046296
5 0.258798 0.763426 0.052297 0.121296
1 0.259042 0.571296 0.147605 0.305556
5 0.331867 0.512500 0.036168 0.091667
5 0.390029 0.101389 0.015640 0.032407
5 0.405181 0.980093 0.039101 0.037963
5 0.571603 0.894907 0.017107 0.023148
5 0.570626 0.946296 0.026882 0.066667
5 0.633431 0.904167 0.029326 0.076852
5 0.615103 0.958333 0.055230 0.070370
5 0.660068 0.934259 0.020039 0.040741
5 0.440371 0.712963 0.018573 0.055556
5 0.432796 0.730093 0.015152 0.032407
5 0.378055 0.899074 0.043500 0.057407
5 0.389785 0.937500 0.008309 0.026852
5 0.397849 0.845833 0.026393 0.062037
5 0.408847 0.872222 0.015152 0.050000
5 0.370479 0.940278 0.014663 0.021296
5 0.491935 0.450926 0.016129 0.042593
5 0.520039 0.445370 0.043988 0.094444
5 0.405670 0.351852 0.017595 0.035185
5 0.396139 0.315741 0.011241 0.033333
4 0.406891 0.293981 0.019062 0.025000
5 0.423754 0.332870 0.024438 0.063889
5 0.441105 0.314815 0.010264 0.022222
5 0.518573 0.578704 0.029326 0.057407
5 0.546432 0.583796 0.032258 0.049074
5 0.725073 0.770833 0.013196 0.023148
5 0.739003 0.753241 0.014663 0.047222
5 0.718475 0.554630 0.011730 0.035185
5 0.686950 0.592593 0.022972 0.044444
5 0.676931 0.598148 0.009775 0.012963
5 0.671554 0.560648 0.033236 0.054630
5 0.690616 0.337037 0.008798 0.040741
5 0.654448 0.256019 0.030303 0.045370
5 0.662757 0.229167 0.040078 0.087963
1 0.796676 0.176389 0.134897 0.187963
5 0.734848 0.334259 0.021994 0.066667
5 0.831867 0.283796 0.023460 0.050926
5 0.852151 0.267130 0.033724 0.060185
1 0.799365 0.670833 0.078690 0.275000
5 0.815005 0.637963 0.024927 0.046296
5 0.828690 0.577778 0.022972 0.035185
1 0.797654 0.508333 0.096774 0.100000
1 0.803030 0.381944 0.115347 0.197222
5 0.757331 0.898148 0.014174 0.042593
1 0.777859 0.938426 0.156891 0.121296
5 0.899316 0.936111 0.058651 0.066667
5 0.930108 0.953241 0.020528 0.047222
5 0.949902 0.962037 0.022972 0.064815
5 0.954301 0.917130 0.017107 0.025000
5 0.976784 0.987500 0.012219 0.015741
5 0.983627 0.882870 0.029814 0.093519
5 0.976051 0.517130 0.044966 0.102778
5 0.922287 0.561111 0.123167 0.218519
5 0.980450 0.342130 0.036168 0.112037
5 0.957967 0.326852 0.015640 0.038889