5 0.043011 0.076389 0.022483 0.034259
5 0.062317 0.061111 0.013196 0.024074
5 0.069404 0.070370 0.014663 0.024074
5 0.116813 0.139352 0.058651 0.060185
5 0.086999 0.216204 0.017595 0.054630
5 0.196481 0.055556 0.007820 0.031481
5 0.204057 0.112500 0.027859 0.060185
5 0.224829 0.193056 0.018573 0.037963
5 0.199413 0.288889 0.025415 0.038889
5 0.197703 0.261111 0.021017 0.035185
5 0.067937 0.235648 0.021505 0.026852
5 0.034946 0.275926 0.019062 0.037037
5 0.039345 0.246759 0.017107 0.030556
2 0.056452 0.304167 0.112903 0.063889
5 0.018084 0.355093 0.018573 0.036111
2 0.189638 0.348148 0.023460 0.062963
5 0.009042 0.558333 0.018084 0.057407
2 0.039834 0.503704 0.078690 0.290741
5 0.090909 0.574537 0.056696 0.075000
5 0.108993 0.526852 0.022483 0.083333
5 0.087488 0.458333 0.022483 0.025926
5 0.050342 0.516667 0.022483 0.044444
5 0.078690 0.678704 0.037146 0.035185
5 0.077468 0.743519 0.015152 0.038889
5 0.104106 0.728704 0.015640 0.037037
2 0.010020 0.671759 0.020039 0.228704
5 0.005132 0.722685 0.010264 0.032407
5 0.048876 0.778704 0.015640 0.031481
5 0.015396 0.860648 0.017107 0.028704
5 0.001711 0.875926 0.003421 0.035185
5 0.047898 0.913889 0.019550 0.020370
5 0.078935 0.845833 0.023949 0.049074
5 0.136119 0.888426 0.018084 0.041667
5 0.157625 0.853704 0.025904 0.040741
5 0.204301 0.800926 0.029326 0.046296
5 0.211144 0.833796 0.015640 0.025000
5 0.100440 0.912963 0.045455 0.109259
5 0.084800 0.906019 0.016129 0.026852
5 0.018084 0.937500 0.036168 0.095370
5 0.020039 0.972685 0.040078 0.050926
5 0.049120 0.137963 0.017107 0.012963
5 0.050587 0.262500 0.014174 0.021296
5 0.052053 0.245370 0.010264 0.025926
5 0.065494 0.278704 0.011730 0.022222
5 0.082845 0.248611 0.015152 0.012037
5 0.039834 0.194444 0.014174 0.025926
5 0.044966 0.163426 0.010753 0.026852
5 0.057185 0.558333 0.013685 0.035185
5 0.084311 0.547222 0.014174 0.029630
5 0.075269 0.613426 0.016618 0.028704
5 0.087243 0.622685 0.018084 0.026852
5 0.026637 0.529630 0.020039 0.022222
5 0.033236 0.551389 0.012708 0.021296
5 0.240469 0.931019 0.038123 0.050926
5 0.160557 0.930556 0.015152 0.022222
5 0.268817 0.958333 0.038123 0.077778
5 0.245601 0.682870 0.014174 0.062037
5 0.208944 0.606944 0.018084 0.023148
5 0.220430 0.591204 0.011730 0.028704
5 0.206989 0.494444 0.028837 0.042593
5 0.232160 0.446296 0.041056 0.053704
5 0.272972 0.493981 0.026882 0.039815
5 0.222141 0.418056 0.015152 0.023148
5 0.264663 0.260185 0.013196 0.022222
5 0.260997 0.181481 0.022483 0.087037
5 0.262463 0.050000 0.021505 0.057407
5 0.265885 0.098148 0.047898 0.079630
5 0.257820 0.834722 0.009286 0.021296
5 0.295943 0.705093 0.018084 0.012037
5 0.311828 0.738889 0.016618 0.022222
5 0.363392 0.016667 0.015152 0.033333
5 0.380499 0.035185 0.021994 0.037037
5 0.376833 0.119907 0.013685 0.030556
5 0.383187 0.173148 0.051808 0.112963
5 0.392229 0.230093 0.022972 0.041667
5 0.411779 0.267593 0.041544 0.053704
5 0.362903 0.233333 0.043500 0.057407
5 0.349951 0.295833 0.027370 0.062037
5 0.382942 0.358796 0.028837 0.067593
5 0.299365 0.399074 0.049365 0.118519
5 0.325758 0.364352 0.057185 0.173148
5 0.348240 0.351389 0.022972 0.036111
5 0.329668 0.586111 0.040567 0.068519
5 0.368768 0.701389 0.028837 0.030556
5 0.394673 0.703704 0.019062 0.046296
5 0.395650 0.764352 0.067937 0.073148
5 0.351173 0.750463 0.041544 0.147222
5 0.368035 0.860185 0.014663 0.057407
5 0.378055 0.848611 0.020039 0.052778
5 0.414712 0.866204 0.051320 0.076852
5 0.363392 0.983796 0.021994 0.030556
5 0.392229 0.582870 0.029814 0.108333
5 0.429619 0.548611 0.019550 0.039815
5 0.434018 0.569907 0.016618 0.025000
5 0.404692 0.470833 0.024438 0.054630
5 0.416911 0.395370 0.017595 0.044444
5 0.420577 0.392130 0.026882 0.034259
5 0.394673 0.508796 0.050342 0.078704
5 0.423265 0.519444 0.016618 0.031481
5 0.380254 0.547685 0.024438 0.039815
5 0.453079 0.057870 0.013685 0.032407
5 0.429130 0.050000 0.047898 0.100000
5 0.450880 0.092130 0.036657 0.054630
5 0.440371 0.130556 0.024438 0.072222
5 0.462121 0.165278 0.039589 0.073148
5 0.442571 0.187963 0.029814 0.057407
5 0.481916 0.274537 0.070381 0.076852
5 0.430841 0.292593 0.011241 0.016667
5 0.435239 0.372685 0.021017 0.043519
5 0.463343 0.559722 0.040078 0.067593
5 0.495846 0.571296 0.026882 0.100000
5 0.489736 0.396296 0.059629 0.140741
5 0.530059 0.589815 0.042522 0.050000
2 0.558407 0.561574 0.009286 0.058333
5 0.494379 0.666204 0.043500 0.130556
5 0.512463 0.770370 0.020039 0.031481
5 0.465543 0.882407 0.042522 0.092593
5 0.511975 0.818981 0.024927 0.054630
5 0.517595 0.868981 0.017595 0.039815
5 0.539589 0.766204 0.026393 0.115741
5 0.538612 0.908333 0.059629 0.055556
5 0.562072 0.847222 0.031281 0.088889
2 0.548387 0.911111 0.039101 0.094444
1 0.571848 0.954167 0.120235 0.087963
5 0.501466 0.986574 0.025415 0.025000
5 0.663001 0.878704 0.068915 0.174074
5 0.612414 0.807407 0.061584 0.255556
5 0.650538 0.654167 0.021505 0.041667
5 0.715298 0.938426 0.037634 0.117593
5 0.685484 0.960648 0.065982 0.075000
5 0.729472 0.685185 0.050342 0.042593
5 0.724340 0.742593 0.062561 0.096296
5 0.714321 0.734259 0.017107 0.042593
5 0.743402 0.841667 0.031281 0.124074
5 0.767351 0.840741 0.034213 0.094444
5 0.771994 0.943056 0.042522 0.112037
5 0.765885 0.880093 0.026393 0.058333
5 0.704545 0.571296 0.017107 0.059259
5 0.639541 0.515278 0.039589 0.025000
5 0.678641 0.486574 0.028837 0.036111
5 0.645406 0.484722 0.015152 0.032407
5 0.641984 0.416667 0.014174 0.033333
5 0.695748 0.395370 0.054252 0.050000
5 0.766862 0.411574 0.048876 0.075000
5 0.729961 0.319444 0.034702 0.068519
5 0.730450 0.277315 0.015152 0.036111
5 0.719697 0.483333 0.022972 0.024074
5 0.757820 0.481019 0.069892 0.084259
5 0.770528 0.544907 0.012219 0.030556
5 0.710166 0.121759 0.021505 0.037963
5 0.694282 0.231481 0.022972 0.059259
5 0.757576 0.086111 0.025415 0.064815
5 0.784213 0.025926 0.022972 0.042593
5 0.779081 0.055556 0.021505 0.040741
5 0.687439 0.036111 0.063050 0.070370
5 0.642229 0.148611 0.044966 0.099074
5 0.627566 0.202315 0.053763 0.025000
5 0.618280 0.244444 0.025415 0.057407
5 0.656158 0.076389 0.021017 0.025000
5 0.489247 0.014352 0.052786 0.028704
5 0.486559 0.044907 0.059140 0.089815
5 0.550342 0.005556 0.042033 0.011111
1 0.560117 0.112500 0.126100 0.219444
5 0.587243 0.147685 0.014174 0.054630
5 0.630499 0.292593 0.076246 0.111111
1 0.566227 0.497685 0.112903 0.154630
5 0.554008 0.451852 0.020039 0.042593
1 0.571848 0.314352 0.173998 0.262037
1 0.565005 0.679167 0.096774 0.249074
5 0.573558 0.822222 0.046432 0.090741
5 0.569404 0.792593 0.013685 0.016667
5 0.795943 0.016204 0.007331 0.032407
5 0.808407 0.013426 0.014663 0.026852
5 0.830645 0.012037 0.029814 0.024074
5 0.849951 0.030093 0.030303 0.056481
5 0.900782 0.020833 0.030303 0.041667
5 0.873167 0.076389 0.035679 0.062037
5 0.812805 0.271296 0.028348 0.040741
5 0.835533 0.230093 0.018084 0.034259
5 0.874145 0.276852 0.013196 0.048148
5 0.888807 0.246759 0.012219 0.030556
5 0.852395 0.285648 0.014663 0.026852
5 0.817449 0.309259 0.013196 0.022222
5 0.788856 0.272685 0.053763 0.086111
5 0.827957 0.373148 0.014663 0.024074
5 0.818671 0.418056 0.020528 0.032407
5 0.836999 0.444907 0.015152 0.032407
5 0.850929 0.400463 0.046921 0.069444
5 0.887097 0.373611 0.053763 0.080556
5 0.940860 0.302778 0.016618 0.027778
5 0.954790 0.265278 0.041544 0.050926
5 0.957722 0.329167 0.022972 0.062037
5 0.964809 0.383333 0.025415 0.037037
5 0.938905 0.396759 0.021505 0.023148
5 0.839932 0.171296 0.094330 0.148148
5 0.798387 0.183796 0.012219 0.037963
5 0.851906 0.538426 0.057674 0.052778
5 0.817449 0.591667 0.047410 0.087037
5 0.867058 0.512037 0.015640 0.033333
5 0.883187 0.485648 0.029326 0.028704
5 0.902248 0.497222 0.051808 0.066667
5 0.856794 0.660648 0.018573 0.052778
5 0.815494 0.729167 0.024927 0.041667
5 0.819404 0.686111 0.017107 0.037037
5 0.833333 0.718981 0.024438 0.052778
5 0.875611 0.617130 0.051320 0.102778
5 0.912268 0.687500 0.021994 0.050926
5 0.889541 0.725000 0.043011 0.116667
5 0.893939 0.764352 0.015640 0.030556
5 0.857771 0.797685 0.014663 0.037963
5 0.878543 0.805093 0.039589 0.056481
5 0.805718 0.870833 0.039589 0.099074
5 0.820381 0.940278 0.033724 0.086111
5 0.841642 0.891204 0.027370 0.049074
5 0.828446 0.977315 0.006843 0.043519
5 0.871212 0.977778 0.022972 0.040741
5 0.861437 0.853241 0.021994 0.065741
5 0.920088 0.930556 0.032747 0.070370
5 0.971652 0.850000 0.030303 0.062963
5 0.966276 0.954630 0.046921 0.087037
5 0.919599 0.993519 0.039589 0.009259
1 0.976051 0.955093 0.046921 0.084259
5 0.988270 0.664352 0.021505 0.025000
5 0.994135 0.597685 0.010753 0.049074
5 0.978983 0.783796 0.039101 0.054630
5 0.957478 0.746759 0.057674 0.134259
5 0.948192 0.493056 0.019550 0.043519
5 0.975073 0.469907 0.036168 0.034259
5 0.990958 0.465741 0.017107 0.035185
1 0.983627 0.343519 0.029814 0.074074
5 0.974585 0.050000 0.026393 0.033333
5 0.937928 0.055093 0.024438 0.054630
5 0.921799 0.109259 0.038123 0.055556
5 0.989736 0.173611 0.018573 0.039815
5 0.960655 0.145833 0.077713 0.202778
5 0.033969 0.877315 0.014174 0.021296