5 0.531036 0.969907 0.016129 0.045370
5 0.047165 0.957870 0.045455 0.060185
5 0.443304 0.922685 0.020528 0.028704
5 0.964809 0.925000 0.026393 0.050000
1 0.207478 0.949537 0.092375 0.099074
5 0.602639 0.945833 0.057674 0.100926
5 0.476295 0.886111 0.045455 0.085185
5 0.463832 0.850463 0.015640 0.041667
5 0.397605 0.846296 0.026882 0.044444
5 0.295699 0.785648 0.068426 0.112037
1 0.247556 0.788426 0.112903 0.315741
5 0.654936 0.800926 0.029326 0.125926
5 0.470186 0.756481 0.016618 0.035185
5 0.937683 0.756019 0.072825 0.139815
5 0.563294 0.700463 0.027859 0.032407
5 0.538368 0.650463 0.031769 0.063889
5 0.978495 0.670833 0.042033 0.123148
5 0.933773 0.607407 0.068915 0.133333
5 0.399560 0.528241 0.057185 0.071296
5 0.118768 0.525000 0.045943 0.055556
5 0.986070 0.516204 0.026882 0.045370
5 0.879521 0.502778 0.075758 0.161111
5 0.992669 0.393519 0.013685 0.051852
5 0.599462 0.313426 0.063050 0.128704
5 0.698925 0.254167 0.034213 0.076852
5 0.403470 0.208333 0.023949 0.062963
5 0.601906 0.174074 0.041544 0.096296
1 0.222141 0.216204 0.146139 0.149074
5 0.047654 0.173611 0.045455 0.075000
5 0.657625 0.140741 0.042522 0.031481
5 0.415445 0.089352 0.060606 0.169444
5 0.585777 0.044444 0.041544 0.083333
5 0.376833 0.015741 0.011730 0.031481
1 0.236559 0.050926 0.180841 0.101852
5 0.262708 0.124074 0.044477 0.025926
5 0.348974 0.224537 0.051808 0.125000
1 0.224585 0.384259 0.157869 0.137037
1 0.242913 0.528241 0.113392 0.206481
5 0.312805 0.508796 0.043988 0.126852
5 0.473118 0.434722 0.082111 0.180556
5 0.515885 0.459722 0.031769 0.150926
5 0.520283 0.373611 0.070870 0.134259
5 0.557918 0.399537 0.033724 0.050926
5 0.575024 0.189815 0.052297 0.100000
5 0.641984 0.272685 0.060117 0.156481
5 0.898827 0.169907 0.050831 0.106481
5 0.902981 0.252778 0.047410 0.150000
5 0.638807 0.505093 0.064516 0.110185
5 0.691838 0.364815 0.035679 0.131481
5 0.715298 0.334259 0.047410 0.103704
1 0.806696 0.306481 0.131476 0.218519
1 0.875855 0.774074 0.079179 0.116667
1 0.789589 0.764815 0.086510 0.268519
1 0.785191 0.622222 0.115836 0.146296
1 0.795943 0.484259 0.117791 0.159259
5 0.941838 0.345370 0.059629 0.101852
5 0.886608 0.366667 0.051808 0.105556
5 0.675709 0.613889 0.056207 0.151852
1 0.795210 0.925926 0.173021 0.142593