5 0.165200 0.054167 0.034213 0.043519
5 0.128055 0.231944 0.021505 0.076852
5 0.219208 0.017130 0.019062 0.030556
5 0.135875 0.625000 0.016618 0.020370
5 0.131965 0.961574 0.016618 0.026852
5 0.068426 0.781019 0.007820 0.026852
5 0.377077 0.871296 0.038612 0.090741
5 0.412757 0.803704 0.065982 0.094444
5 0.475318 0.768056 0.027859 0.037963
0 0.482160 0.854167 0.252688 0.287963
0 0.507820 0.666204 0.324536 0.613889
0 0.446970 0.237500 0.434506 0.475000
5 0.748289 0.934722 0.026393 0.045370
5 0.718231 0.791667 0.052297 0.062963
5 0.756598 0.476852 0.073314 0.148148
5 0.780547 0.437963 0.043011 0.109259
5 0.955034 0.730556 0.028348 0.066667
5 0.860459 0.384259 0.022972 0.024074
5 0.908602 0.022222 0.028348 0.042593
5 0.938905 0.106019 0.059629 0.136111