5 0.066227 0.264352 0.050342 0.047222
5 0.016862 0.368519 0.010264 0.044444
5 0.198925 0.242130 0.032258 0.032407
5 0.181085 0.313889 0.032747 0.053704
5 0.215054 0.349537 0.047898 0.087963
5 0.222874 0.284259 0.014663 0.044444
5 0.390518 0.319444 0.028348 0.055556
5 0.065738 0.499074 0.049365 0.046296
5 0.059140 0.429167 0.011730 0.021296
5 0.016862 0.567593 0.025904 0.038889
5 0.088710 0.793519 0.031769 0.053704
5 0.071848 0.814352 0.035191 0.054630
5 0.142229 0.852778 0.033236 0.044444
5 0.067693 0.980093 0.034702 0.034259
5 0.315494 0.590741 0.011241 0.053704
5 0.439394 0.323611 0.023460 0.050926
5 0.479961 0.405556 0.016618 0.025926
5 0.428397 0.154167 0.058162 0.106481
5 0.467253 0.703241 0.020528 0.054630
5 0.445015 0.625000 0.009286 0.020370
5 0.230205 0.980556 0.014663 0.022222
0 0.584555 0.860185 0.041056 0.090741
0 0.524194 0.938889 0.077713 0.120370
5 0.804497 0.963426 0.027370 0.056481
5 0.836022 0.639352 0.021017 0.054630
5 0.740958 0.443056 0.011730 0.041667
5 0.625367 0.162037 0.045455 0.040741
5 0.943548 0.139815 0.058162 0.051852
5 0.961144 0.495370 0.011241 0.016667
5 0.574047 0.356944 0.023949 0.025000
5 0.599218 0.353241 0.009775 0.013889
0 0.575513 0.403241 0.243891 0.280556