5 0.676197 0.531019 0.042522 0.117593
5 0.052786 0.465741 0.029326 0.050000
5 0.078446 0.411574 0.021994 0.060185
5 0.050831 0.362963 0.050831 0.075926
5 0.027370 0.626389 0.027370 0.058333
5 0.103128 0.560185 0.018573 0.048148
5 0.009286 0.978241 0.018573 0.039815
5 0.072092 0.946296 0.050342 0.066667
5 0.104106 0.873148 0.024438 0.055556
5 0.099707 0.784722 0.035191 0.058333
5 0.167155 0.774074 0.022483 0.051852
5 0.187928 0.770370 0.027859 0.061111
5 0.125855 0.466667 0.060117 0.124074
5 0.163001 0.396759 0.050342 0.076852
5 0.053519 0.231019 0.024927 0.067593
5 0.073069 0.218519 0.031769 0.038889
5 0.049365 0.108796 0.040078 0.056481
5 0.060362 0.039352 0.044477 0.078704
5 0.977273 0.837963 0.027859 0.044444
5 0.951369 0.662037 0.034702 0.057407
5 0.935239 0.878704 0.023949 0.027778
5 0.975562 0.753704 0.021505 0.031481
5 0.992180 0.389352 0.013685 0.060185
5 0.931574 0.537500 0.029326 0.039815
5 0.907869 0.342130 0.018084 0.062037
5 0.935484 0.453241 0.014663 0.052778
5 0.991202 0.124537 0.016618 0.041667
5 0.965787 0.096296 0.036168 0.081481
5 0.911046 0.082407 0.016618 0.048148
5 0.857283 0.060648 0.019550 0.052778
5 0.770528 0.506944 0.026882 0.058333
5 0.789345 0.466667 0.024438 0.053704
5 0.766862 0.432870 0.023460 0.069444
5 0.798876 0.412963 0.035679 0.074074
5 0.776637 0.399074 0.022483 0.046296
4 0.811584 0.786574 0.022972 0.045370
5 0.749022 0.661574 0.040567 0.054630
5 0.779570 0.619907 0.039101 0.050926
5 0.788368 0.666204 0.038123 0.052778
5 0.790078 0.189815 0.024927 0.059259
5 0.769550 0.137963 0.042522 0.085185
5 0.792766 0.087037 0.031281 0.081481
5 0.800831 0.039815 0.027859 0.040741
5 0.768817 0.019444 0.030303 0.029630
5 0.268573 0.131019 0.037634 0.071296
5 0.233138 0.163426 0.018573 0.054630
5 0.251222 0.238889 0.037146 0.055556
5 0.243646 0.291667 0.017107 0.044444
5 0.287146 0.366667 0.033724 0.064815
5 0.296188 0.317593 0.056696 0.092593
5 0.277859 0.505556 0.038612 0.038889
5 0.341642 0.486574 0.023460 0.049074
5 0.322825 0.531481 0.026882 0.051852
5 0.266862 0.692593 0.036168 0.062963
5 0.296921 0.673611 0.030792 0.073148
5 0.293011 0.624074 0.037634 0.070370
5 0.303275 0.741667 0.029814 0.059259
5 0.323803 0.716667 0.030792 0.040741
5 0.287146 0.899074 0.036657 0.079630
5 0.500489 0.709259 0.029326 0.057407
5 0.528348 0.715278 0.035191 0.065741
5 0.527859 0.507407 0.022483 0.057407
5 0.553275 0.550463 0.022483 0.049074
5 0.528837 0.436574 0.027370 0.058333
3 0.532014 0.384722 0.030792 0.052778
0 0.490225 0.300926 0.324536 0.601852
0 0.493891 0.768519 0.462854 0.461111
5 0.431085 0.472685 0.040078 0.062037
5 0.429374 0.675926 0.024927 0.066667
5 0.419355 0.787963 0.044966 0.066667
5 0.851906 0.294907 0.042033 0.069444
5 0.379765 0.475926 0.037146 0.025926