5 0.722385 0.935648 0.023460 0.012037
5 0.912757 0.792593 0.016129 0.025926
5 0.297898 0.660648 0.008309 0.017593
5 0.803275 0.271296 0.009286 0.011111
5 0.849218 0.163889 0.007331 0.022222
5 0.498534 0.062500 0.011730 0.013889
5 0.464321 0.032870 0.023460 0.036111
5 0.157869 0.337037 0.024438 0.057407
5 0.071603 0.648611 0.055230 0.108333
5 0.108504 0.664352 0.016618 0.034259
4 0.937928 0.031019 0.026393 0.045370
4 0.989247 0.131944 0.019550 0.037963
4 0.988270 0.201852 0.021505 0.087037
5 0.847996 0.651389 0.033236 0.063889
5 0.843353 0.921296 0.025904 0.027778
5 0.981916 0.862500 0.024438 0.058333
0 0.509531 0.555093 0.233138 0.584259
0 0.446725 0.806019 0.321603 0.384259
4 0.551075 0.320833 0.052297 0.052778
2 0.564027 0.068056 0.035191 0.134259
4 0.515152 0.102778 0.022483 0.096296