1 0.241691 0.121759 0.179374 0.241667
1 0.279081 0.325926 0.077224 0.259259
5 0.342620 0.263889 0.033236 0.083333
5 0.336755 0.425463 0.025415 0.050926
5 0.325758 0.378704 0.023949 0.048148
5 0.314761 0.381944 0.019550 0.067593
1 0.247312 0.509722 0.118280 0.317593
5 0.190616 0.531944 0.016618 0.032407
1 0.256598 0.754167 0.110459 0.121296
5 0.155425 0.769444 0.025415 0.037037
5 0.075024 0.885648 0.021017 0.050926
5 0.162023 0.940278 0.029814 0.039815
1 0.241691 0.914352 0.113881 0.169444
5 0.221408 0.880093 0.012708 0.045370
5 0.184506 0.785185 0.021017 0.037037
5 0.208211 0.797222 0.030303 0.046296
5 0.220186 0.696296 0.032747 0.103704
5 0.359971 0.930093 0.083578 0.137963
3 0.397605 0.115741 0.063050 0.059259
5 0.470674 0.270833 0.077224 0.143519
5 0.473118 0.019444 0.035191 0.038889
5 0.515396 0.021759 0.043500 0.043519
5 0.515152 0.031944 0.025415 0.054630
5 0.475318 0.161574 0.035679 0.084259
5 0.516618 0.215278 0.037146 0.086111
5 0.467253 0.638889 0.022483 0.101852
5 0.456012 0.462963 0.017595 0.042593
5 0.640274 0.537037 0.024438 0.077778
5 0.517595 0.421759 0.039101 0.073148
5 0.544233 0.473148 0.038612 0.094444
5 0.531525 0.527315 0.041544 0.071296
5 0.590665 0.088426 0.053275 0.084259
5 0.509042 0.107407 0.034702 0.081481
3 0.553030 0.391204 0.021017 0.041667
5 0.562072 0.221759 0.027370 0.058333
5 0.557674 0.146296 0.028348 0.085185
5 0.585533 0.194444 0.066471 0.122222
5 0.653470 0.187500 0.040078 0.082407
1 0.805474 0.422222 0.121212 0.153704
1 0.807429 0.527315 0.166178 0.210185
5 0.873656 0.409259 0.020039 0.053704
5 0.760264 0.685185 0.027859 0.055556
5 0.785435 0.703241 0.026393 0.043519
5 0.893451 0.696296 0.027370 0.035185
5 0.921310 0.655556 0.021505 0.050000