5 0.166667 0.090741 0.033236 0.038889
5 0.184506 0.244444 0.032747 0.031481
5 0.099951 0.966667 0.016129 0.018519
5 0.161779 0.225463 0.006843 0.013889
5 0.130743 0.094444 0.011241 0.016667
5 0.385142 0.851389 0.015640 0.017593
5 0.405670 0.859259 0.006843 0.016667
3 0.377566 0.729630 0.015152 0.033333
5 0.355816 0.549537 0.033236 0.050926
5 0.470430 0.118519 0.015152 0.014815
5 0.554008 0.990741 0.011241 0.016667
3 0.568671 0.988426 0.010264 0.021296
5 0.560117 0.666204 0.053763 0.160185
2 0.536657 0.454167 0.047898 0.130556
5 0.552053 0.193519 0.014174 0.024074
2 0.597507 0.030093 0.037634 0.060185
0 0.607038 0.122685 0.101662 0.160185
0 0.703079 0.063426 0.042522 0.126852
2 0.608749 0.099537 0.057185 0.125000
0 0.621945 0.496759 0.129521 0.380556
5 0.566471 0.421759 0.013685 0.041667
0 0.679130 0.765278 0.225318 0.297222
5 0.978250 0.982870 0.017107 0.032407
5 0.842375 0.903704 0.022972 0.048148
5 0.841153 0.814352 0.027370 0.071296
5 0.845064 0.827778 0.032258 0.040741
5 0.987292 0.771759 0.021505 0.043519
5 0.981672 0.733796 0.021994 0.023148
5 0.963587 0.637500 0.021017 0.047222
5 0.945992 0.502315 0.013196 0.034259
5 0.968475 0.518519 0.018084 0.033333
5 0.956989 0.443056 0.016618 0.034259
5 0.852884 0.302315 0.016618 0.041667
5 0.972141 0.373148 0.017595 0.040741
5 0.940127 0.250000 0.016129 0.011111
5 0.840420 0.019444 0.010264 0.012963
5 0.934506 0.141204 0.011730 0.019444
5 0.970186 0.128241 0.030303 0.056481
0 0.639296 0.080093 0.059629 0.125000
5 0.982405 0.757407 0.015640 0.044444