5 0.916422 0.949074 0.007820 0.024074
5 0.600440 0.934722 0.042522 0.076852
5 0.292522 0.831944 0.006354 0.021296
5 0.897605 0.825926 0.008309 0.025926
5 0.029081 0.680556 0.022972 0.035185
5 0.198192 0.631481 0.016129 0.035185
2 0.578690 0.642593 0.021505 0.075926
2 0.927908 0.614815 0.012219 0.025926
5 0.827468 0.605556 0.015640 0.044444
2 0.208211 0.495370 0.024438 0.038889
5 0.315005 0.437963 0.016129 0.027778
5 0.815249 0.352778 0.020528 0.042593
5 0.794233 0.330556 0.011730 0.024074
5 0.901271 0.321759 0.013685 0.023148
5 0.054497 0.280093 0.023949 0.037963
5 0.071848 0.236574 0.014663 0.021296
5 0.083822 0.225000 0.010264 0.012963
5 0.055963 0.215278 0.014174 0.039815
5 0.118280 0.205093 0.017595 0.023148
5 0.006598 0.116204 0.013196 0.030556
5 0.952590 0.105556 0.025415 0.016667
5 0.739003 0.082407 0.030303 0.038889
5 0.016373 0.026852 0.011241 0.016667
5 0.327224 0.040278 0.022972 0.069444
5 0.660557 0.007870 0.013196 0.015741
0 0.440860 0.898611 0.214076 0.200926
5 0.442326 0.864352 0.042033 0.091667
0 0.448680 0.730093 0.193548 0.430556
0 0.462610 0.192130 0.229228 0.384259
0 0.477761 0.507870 0.165689 0.482407
2 0.700880 0.281019 0.029326 0.058333