0 0.419355 0.932407 0.148583 0.120370
5 0.385630 0.565741 0.043011 0.114815
5 0.098485 0.483796 0.052297 0.060185
5 0.133920 0.139352 0.039101 0.113889
5 0.140029 0.739352 0.040567 0.041667
5 0.060117 0.663889 0.026393 0.033333
5 0.055230 0.862963 0.024438 0.038889
5 0.707967 0.769907 0.052297 0.076852
5 0.813783 0.787963 0.049853 0.127778
5 0.967009 0.769444 0.026882 0.085185
5 0.873900 0.636574 0.048876 0.097222
5 0.963832 0.931481 0.036168 0.051852
5 0.797654 0.967593 0.059629 0.046296
5 0.541056 0.474537 0.052786 0.063889
0 0.527615 0.821296 0.243891 0.344444
0 0.483627 0.554630 0.198925 0.388889
0 0.516618 0.233796 0.226784 0.467593