5 0.559140 0.625463 0.013685 0.019444
5 0.684506 0.014352 0.015152 0.028704
5 0.093353 0.006944 0.011730 0.013889
5 0.015152 0.915278 0.010753 0.028704
5 0.021017 0.549074 0.038123 0.083333
5 0.030547 0.504167 0.037634 0.034259
5 0.019550 0.292130 0.038123 0.049074
5 0.075024 0.223611 0.016129 0.047222
5 0.093842 0.305093 0.014663 0.010185
5 0.065249 0.293056 0.016129 0.032407
5 0.137097 0.332870 0.018084 0.030556
5 0.135630 0.163426 0.041544 0.052778
5 0.212854 0.222685 0.021994 0.032407
5 0.202590 0.349537 0.030792 0.028704
5 0.179619 0.791204 0.019062 0.026852
5 0.295455 0.546296 0.026882 0.072222
4 0.325513 0.512037 0.015640 0.031481
5 0.357527 0.623611 0.015152 0.025000
5 0.338710 0.637037 0.020528 0.051852
0 0.554008 0.881019 0.126588 0.236111
0 0.558162 0.819444 0.257087 0.357407
5 0.440860 0.712037 0.013685 0.033333
5 0.477028 0.669907 0.045943 0.087963
5 0.504888 0.616204 0.016618 0.032407
5 0.672043 0.736574 0.037146 0.076852
5 0.587243 0.561111 0.024927 0.061111
5 0.605816 0.557407 0.022972 0.037037
5 0.503177 0.445833 0.032747 0.049074
0 0.632454 0.404167 0.357771 0.460185
5 0.895650 0.966667 0.027859 0.059259
5 0.917644 0.975926 0.021017 0.046296
5 0.803030 0.974074 0.014663 0.050000
5 0.723607 0.940278 0.041544 0.075000
5 0.842620 0.787963 0.020528 0.070370
5 0.933773 0.674074 0.020039 0.035185
5 0.943304 0.070833 0.016618 0.050926
5 0.899316 0.121759 0.053763 0.089815
5 0.797165 0.026852 0.046921 0.051852
5 0.692571 0.074074 0.025415 0.038889
5 0.786413 0.242593 0.037146 0.046296
5 0.774438 0.309722 0.008309 0.058333
0 0.568915 0.270370 0.344086 0.540741
5 0.518573 0.024537 0.033236 0.049074
5 0.343842 0.241204 0.031769 0.063889
5 0.305230 0.166667 0.025904 0.044444