5 0.060117 0.087037 0.029326 0.046296
5 0.082111 0.136111 0.029326 0.050000
5 0.078690 0.231481 0.033236 0.053704
5 0.023949 0.267130 0.043011 0.075000
5 0.124878 0.098611 0.046432 0.058333
5 0.152737 0.137037 0.027859 0.061111
5 0.095552 0.023611 0.036657 0.047222
5 0.178886 0.037963 0.018573 0.050000
5 0.143939 0.300463 0.026882 0.063889
5 0.152493 0.366667 0.035191 0.050000
5 0.116080 0.701389 0.047410 0.086111
5 0.194770 0.417130 0.033724 0.050926
5 0.125855 0.900926 0.025904 0.055556
5 0.153715 0.744907 0.032747 0.063889
5 0.146139 0.813889 0.024438 0.033333
5 0.222141 0.782870 0.034702 0.073148
5 0.043255 0.756481 0.021017 0.064815
5 0.353617 0.285648 0.034702 0.045370
5 0.477273 0.456944 0.033724 0.099074
5 0.497067 0.596296 0.056696 0.070370
5 0.465054 0.645370 0.025904 0.040741
5 0.522239 0.545370 0.033724 0.062963
5 0.547165 0.616667 0.034702 0.051852
1 0.256843 0.965278 0.083578 0.060185
5 0.565494 0.750000 0.068426 0.129630
5 0.555963 0.901389 0.035679 0.050926
5 0.630987 0.957407 0.071359 0.083333
5 0.597996 0.810185 0.035679 0.074074
5 0.649560 0.730556 0.053763 0.105556
5 0.659580 0.611574 0.057185 0.134259
5 0.612903 0.561574 0.043011 0.106481
5 0.577713 0.399537 0.032258 0.076852
5 0.619013 0.450926 0.047410 0.072222
5 0.659335 0.484722 0.041056 0.100926
5 0.676931 0.406944 0.061584 0.156481
5 0.644917 0.293056 0.051320 0.084259
5 0.655425 0.218519 0.060606 0.092593
5 0.715298 0.316204 0.031769 0.054630
5 0.510997 0.342593 0.059140 0.164815
5 0.449658 0.439352 0.018573 0.060185
5 0.628299 0.022685 0.047410 0.039815
1 0.544477 0.166667 0.140762 0.311111
1 0.409824 0.293519 0.135386 0.237037
5 0.400538 0.393056 0.045455 0.073148
5 0.449658 0.141204 0.043988 0.049074
5 0.397605 0.106944 0.029814 0.050926
5 0.409091 0.052315 0.032258 0.028704
5 0.370235 0.030556 0.031769 0.042593
5 0.410557 0.015278 0.037146 0.028704
1 0.245846 0.677315 0.161290 0.243519
1 0.254643 0.427778 0.116325 0.316667
1 0.243646 0.225000 0.156891 0.229630
1 0.275171 0.056019 0.147605 0.110185
5 0.711144 0.045833 0.043988 0.073148
5 0.702590 0.176852 0.040567 0.044444
5 0.657136 0.126852 0.024927 0.033333
5 0.648094 0.082870 0.018573 0.037963
5 0.679863 0.084259 0.028348 0.044444
5 0.750978 0.049074 0.028837 0.044444
5 0.799853 0.033333 0.087488 0.066667
5 0.751711 0.106481 0.050831 0.066667
1 0.798143 0.167593 0.153470 0.207407
5 0.920332 0.064352 0.053763 0.100926
5 0.866080 0.017130 0.019550 0.034259
5 0.893451 0.159722 0.027370 0.041667
5 0.970674 0.131481 0.049853 0.133333
5 0.960411 0.285648 0.073314 0.191667
5 0.901760 0.315278 0.038123 0.091667
5 0.878299 0.256019 0.032258 0.069444
5 0.837732 0.373611 0.067449 0.128704
5 0.882454 0.473148 0.067937 0.140741
5 0.916911 0.631481 0.067449 0.094444
5 0.873167 0.569444 0.057185 0.062963
5 0.813294 0.588426 0.092864 0.167593
1 0.819404 0.782870 0.169599 0.341667
5 0.908113 0.906481 0.029326 0.059259
5 0.957478 0.928241 0.072336 0.086111
5 0.948436 0.854630 0.028837 0.044444
5 0.958700 0.806944 0.076735 0.121296
5 0.987537 0.593056 0.018084 0.056481
5 0.963099 0.478241 0.032747 0.062037
5 0.819404 0.970833 0.039589 0.049074
5 0.725806 0.953704 0.129032 0.083333
1 0.770528 0.467130 0.139296 0.228704
5 0.701613 0.622222 0.034702 0.077778
5 0.686217 0.702778 0.024438 0.079630
5 0.718719 0.704630 0.035679 0.070370
5 0.755132 0.647222 0.048876 0.092593
5 0.711144 0.823611 0.018573 0.049074
5 0.695992 0.879167 0.042033 0.052778
5 0.655181 0.842593 0.022972 0.055556
5 0.953079 0.707870 0.073314 0.073148
5 0.915934 0.795833 0.031281 0.050926
5 0.160802 0.977778 0.018573 0.038889
5 0.114125 0.971759 0.030792 0.050926
5 0.525904 0.039352 0.021505 0.063889
5 0.334800 0.372222 0.019550 0.040741
5 0.340420 0.389352 0.015152 0.034259
5 0.334311 0.425000 0.019550 0.027778
5 0.356061 0.525463 0.027859 0.089815
5 0.338221 0.570370 0.025415 0.057407
5 0.400049 0.513426 0.020039 0.052778
5 0.382454 0.461574 0.056207 0.082407
5 0.417889 0.954630 0.078201 0.085185
5 0.401026 0.866667 0.063050 0.109259
5 0.464321 0.775926 0.101662 0.168519
5 0.449413 0.834722 0.036657 0.078704