5 0.461632 0.222685 0.032747 0.075000
5 0.481672 0.116204 0.070870 0.130556
5 0.468964 0.024537 0.026882 0.043519
5 0.544477 0.076852 0.029326 0.059259
5 0.380499 0.355556 0.045455 0.129630
5 0.482160 0.407870 0.027859 0.049074
5 0.588710 0.465741 0.047410 0.081481
5 0.605816 0.383333 0.026882 0.051852
5 0.415689 0.538426 0.021994 0.025000
5 0.455034 0.667130 0.051808 0.100926
5 0.565738 0.635185 0.026882 0.037037
5 0.585533 0.588889 0.025415 0.050000
5 0.527370 0.209259 0.030303 0.057407
5 0.580645 0.133333 0.029326 0.059259
5 0.664712 0.056944 0.028348 0.073148
5 0.701613 0.240278 0.027859 0.062037
5 0.726540 0.330556 0.033724 0.053704
5 0.688172 0.498611 0.037146 0.076852
5 0.078690 0.519907 0.041056 0.075000
5 0.122678 0.575926 0.038123 0.062963
5 0.177419 0.110648 0.040078 0.036111
5 0.297410 0.129630 0.034702 0.046296
5 0.038123 0.483333 0.036168 0.055556
5 0.057185 0.049074 0.050831 0.087037
5 0.053763 0.123148 0.028348 0.046296
5 0.140274 0.264815 0.033236 0.053704
5 0.138563 0.435185 0.027859 0.033333
5 0.351662 0.597685 0.054252 0.086111
5 0.370235 0.670833 0.038612 0.045370
5 0.354106 0.750463 0.047410 0.065741
5 0.261730 0.747685 0.025904 0.054630
5 0.153226 0.837037 0.040567 0.044444
5 0.341153 0.893981 0.052786 0.087963
1 0.266129 0.954630 0.162757 0.085185
5 0.134653 0.950926 0.040567 0.044444
5 0.208700 0.825926 0.022483 0.035185
1 0.276149 0.809259 0.100684 0.116667
5 0.525660 0.716204 0.021994 0.030556
5 0.559629 0.812500 0.034213 0.047222
5 0.503910 0.849074 0.029326 0.055556
5 0.599707 0.759259 0.032258 0.057407
5 0.638319 0.934722 0.073314 0.093519
5 0.518328 0.911574 0.030792 0.047222
5 0.704790 0.635648 0.022483 0.041667
5 0.744135 0.139352 0.026882 0.062037
5 0.753421 0.627778 0.045455 0.070370
1 0.788368 0.789352 0.122190 0.213889
1 0.806940 0.531019 0.085044 0.215741
5 0.818671 0.670833 0.026393 0.067593
5 0.882209 0.508796 0.040078 0.100926
5 0.941105 0.619444 0.081623 0.187037
5 0.910802 0.689352 0.029814 0.039815
5 0.962610 0.770833 0.067937 0.110185
5 0.963099 0.874074 0.065005 0.088889
5 0.933773 0.931481 0.026882 0.057407
5 0.815249 0.929167 0.031281 0.043519
5 0.764907 0.964352 0.043011 0.065741
5 0.845797 0.974074 0.027859 0.046296
5 0.938416 0.426389 0.043011 0.041667
5 0.978250 0.486574 0.037634 0.075000
5 0.844575 0.589352 0.048876 0.054630
5 0.776882 0.439352 0.035679 0.041667
5 0.783724 0.367593 0.033724 0.083333
5 0.822825 0.336111 0.058162 0.161111
5 0.863636 0.212963 0.061584 0.133333
5 0.940616 0.101852 0.033724 0.092593
5 0.982405 0.289815 0.029326 0.077778
5 0.941593 0.024537 0.038612 0.039815
5 0.717009 0.539815 0.016618 0.044444
5 0.652493 0.266204 0.017595 0.041667
5 0.587977 0.179167 0.018573 0.026852
5 0.636608 0.023148 0.014174 0.022222
5 0.145894 0.618981 0.010264 0.036111
1 0.243891 0.577315 0.188661 0.225000
5 0.208700 0.509722 0.020528 0.045370
1 0.254154 0.252778 0.130987 0.196296
1 0.282991 0.437037 0.107527 0.248148
5 0.326491 0.052315 0.033236 0.054630
1 0.288368 0.043519 0.095797 0.085185
1 0.798387 0.170370 0.078690 0.170370
0 0.812317 0.058796 0.107527 0.117593