5 0.284457 0.593981 0.022483 0.063889
0 0.480450 0.715278 0.170088 0.563889
0 0.476540 0.390741 0.273705 0.451852
0 0.485582 0.114352 0.176442 0.228704
5 0.972630 0.928704 0.013685 0.035185
5 0.748534 0.688426 0.057185 0.086111
5 0.693304 0.893056 0.034702 0.106481
5 0.766618 0.874537 0.144184 0.247222
5 0.852395 0.864352 0.026393 0.019444
5 0.678886 0.485648 0.020528 0.017593
5 0.762952 0.057407 0.042033 0.061111
5 0.989003 0.050926 0.021017 0.101852
4 0.283724 0.080556 0.033724 0.059259
4 0.162023 0.309722 0.022972 0.056481