5 0.559384 0.886111 0.019062 0.042593
5 0.421310 0.745833 0.031281 0.058333
5 0.469941 0.693981 0.024927 0.052778
5 0.569892 0.686111 0.023460 0.040741
5 0.228739 0.595833 0.022483 0.063889
5 0.458944 0.422222 0.033236 0.038889
5 0.716764 0.394907 0.027859 0.041667
5 0.162757 0.404630 0.086999 0.096296
5 0.361681 0.240278 0.021505 0.062037
5 0.177175 0.227778 0.019062 0.038889
5 0.434995 0.197222 0.016618 0.029630
5 0.676442 0.184259 0.009775 0.031481
5 0.471896 0.164352 0.033724 0.054630
5 0.435484 0.136111 0.012708 0.064815
5 0.396872 0.164352 0.039101 0.082407
5 0.896872 0.104167 0.017595 0.025000
5 0.510020 0.057870 0.044477 0.052778
5 0.461632 0.032407 0.021017 0.050000
5 0.621212 0.025000 0.035191 0.050000
1 0.254888 0.160648 0.202835 0.321296
5 0.439150 0.253241 0.021017 0.062037
3 0.799609 0.320370 0.120235 0.190741
1 0.802786 0.258796 0.210655 0.517593