5 0.854594 0.972685 0.019062 0.026852
1 0.219208 0.914815 0.198925 0.168519
3 0.269795 0.817593 0.018573 0.033333
5 0.553275 0.705556 0.017595 0.033333
3 0.613148 0.727778 0.034702 0.074074
5 0.463587 0.707407 0.009286 0.031481
5 0.862170 0.708333 0.039101 0.081481
3 0.642717 0.641204 0.029326 0.069444
1 0.771994 0.521759 0.161779 0.276852
5 0.991935 0.286111 0.015152 0.027778
5 0.978983 0.268056 0.015640 0.021296
5 0.610704 0.088889 0.037634 0.051852
1 0.754399 0.108333 0.170577 0.216667
1 0.210655 0.055556 0.060606 0.111111
1 0.226540 0.199537 0.132454 0.167593
1 0.238514 0.377315 0.095797 0.260185
3 0.259531 0.687037 0.107527 0.100000
1 0.237537 0.569444 0.159335 0.201852
3 0.167644 0.606481 0.055718 0.068519
5 0.152981 0.371759 0.025415 0.069444
3 0.170332 0.337500 0.040567 0.052778
5 0.315738 0.108796 0.025415 0.054630
5 0.172532 0.033796 0.015640 0.041667
5 0.009775 0.177315 0.018573 0.015741
5 0.008553 0.737963 0.017107 0.018519
2 0.123656 0.534722 0.044966 0.045370
5 0.372434 0.785185 0.035191 0.072222
5 0.524927 0.833333 0.025415 0.066667
5 0.499267 0.822685 0.029814 0.045370
5 0.610459 0.778241 0.015640 0.054630
5 0.523705 0.463426 0.030792 0.034259
5 0.630743 0.476852 0.016129 0.059259
1 0.749511 0.927315 0.184262 0.143519
1 0.765152 0.764352 0.074780 0.228704
3 0.803763 0.811111 0.056207 0.075926
5 0.621945 0.355556 0.017107 0.051852
5 0.646872 0.281944 0.021994 0.039815
5 0.603861 0.128241 0.014174 0.026852
5 0.906647 0.693981 0.024438 0.030556
5 0.848485 0.454167 0.043011 0.082407
5 0.973363 0.939352 0.032747 0.037963
5 0.856794 0.839815 0.028348 0.048148
5 0.858993 0.924074 0.018084 0.025926
5 0.869746 0.939352 0.016129 0.017593
5 0.950635 0.635185 0.043988 0.083333
5 0.908358 0.463426 0.025904 0.045370
5 0.962366 0.452778 0.034213 0.055556
5 0.983871 0.447685 0.030303 0.071296