5 0.594330 0.951852 0.014663 0.029630
5 0.020039 0.952315 0.040078 0.045370
5 0.671554 0.934259 0.013685 0.035185
5 0.912268 0.890278 0.039589 0.069444
5 0.711877 0.851389 0.014174 0.026852
5 0.950391 0.804167 0.012219 0.023148
5 0.636608 0.794444 0.020039 0.035185
5 0.732649 0.755093 0.020528 0.039815
5 0.383675 0.700926 0.032258 0.064815
5 0.806207 0.682870 0.021994 0.078704
5 0.750244 0.682870 0.053763 0.095370
5 0.499511 0.576389 0.010753 0.032407
5 0.825269 0.564815 0.027859 0.044444
5 0.058895 0.554167 0.049365 0.119444
5 0.614125 0.484722 0.008309 0.021296
5 0.830401 0.487037 0.014663 0.033333
5 0.214565 0.480556 0.016618 0.031481
5 0.932063 0.486111 0.024438 0.050000
5 0.597752 0.469907 0.019550 0.036111
5 0.992180 0.454167 0.014663 0.026852
5 0.425953 0.450926 0.010264 0.022222
5 0.900782 0.432870 0.026393 0.030556
5 0.059140 0.354630 0.020528 0.027778
5 0.159335 0.368519 0.027370 0.053704
5 0.209433 0.327315 0.015152 0.060185
5 0.048631 0.284722 0.012219 0.037963
5 0.636852 0.276389 0.018573 0.034259
5 0.967253 0.240278 0.030303 0.023148
5 0.716031 0.233796 0.017595 0.049074
5 0.479228 0.232870 0.015152 0.054630
5 0.589932 0.199537 0.014663 0.030556
5 0.740714 0.183796 0.017107 0.050926
5 0.132209 0.060185 0.023949 0.057407
5 0.001955 0.023611 0.003910 0.026852
5 0.582600 0.015741 0.011730 0.024074
5 0.834066 0.018519 0.025904 0.037037
5 0.113392 0.808333 0.033236 0.062963
5 0.163001 0.804630 0.079668 0.155556
5 0.196970 0.875463 0.026393 0.036111
5 0.217498 0.580093 0.020528 0.039815
5 0.207478 0.095370 0.035679 0.048148
5 0.270283 0.035185 0.050831 0.070370
5 0.411779 0.006481 0.022972 0.012963
5 0.400782 0.045833 0.015640 0.025000
5 0.488025 0.115278 0.046432 0.063889
1 0.432551 0.200000 0.075269 0.285185
1 0.467498 0.368056 0.106061 0.132407
5 0.527370 0.427315 0.018573 0.013889
1 0.439638 0.626389 0.134409 0.184259
5 0.402737 0.611574 0.024438 0.049074
1 0.454057 0.790278 0.150538 0.189815
1 0.413734 0.923148 0.098240 0.151852
5 0.691838 0.126852 0.011241 0.025926
5 0.823558 0.524074 0.014663 0.031481
5 0.971163 0.640278 0.016618 0.049074
5 0.985337 0.676389 0.027370 0.025000
5 0.982649 0.345833 0.033724 0.076852
2 0.939883 0.146759 0.119257 0.293519
5 0.510020 0.435185 0.016129 0.072222
5 0.677419 0.059259 0.010753 0.027778