1 0.211388 0.972222 0.074780 0.053704
5 0.686950 0.913889 0.014174 0.040741
5 0.817937 0.921296 0.020039 0.038889
5 0.488025 0.851389 0.028837 0.062037
1 0.731183 0.874074 0.067449 0.153704
5 0.929619 0.814352 0.030303 0.037963
5 0.816960 0.813889 0.027859 0.046296
5 0.703812 0.777315 0.033236 0.043519
5 0.438905 0.760185 0.031281 0.061111
1 0.217009 0.748611 0.094819 0.097222
5 0.663245 0.706019 0.031281 0.067593
5 0.607527 0.617130 0.018573 0.043519
5 0.885386 0.588889 0.022972 0.035185
5 0.808651 0.563426 0.011241 0.073148
5 0.597263 0.551389 0.020528 0.062037
5 0.546921 0.537037 0.017595 0.042593
1 0.763685 0.571759 0.075758 0.143519
5 0.824536 0.504630 0.014663 0.040741
5 0.977273 0.487500 0.028837 0.045370
5 0.219208 0.448148 0.006354 0.051852
5 0.989736 0.453241 0.019550 0.030556
5 0.638807 0.458333 0.022483 0.051852
2 0.245601 0.444907 0.031769 0.037963
5 0.604350 0.437037 0.030792 0.053704
5 0.680841 0.397685 0.037146 0.075000
5 0.742669 0.371296 0.018084 0.040741
5 0.452835 0.330556 0.027859 0.020370
5 0.614614 0.330093 0.020039 0.026852
1 0.751466 0.285648 0.097263 0.126852
5 0.555718 0.118519 0.020528 0.048148
5 0.605327 0.171296 0.046432 0.048148
5 0.903470 0.053241 0.024927 0.036111
5 0.992669 0.062037 0.013685 0.062963
5 0.685239 0.042130 0.019550 0.043519
5 0.509042 0.028704 0.039589 0.057407
1 0.222141 0.341204 0.109971 0.152778
1 0.231427 0.264352 0.081623 0.119444
2 0.198436 0.175463 0.057674 0.058333
2 0.233627 0.156019 0.056696 0.202778
5 0.118524 0.222685 0.036657 0.063889
5 0.208944 0.584722 0.024927 0.062037
2 0.212610 0.811574 0.093842 0.052778
5 0.467253 0.729167 0.039101 0.067593
5 0.546921 0.768056 0.024438 0.049074
5 0.464565 0.412963 0.034702 0.053704
5 0.450635 0.476852 0.024438 0.053704
5 0.471896 0.451852 0.014174 0.024074
5 0.395894 0.331481 0.034213 0.051852
5 0.359726 0.319444 0.017595 0.050000
5 0.361437 0.160185 0.029814 0.044444
5 0.347752 0.249074 0.029814 0.051852
5 0.361926 0.233333 0.025904 0.081481
5 0.391496 0.232407 0.025415 0.068519
5 0.373900 0.207407 0.014663 0.068519
5 0.551564 0.318519 0.018084 0.033333
2 0.012219 0.067593 0.013685 0.112963
5 0.453079 0.037037 0.035191 0.048148
5 0.488514 0.069907 0.024927 0.037963
5 0.605572 0.122685 0.037146 0.049074
5 0.783724 0.771759 0.020039 0.049074
5 0.750000 0.690278 0.021994 0.043519
5 0.764663 0.728241 0.022972 0.049074
5 0.662757 0.671296 0.043988 0.035185
5 0.611926 0.670370 0.043988 0.053704
4 0.669110 0.300926 0.061584 0.096296
4 0.661046 0.235185 0.040567 0.059259
5 0.928152 0.779167 0.027370 0.062037
5 0.962121 0.742593 0.015152 0.029630
5 0.976784 0.739352 0.012219 0.028704
5 0.940127 0.261574 0.017107 0.030556
5 0.966520 0.252315 0.015152 0.041667
5 0.991447 0.187037 0.013196 0.042593
1 0.735582 0.069444 0.134897 0.138889
1 0.757331 0.169444 0.106061 0.155556
5 0.324047 0.462963 0.025415 0.031481