5 0.009042 0.170370 0.018084 0.029630
5 0.018817 0.254167 0.010264 0.021296
5 0.087488 0.278704 0.021505 0.033333
3 0.218964 0.212963 0.054741 0.137037
5 0.229717 0.182870 0.024438 0.045370
5 0.242913 0.239815 0.015640 0.020370
5 0.255621 0.264352 0.027370 0.045370
5 0.282991 0.351389 0.023460 0.037963
5 0.142229 0.111111 0.013685 0.027778
5 0.141496 0.020370 0.028837 0.040741
5 0.337977 0.229167 0.005376 0.021296
4 0.303763 0.253241 0.043500 0.050926
5 0.190616 0.962037 0.013685 0.031481
5 0.184751 0.987037 0.012708 0.024074
4 0.139296 0.781019 0.037146 0.071296
5 0.151515 0.800000 0.014663 0.027778
5 0.155181 0.807870 0.007331 0.025000
5 0.459922 0.788889 0.023460 0.044444
5 0.469941 0.769907 0.020039 0.026852
5 0.474829 0.749074 0.027859 0.051852
5 0.486804 0.752778 0.010753 0.024074
5 0.455279 0.685185 0.017107 0.046296
5 0.441105 0.554630 0.009286 0.027778
5 0.385142 0.568981 0.008798 0.008333
5 0.446970 0.452778 0.020039 0.055556
5 0.445748 0.408796 0.026393 0.063889
5 0.453324 0.335185 0.016129 0.042593
5 0.453324 0.364815 0.015152 0.024074
5 0.550587 0.735648 0.027859 0.056481
5 0.549365 0.393056 0.017595 0.023148
5 0.561584 0.457870 0.028348 0.039815
5 0.592864 0.452315 0.016618 0.032407
5 0.583822 0.528704 0.012219 0.033333
5 0.521994 0.306944 0.013685 0.026852
5 0.573069 0.326389 0.022972 0.039815
5 0.633920 0.338426 0.005865 0.015741
5 0.534946 0.010185 0.022972 0.020370
5 0.700391 0.289352 0.024438 0.039815
5 0.754399 0.353704 0.013196 0.044444
5 0.760753 0.348148 0.026882 0.033333
5 0.742424 0.354630 0.014663 0.022222
5 0.730694 0.353241 0.023460 0.037963
5 0.714076 0.401852 0.020528 0.037037
5 0.702102 0.376389 0.023949 0.043519
5 0.722874 0.340278 0.025415 0.037963
5 0.704301 0.878704 0.039101 0.044444
5 0.710899 0.854167 0.058162 0.087963
5 0.720430 0.056944 0.023460 0.049074
3 0.847263 0.154167 0.040567 0.082407
3 0.841887 0.048148 0.086510 0.096296
1 0.781036 0.158333 0.166178 0.220370
5 0.837243 0.437500 0.029326 0.065741
5 0.804008 0.851852 0.025415 0.055556
1 0.780792 0.880556 0.073803 0.235185
5 0.793988 0.865741 0.011241 0.059259
1 0.787390 0.731944 0.086022 0.191667
1 0.785191 0.483333 0.068915 0.194444
5 0.918377 0.809722 0.017595 0.034259
5 0.930596 0.718981 0.013685 0.023148
5 0.947458 0.770833 0.014174 0.025000
5 0.993402 0.868519 0.012219 0.020370
5 0.908113 0.617130 0.017595 0.013889
5 0.967253 0.600000 0.024438 0.046296
5 0.974829 0.424537 0.023949 0.045370
5 0.967986 0.325926 0.021994 0.044444
5 0.888563 0.589815 0.017595 0.025926
5 0.903470 0.358796 0.024927 0.056481
5 0.921310 0.078704 0.015640 0.037037
4 0.049365 0.935648 0.011730 0.126852
4 0.004399 0.895370 0.008798 0.064815
5 0.180352 0.695370 0.011730 0.027778
5 0.332111 0.599074 0.022972 0.037037
1 0.259775 0.807407 0.065005 0.262963
1 0.209922 0.746759 0.063050 0.312037
5 0.205767 0.587037 0.020528 0.037037
5 0.176442 0.586111 0.012708 0.022222
1 0.250489 0.562500 0.164712 0.280556
1 0.265396 0.419907 0.114370 0.273148
5 0.266618 0.475000 0.020039 0.025926
5 0.325758 0.068056 0.030792 0.045370
1 0.215054 0.052315 0.116325 0.104630
1 0.259042 0.140278 0.138807 0.280556