5 0.280792 0.987037 0.036657 0.024074
1 0.973607 0.976389 0.051808 0.045370
5 0.718964 0.962963 0.025415 0.066667
5 0.871701 0.944907 0.019062 0.034259
5 0.916667 0.937500 0.046432 0.071296
5 0.397361 0.883333 0.053763 0.118519
5 0.173998 0.911111 0.016618 0.053704
5 0.168133 0.789815 0.035191 0.029630
5 0.729961 0.817593 0.039589 0.062963
5 0.316960 0.815741 0.019062 0.068519
5 0.181574 0.756481 0.020039 0.031481
5 0.442815 0.749537 0.022483 0.034259
5 0.148827 0.709722 0.032747 0.065741
5 0.320137 0.643981 0.024438 0.036111
5 0.106794 0.620370 0.074780 0.116667
5 0.284213 0.629630 0.017107 0.050000
5 0.012708 0.622685 0.025415 0.080556
5 0.457478 0.612963 0.047898 0.066667
5 0.759531 0.591204 0.019550 0.034259
5 0.962854 0.574074 0.008798 0.025926
5 0.361926 0.611111 0.080645 0.127778
5 0.810606 0.579630 0.023949 0.066667
5 0.571848 0.539815 0.045943 0.048148
5 0.743157 0.539815 0.012219 0.029630
5 0.313294 0.525463 0.036168 0.037963
5 0.789345 0.500000 0.039101 0.048148
5 0.753421 0.499074 0.033724 0.038889
5 0.674976 0.484722 0.036168 0.099074
5 0.215054 0.475926 0.019550 0.022222
5 0.277859 0.456019 0.044477 0.034259
5 0.652004 0.412500 0.042033 0.049074
5 0.292278 0.368981 0.031281 0.069444
5 0.640518 0.359259 0.029814 0.062963
5 0.882942 0.369444 0.025904 0.066667
5 0.421065 0.365741 0.022972 0.053704
5 0.152248 0.329167 0.028837 0.049074
5 0.722141 0.296296 0.024927 0.062963
5 0.795210 0.280556 0.016618 0.040741
5 0.930108 0.241667 0.027370 0.022222
5 0.730694 0.204630 0.071359 0.124074
1 0.968475 0.279630 0.062072 0.118519
5 0.331378 0.224537 0.015640 0.013889
5 0.311339 0.188889 0.022483 0.033333
5 0.956500 0.178241 0.053763 0.075000
5 0.949413 0.102778 0.016129 0.022222
5 0.792278 0.116667 0.015640 0.059259
5 0.894917 0.103241 0.015640 0.041667
5 0.163490 0.051389 0.039589 0.056481
5 0.444037 0.015741 0.023949 0.031481
5 0.302542 0.017130 0.030303 0.034259
5 0.352395 0.525000 0.044966 0.055556
5 0.370235 0.525926 0.017107 0.029630
5 0.344086 0.703241 0.032258 0.049074
5 0.372434 0.874074 0.026393 0.029630
5 0.444037 0.845833 0.054252 0.104630
5 0.322825 0.049074 0.016129 0.029630
5 0.409580 0.122685 0.025415 0.030556
5 0.348974 0.338889 0.020528 0.038889
1 0.484115 0.947222 0.178397 0.101852
1 0.510753 0.790741 0.092864 0.261111
5 0.530059 0.715741 0.044477 0.090741
5 0.547654 0.891667 0.042522 0.092593
5 0.618035 0.839352 0.139296 0.291667
5 0.687683 0.865278 0.046921 0.110185
5 0.686706 0.962037 0.025415 0.062963
5 0.650049 0.660648 0.036168 0.080556
1 0.521505 0.439352 0.127077 0.226852
1 0.512708 0.321296 0.120235 0.218519
1 0.525171 0.170833 0.205767 0.152778
1 0.510020 0.073148 0.184262 0.146296
5 0.660068 0.591204 0.038612 0.052778
5 0.634897 0.587500 0.019550 0.041667
5 0.620235 0.598611 0.023460 0.030556
5 0.656403 0.729630 0.023460 0.051852
5 0.757576 0.824537 0.012708 0.049074
5 0.793011 0.804167 0.021994 0.045370
5 0.781036 0.873611 0.019550 0.043519
5 0.791300 0.888889 0.007820 0.031481
5 0.743157 0.015741 0.019062 0.031481
5 0.781525 0.008333 0.017595 0.016667
5 0.901271 0.230093 0.021505 0.032407
5 0.928397 0.086574 0.017107 0.037963
5 0.922532 0.760185 0.043500 0.161111
1 0.969697 0.893056 0.058651 0.099074
1 0.967498 0.655556 0.063050 0.248148
1 0.972874 0.463889 0.052297 0.231481
5 0.786901 0.742593 0.021505 0.029630