5 0.186706 0.180093 0.024438 0.047222
5 0.183284 0.589352 0.019550 0.032407
5 0.020039 0.953241 0.028348 0.036111
5 0.038612 0.914352 0.024438 0.028704
5 0.317693 0.848611 0.013685 0.023148
5 0.293500 0.749074 0.028837 0.044444
5 0.271505 0.717593 0.033724 0.033333
1 0.247556 0.551852 0.122678 0.270370
5 0.333822 0.472685 0.026393 0.054630
1 0.247312 0.360648 0.127077 0.239815
5 0.306940 0.332407 0.030303 0.046296
1 0.316716 0.171296 0.063539 0.051852
2 0.288368 0.089815 0.098729 0.079630
5 0.372678 0.206019 0.030792 0.075000
5 0.417400 0.304630 0.024438 0.040741
5 0.405670 0.093056 0.070381 0.089815
5 0.390029 0.061111 0.029326 0.046296
5 0.554252 0.025926 0.026393 0.050000
5 0.570626 0.037037 0.027859 0.048148
5 0.684751 0.034722 0.019550 0.034259
5 0.702346 0.012037 0.016618 0.024074
5 0.590909 0.272685 0.032258 0.062037
5 0.514663 0.417593 0.018573 0.035185
5 0.526149 0.431481 0.016129 0.029630
5 0.511486 0.292593 0.021994 0.048148
5 0.500733 0.211111 0.018084 0.029630
5 0.556696 0.359722 0.026393 0.036111
5 0.639785 0.435185 0.019550 0.042593
5 0.670577 0.249074 0.028348 0.053704
5 0.595552 0.356019 0.017107 0.041667
5 0.718475 0.116667 0.027370 0.050000
5 0.713099 0.171759 0.021505 0.047222
5 0.724096 0.162500 0.016129 0.023148
5 0.691105 0.440741 0.025415 0.051852
5 0.512708 0.579630 0.028348 0.064815
5 0.534457 0.633796 0.029814 0.041667
5 0.534213 0.552315 0.021505 0.041667
5 0.543988 0.572685 0.019550 0.032407
5 0.968475 0.047222 0.029814 0.072222
5 0.953324 0.054167 0.016129 0.037963
5 0.991202 0.098148 0.015640 0.048148
5 0.886608 0.190278 0.026393 0.045370
5 0.961388 0.325463 0.030303 0.052778
5 0.989736 0.255093 0.018573 0.034259
5 0.991691 0.318519 0.014663 0.046296
5 0.933040 0.717593 0.010753 0.024074
5 0.966276 0.717130 0.021505 0.037963
5 0.960899 0.766204 0.028348 0.054630
5 0.992669 0.769444 0.013685 0.042593
5 0.996334 0.744444 0.006354 0.018519
5 0.841153 0.604630 0.018573 0.037037
5 0.826002 0.609259 0.015640 0.033333
5 0.995601 0.726389 0.007820 0.015741
5 0.856549 0.521759 0.026882 0.047222
5 0.956745 0.646759 0.024927 0.032407
5 0.931329 0.426852 0.017107 0.038889
1 0.818426 0.094907 0.111926 0.189815
1 0.784457 0.236574 0.146628 0.232407
1 0.780547 0.493519 0.140762 0.259259
1 0.761486 0.741667 0.177908 0.251852
5 0.568182 0.757870 0.021017 0.039815
5 0.609726 0.740278 0.025904 0.052778
5 0.722385 0.789815 0.027370 0.046296
5 0.719941 0.818981 0.021505 0.036111
5 0.680108 0.753704 0.027859 0.040741
5 0.704301 0.606019 0.021505 0.047222
5 0.485093 0.622222 0.035679 0.051852
5 0.532258 0.600463 0.014663 0.037963
5 0.615103 0.535648 0.023949 0.045370
5 0.570626 0.202778 0.026882 0.044444
5 0.605083 0.031944 0.020528 0.034259
5 0.640274 0.010648 0.019550 0.021296
5 0.496090 0.173148 0.015640 0.042593
5 0.521750 0.382870 0.056207 0.071296
5 0.579423 0.365741 0.012219 0.031481
5 0.688172 0.321296 0.027370 0.044444
5 0.705523 0.387963 0.029814 0.055556
5 0.711632 0.345370 0.028348 0.042593
5 0.727028 0.376852 0.015152 0.037037
1 0.295943 0.923611 0.024927 0.143519
5 0.801075 0.864352 0.046921 0.078704
5 0.601417 0.888426 0.021017 0.043519
5 0.684018 0.850463 0.026882 0.052778
5 0.709677 0.916204 0.023460 0.047222
5 0.747556 0.921759 0.019062 0.028704
3 0.755621 0.896296 0.018573 0.025926
5 0.666422 0.922222 0.026882 0.024074