5 0.194526 0.985185 0.023460 0.027778
5 0.307429 0.897222 0.013685 0.037037
5 0.985582 0.848611 0.013196 0.021296
5 0.736559 0.792130 0.017595 0.025000
5 0.375855 0.662500 0.013685 0.032407
5 0.874389 0.593981 0.011730 0.023148
5 0.669110 0.565741 0.011730 0.024074
4 0.820626 0.561111 0.021505 0.038889
5 0.931329 0.545370 0.018084 0.038889
5 0.719697 0.537037 0.014174 0.029630
5 0.850684 0.520370 0.025904 0.035185
5 0.226540 0.523148 0.029814 0.062963
5 0.102884 0.475000 0.020039 0.029630
5 0.544966 0.462037 0.020528 0.022222
5 0.567937 0.450000 0.007820 0.020370
5 0.115591 0.410648 0.010264 0.023148
0 0.494868 0.492130 0.116813 0.284259
5 0.136608 0.268056 0.009286 0.017593
5 0.342864 0.147222 0.019062 0.038889
5 0.580890 0.083796 0.012219 0.023148
5 0.776149 0.051389 0.015640 0.028704
5 0.015885 0.427778 0.014174 0.037037
5 0.032258 0.396296 0.018573 0.042593
5 0.039345 0.890278 0.027859 0.045370
5 0.197703 0.844907 0.024927 0.026852
5 0.212121 0.764352 0.026393 0.023148
5 0.211877 0.683333 0.023949 0.022222
5 0.152981 0.327778 0.012708 0.025926
5 0.175464 0.367130 0.024438 0.034259
5 0.193304 0.313889 0.021994 0.025926
4 0.066960 0.217593 0.030303 0.038889
4 0.151760 0.081944 0.021017 0.047222
5 0.249267 0.034259 0.030303 0.059259
5 0.380499 0.995833 0.016129 0.006481
5 0.372923 0.715741 0.020528 0.040741
5 0.422043 0.256481 0.017107 0.027778
5 0.444282 0.349074 0.022483 0.044444
5 0.409824 0.236574 0.016129 0.041667
5 0.535435 0.885648 0.012219 0.019444
2 0.493891 0.942593 0.062072 0.107407
2 0.516618 0.760648 0.056696 0.036111
2 0.499756 0.296296 0.068915 0.135185
2 0.449413 0.202315 0.093353 0.045370
5 0.500489 0.175000 0.014663 0.022222
5 0.543500 0.118056 0.019550 0.026852
5 0.555963 0.133796 0.020039 0.032407
3 0.551075 0.083796 0.028837 0.047222
5 0.611681 0.071759 0.024927 0.047222
5 0.627810 0.073148 0.013196 0.031481
5 0.639785 0.083333 0.014663 0.027778
5 0.656647 0.154630 0.021017 0.038889
5 0.664712 0.113426 0.019550 0.028704
5 0.691105 0.165741 0.018573 0.053704
5 0.731183 0.133333 0.013685 0.033333
5 0.721163 0.169907 0.011241 0.025000
5 0.670088 0.260648 0.009775 0.013889
5 0.734848 0.276389 0.018084 0.039815
5 0.701613 0.204167 0.013196 0.023148
5 0.649071 0.358333 0.017595 0.025926
4 0.688905 0.393056 0.032747 0.078704
5 0.683040 0.477315 0.019062 0.045370
5 0.748045 0.574074 0.028837 0.051852
5 0.682307 0.688889 0.014663 0.031481
5 0.695503 0.711574 0.016618 0.017593
5 0.757820 0.838889 0.019062 0.029630
4 0.790323 0.806481 0.030303 0.038889
5 0.855816 0.855093 0.017595 0.045370
4 0.822825 0.850463 0.058162 0.045370
3 0.786168 0.396296 0.028837 0.088889
3 0.808895 0.448611 0.027370 0.039815
4 0.842375 0.578241 0.032747 0.052778
5 0.847019 0.482870 0.012708 0.043519
5 0.896383 0.263426 0.022483 0.047222
4 0.969941 0.952315 0.023949 0.047222
5 0.936461 0.879630 0.017595 0.025926
5 0.910068 0.873148 0.014663 0.033333
5 0.907380 0.848611 0.021017 0.026852
5 0.912268 0.825000 0.021994 0.033333
4 0.921554 0.760185 0.037634 0.079630
4 0.895406 0.784722 0.034213 0.065741
4 0.871212 0.688889 0.022972 0.061111
4 0.903226 0.675463 0.040078 0.050926
5 0.928886 0.645370 0.021017 0.031481
4 0.939638 0.602315 0.043500 0.073148
5 0.910068 0.518056 0.020528 0.043519
4 0.911535 0.437963 0.026393 0.040741
5 0.924731 0.467130 0.053763 0.039815
4 0.951857 0.300000 0.021994 0.044444
4 0.963832 0.333333 0.025415 0.035185
4 0.975806 0.325000 0.021994 0.046296
4 0.972141 0.370370 0.027370 0.038889
4 0.980205 0.593056 0.032747 0.049074
5 0.903470 0.201852 0.017107 0.033333
5 0.915200 0.161574 0.021017 0.036111
5 0.983627 0.176852 0.020039 0.029630