5 0.027615 0.254630 0.035679 0.064815
5 0.034213 0.170833 0.032258 0.054630
5 0.135875 0.037963 0.027370 0.040741
5 0.215054 0.068519 0.042033 0.127778
5 0.302297 0.121296 0.035679 0.037037
5 0.258065 0.212037 0.012708 0.024074
5 0.328201 0.312963 0.021994 0.031481
5 0.281769 0.399537 0.040567 0.047222
5 0.279326 0.436111 0.030792 0.050000
5 0.327224 0.430556 0.018084 0.042593
5 0.261241 0.756944 0.013196 0.023148
5 0.255621 0.546759 0.022483 0.041667
5 0.080401 0.709259 0.037634 0.061111
5 0.158358 0.635648 0.031281 0.034259
5 0.005132 0.601389 0.010264 0.019444
5 0.015152 0.704167 0.030303 0.021296
5 0.052542 0.830093 0.033724 0.023148
5 0.028348 0.910648 0.030303 0.043519
4 0.144184 0.807870 0.025415 0.137963
5 0.568915 0.012037 0.017595 0.024074
1 0.499267 0.229167 0.033724 0.113889
5 0.526882 0.286574 0.029326 0.039815
5 0.454057 0.191204 0.009775 0.025000
1 0.489003 0.358333 0.068915 0.125926
1 0.490958 0.087037 0.134409 0.159259
1 0.486315 0.011574 0.050831 0.023148
5 0.361193 0.026389 0.027370 0.039815
1 0.470674 0.539815 0.098729 0.322222
1 0.480450 0.628704 0.097752 0.168519
5 0.537879 0.581019 0.031769 0.065741
5 0.531769 0.675463 0.017595 0.030556
5 0.443304 0.565278 0.009775 0.026852
5 0.403470 0.625463 0.008309 0.030556
1 0.493402 0.825000 0.117791 0.227778
1 0.449413 0.945370 0.132454 0.107407
5 0.626100 0.020370 0.020528 0.037037
5 0.680352 0.023611 0.004888 0.023148
5 0.631720 0.346296 0.053275 0.081481
5 0.645161 0.446296 0.031281 0.044444
5 0.719941 0.512500 0.025415 0.041667
5 0.773705 0.667593 0.043988 0.053704
5 0.833333 0.682407 0.023460 0.046296
5 0.852395 0.528704 0.042033 0.051852
5 0.801808 0.855556 0.017107 0.079630
5 0.740958 0.715741 0.016618 0.022222
5 0.908358 0.756944 0.043500 0.041667
2 0.950880 0.975463 0.053275 0.045370
5 0.935728 0.936111 0.021017 0.046296
5 0.991935 0.831481 0.012219 0.018519
5 0.976784 0.624074 0.024927 0.044444
5 0.925953 0.312963 0.026882 0.064815
5 0.877810 0.803241 0.013685 0.015741
5 0.799120 0.373611 0.028348 0.065741
5 0.794966 0.432870 0.021994 0.045370
5 0.816960 0.431944 0.019062 0.013889
5 0.779814 0.327315 0.030792 0.028704
5 0.757576 0.292130 0.027370 0.034259
5 0.762463 0.232870 0.022483 0.036111
5 0.813539 0.287963 0.039589 0.031481
5 0.818182 0.177778 0.023460 0.053704
5 0.885875 0.211574 0.028837 0.028704
5 0.842864 0.070833 0.022972 0.062037
5 0.793500 0.025463 0.017107 0.026852
5 0.708211 0.411574 0.021505 0.060185