0 0.455034 0.980093 0.013685 0.037963
5 0.330890 0.931481 0.011730 0.014815
5 0.983627 0.903704 0.009286 0.020370
5 0.022727 0.930093 0.036657 0.086111
5 0.309384 0.860648 0.010753 0.015741
5 0.373167 0.798611 0.011241 0.025000
5 0.916667 0.790278 0.009286 0.019444
5 0.158847 0.766667 0.012708 0.016667
5 0.345308 0.757407 0.010264 0.022222
5 0.351906 0.711574 0.017595 0.032407
5 0.903715 0.631019 0.016618 0.021296
5 0.368524 0.554630 0.012708 0.016667
5 0.343597 0.495833 0.030303 0.063889
5 0.100929 0.405093 0.013196 0.010185
5 0.035191 0.387963 0.014663 0.018519
5 0.317693 0.341204 0.013685 0.032407
5 0.021017 0.306481 0.013685 0.018519
5 0.061339 0.117593 0.024927 0.031481
5 0.217742 0.088889 0.008309 0.031481
5 0.019550 0.079167 0.011730 0.025000
5 0.207234 0.037500 0.020528 0.039815
5 0.082111 0.162500 0.019550 0.039815
5 0.084555 0.136574 0.024438 0.032407
5 0.142229 0.706481 0.014663 0.022222
0 0.589687 0.822685 0.239003 0.352778
5 0.624145 0.971759 0.015640 0.037963
5 0.492913 0.585185 0.009286 0.016667
5 0.502444 0.600000 0.008798 0.014815
0 0.564027 0.188426 0.183773 0.376852
0 0.603128 0.455093 0.217986 0.502778
5 0.702835 0.079167 0.023460 0.034259
5 0.782502 0.601389 0.033236 0.073148
5 0.754154 0.610648 0.014663 0.037963
5 0.777615 0.550926 0.008798 0.014815
5 0.803275 0.572685 0.010264 0.023148
5 0.667644 0.523148 0.010753 0.011111