5 0.125367 0.668056 0.009286 0.012037
5 0.200880 0.609259 0.011730 0.031481
5 0.733871 0.278704 0.027859 0.029630
5 0.435239 0.161574 0.034702 0.123148
5 0.011730 0.049074 0.008798 0.018519
5 0.047410 0.047222 0.008798 0.033333
5 0.160313 0.024074 0.010753 0.027778
2 0.425953 0.307407 0.019062 0.042593
0 0.539834 0.141204 0.058162 0.278704
5 0.567693 0.203704 0.013196 0.025926
0 0.551075 0.373611 0.099218 0.349074
0 0.423021 0.537500 0.258553 0.341667
0 0.485337 0.852315 0.142717 0.287963
0 0.389541 0.939815 0.031281 0.111111
5 0.377077 0.984722 0.022972 0.026852