5 0.419355 0.712963 0.007820 0.025926
5 0.766862 0.683333 0.018573 0.068519
5 0.023949 0.590278 0.012708 0.010185
5 0.696237 0.520833 0.025904 0.039815
5 0.990225 0.415741 0.018573 0.038889
5 0.228739 0.369907 0.039101 0.041667
5 0.693548 0.337037 0.010753 0.020370
5 0.972141 0.105093 0.020528 0.054630
5 0.138563 0.614352 0.004399 0.021296
5 0.247556 0.578704 0.013196 0.038889
5 0.004643 0.009722 0.008309 0.019444
0 0.459433 0.880556 0.240469 0.237037
0 0.383675 0.967130 0.059629 0.062037
0 0.376833 0.987037 0.033236 0.022222
0 0.512463 0.642130 0.164712 0.428704
0 0.524682 0.416667 0.260508 0.485185
0 0.543744 0.170370 0.086510 0.340741
5 0.698192 0.116204 0.004399 0.028704
5 0.781525 0.786111 0.012708 0.025926
5 0.914467 0.579630 0.032258 0.059259
5 0.700147 0.237963 0.012219 0.018519
5 0.135386 0.430093 0.021505 0.015741
5 0.285435 0.620833 0.006843 0.023148
5 0.363148 0.671759 0.010753 0.019444
5 0.086510 0.306944 0.010753 0.025000
5 0.160068 0.345370 0.009286 0.018519
5 0.031281 0.116667 0.008798 0.009259
5 0.012463 0.110648 0.008309 0.015741
5 0.008553 0.116667 0.004399 0.014815
5 0.010508 0.167593 0.006354 0.005556
5 0.019062 0.119444 0.009775 0.016667
4 0.026637 0.937963 0.053275 0.122222