5 0.126344 0.950000 0.045455 0.098148
5 0.607283 0.963889 0.028837 0.022222
5 0.807674 0.917593 0.065982 0.081481
5 0.341398 0.932870 0.043500 0.119444
5 0.235582 0.838889 0.009775 0.027778
5 0.394184 0.837037 0.021017 0.048148
5 0.767351 0.793519 0.014663 0.046296
5 0.341153 0.819444 0.060606 0.122222
5 0.902248 0.584259 0.023460 0.059259
5 0.726295 0.573611 0.023460 0.086111
5 0.318671 0.598611 0.060606 0.136111
5 0.829668 0.540741 0.016129 0.024074
5 0.885630 0.458796 0.014663 0.015741
5 0.100929 0.379167 0.022972 0.026852
5 0.725562 0.381481 0.044477 0.050000
5 0.673998 0.330093 0.016618 0.056481
5 0.351662 0.288889 0.010264 0.024074
5 0.580890 0.250463 0.027859 0.056481
5 0.620479 0.198611 0.021017 0.032407
5 0.818426 0.154630 0.014174 0.033333
5 0.884164 0.094907 0.035191 0.093519
5 0.774438 0.028241 0.025904 0.021296
5 0.628055 0.050463 0.047898 0.100926
1 0.467986 0.024537 0.043500 0.049074
5 0.376833 0.021759 0.020528 0.043519
5 0.334066 0.029167 0.038612 0.058333
5 0.102151 0.024537 0.053763 0.049074
5 0.069159 0.047685 0.020039 0.030556
5 0.317693 0.225463 0.081134 0.152778
5 0.240958 0.268056 0.061584 0.091667
5 0.269795 0.401852 0.049853 0.146296
5 0.311095 0.371759 0.054252 0.119444
5 0.121945 0.306019 0.117791 0.232407
5 0.031036 0.333333 0.060117 0.131481
5 0.030059 0.274537 0.026882 0.058333
5 0.023705 0.227778 0.039589 0.022222
5 0.065738 0.200463 0.069892 0.130556
5 0.114858 0.178704 0.052786 0.075926
1 0.465054 0.694444 0.167644 0.203704
1 0.470186 0.840278 0.129032 0.313889
5 0.652737 0.582407 0.041544 0.064815
5 0.644673 0.659259 0.057674 0.103704
5 0.400538 0.103241 0.021017 0.058333
5 0.491935 0.058796 0.020039 0.030556
1 0.450147 0.430556 0.096774 0.311111
1 0.423754 0.240741 0.103617 0.303704
1 0.456500 0.081481 0.119257 0.162963