5 0.112659 0.248148 0.046432 0.014815
5 0.197458 0.279167 0.039101 0.023148
5 0.197458 0.421296 0.032258 0.079630
5 0.086999 0.372222 0.032258 0.033333
5 0.100440 0.439815 0.020039 0.033333
5 0.159335 0.504167 0.025415 0.052778
5 0.087732 0.660185 0.058162 0.103704
5 0.012463 0.391667 0.022972 0.035185
5 0.044721 0.461111 0.022972 0.064815
5 0.019795 0.487963 0.036657 0.044444
5 0.274682 0.691204 0.026393 0.037963
5 0.300342 0.681481 0.052297 0.050000
5 0.374633 0.797685 0.015152 0.023148
5 0.402981 0.815278 0.025904 0.021296
5 0.156647 0.882870 0.064027 0.091667
5 0.342620 0.939352 0.017595 0.032407
1 0.494624 0.943981 0.091887 0.106481
1 0.473607 0.900000 0.119257 0.120370
1 0.509286 0.796296 0.078201 0.153704
1 0.457967 0.678704 0.145650 0.155556
5 0.541544 0.597222 0.028348 0.075926
5 0.613881 0.504167 0.044966 0.128704
5 0.568671 0.810648 0.021017 0.039815
5 0.592375 0.914352 0.024438 0.043519
5 0.610948 0.944907 0.014663 0.034259
5 0.342864 0.158333 0.039589 0.081481
5 0.282747 0.323611 0.031769 0.041667
5 0.324291 0.422685 0.022972 0.037963
5 0.326735 0.305093 0.033724 0.067593
5 0.352151 0.309259 0.020039 0.048148
5 0.351417 0.377315 0.043988 0.043519
5 0.376588 0.348148 0.026882 0.055556
5 0.358260 0.343519 0.011730 0.046296
5 0.479472 0.560185 0.063539 0.124074
1 0.493157 0.435648 0.173021 0.182407
1 0.451369 0.038426 0.047410 0.076852
1 0.530059 0.066204 0.065982 0.130556
1 0.514418 0.192593 0.092375 0.290741
1 0.471652 0.284722 0.097752 0.184259
5 0.484604 0.360185 0.086510 0.142593
5 0.586999 0.188426 0.021505 0.067593
5 0.651026 0.171296 0.052786 0.064815
5 0.681329 0.193519 0.027370 0.040741
5 0.676197 0.298148 0.014174 0.033333
5 0.751711 0.457870 0.024438 0.062037
5 0.813294 0.433796 0.023460 0.054630
5 0.698680 0.529167 0.050342 0.054630
5 0.667155 0.635185 0.015640 0.029630
5 0.600440 0.587963 0.048387 0.029630
5 0.827713 0.721759 0.035679 0.071296
5 0.764418 0.590278 0.032258 0.060185
5 0.830890 0.631944 0.026393 0.049074
5 0.761486 0.780556 0.044966 0.075926
5 0.774927 0.795370 0.021994 0.040741
5 0.797410 0.850000 0.049365 0.038889
5 0.774682 0.948611 0.018573 0.039815
5 0.734848 0.968519 0.020039 0.057407
5 0.746334 0.952778 0.020528 0.075926
5 0.906647 0.879167 0.018573 0.054630
1 0.966520 0.813889 0.065005 0.237037
5 0.909335 0.772222 0.015152 0.050000
5 0.912268 0.652315 0.108016 0.180556
5 0.895161 0.496759 0.130499 0.162037
5 0.758309 0.009722 0.036657 0.019444
5 0.841398 0.012500 0.034702 0.025000
5 0.791544 0.069907 0.055230 0.065741
5 0.827224 0.063889 0.064027 0.096296
5 0.750000 0.162037 0.041544 0.070370
5 0.823558 0.319907 0.048876 0.104630
5 0.889296 0.285185 0.130499 0.235185
5 0.829423 0.150000 0.024438 0.051852
5 0.792522 0.151852 0.019062 0.038889
5 0.797410 0.196296 0.033724 0.051852
5 0.809140 0.179630 0.038612 0.029630
5 0.880987 0.186574 0.038612 0.125000
5 0.933040 0.467130 0.072336 0.113889
1 0.967009 0.239815 0.058162 0.229630
1 0.977517 0.512963 0.042033 0.238889
1 0.961144 0.442130 0.068915 0.152778
1 0.980450 0.369444 0.035191 0.079630
5 0.535924 0.511111 0.015152 0.050000
5 0.672776 0.219444 0.026882 0.025926