5 0.580890 0.967593 0.035679 0.062963
5 0.344330 0.944907 0.021994 0.032407
5 0.733871 0.958333 0.038612 0.068519
5 0.138319 0.960648 0.061584 0.076852
5 0.245357 0.951389 0.019550 0.062037
5 0.849951 0.894444 0.044966 0.077778
5 0.689394 0.858333 0.025904 0.040741
5 0.894184 0.872685 0.024927 0.076852
5 0.691105 0.797222 0.020528 0.035185
5 0.953568 0.813889 0.035191 0.090741
5 0.836022 0.749074 0.046432 0.081481
5 0.920577 0.714352 0.014174 0.060185
5 0.849462 0.671759 0.012708 0.062037
5 0.353128 0.665741 0.031769 0.037037
5 0.831378 0.655556 0.019550 0.016667
5 0.949658 0.647222 0.014663 0.053704
5 0.068182 0.633796 0.036657 0.052778
5 0.216031 0.569444 0.009775 0.046296
5 0.238270 0.556481 0.010264 0.024074
5 0.840665 0.561111 0.056696 0.075926
5 0.415689 0.531944 0.008309 0.025000
5 0.752688 0.559722 0.067449 0.119444
5 0.855816 0.500926 0.044966 0.066667
5 0.669599 0.476389 0.026393 0.043519
5 0.973118 0.397222 0.011730 0.062963
5 0.760020 0.352778 0.007820 0.079630
5 0.470430 0.368056 0.021017 0.069444
3 0.010997 0.350000 0.021994 0.064815
5 0.286413 0.236111 0.039101 0.090741
5 0.599462 0.109722 0.012219 0.030556
3 0.803519 0.068519 0.048876 0.081481
3 0.440371 0.096759 0.075269 0.173148
0 0.536901 0.043981 0.106061 0.087963
5 0.194037 0.022685 0.018573 0.045370
5 0.978250 0.129167 0.042522 0.084259
5 0.956745 0.174537 0.040567 0.080556
5 0.936217 0.050000 0.064027 0.100000
5 0.929374 0.109259 0.023949 0.070370
5 0.867791 0.308796 0.044477 0.087963
5 0.839932 0.350926 0.052297 0.075926
5 0.840665 0.212037 0.037146 0.075926
5 0.835777 0.273148 0.044966 0.081481
5 0.925464 0.906481 0.038612 0.081481
5 0.941838 0.868981 0.024438 0.047222
5 0.978983 0.908796 0.038123 0.062037
5 0.967986 0.989352 0.045455 0.019444
5 0.912757 0.966204 0.045455 0.065741
5 0.939638 0.972685 0.044477 0.052778
5 0.600929 0.797685 0.042522 0.100926
5 0.576491 0.805556 0.035679 0.062963
0 0.573803 0.406481 0.195503 0.512963
5 0.516862 0.137963 0.024927 0.064815
0 0.500244 0.884259 0.113881 0.229630
0 0.576246 0.703241 0.256109 0.362037
5 0.403715 0.323148 0.022483 0.055556
5 0.383675 0.342593 0.028348 0.077778
5 0.213099 0.497685 0.019550 0.034259
3 0.707967 0.093519 0.121701 0.187037
3 0.717253 0.184722 0.070870 0.117593