1 0.783236 0.450000 0.088465 0.233333
1 0.761730 0.830093 0.059140 0.210185
1 0.241447 0.178241 0.137830 0.226852
1 0.245357 0.624537 0.069404 0.262037
1 0.240469 0.834259 0.074291 0.114815
2 0.262952 0.394444 0.087977 0.159259
2 0.297165 0.927778 0.063539 0.116667
2 0.688661 0.350463 0.075269 0.058333
2 0.709922 0.481481 0.044477 0.120370
2 0.755621 0.718981 0.129032 0.086111
2 0.689638 0.251389 0.068426 0.052778
5 0.420088 0.078704 0.038612 0.077778
5 0.539345 0.217593 0.029814 0.042593
5 0.648338 0.414815 0.025904 0.046296
5 0.466031 0.340741 0.022972 0.037037
5 0.712121 0.635648 0.032258 0.076852
5 0.695015 0.584722 0.013685 0.028704
5 0.669355 0.925000 0.030792 0.044444
5 0.565249 0.750000 0.026882 0.059259
5 0.585044 0.520833 0.029326 0.050926
5 0.656403 0.601852 0.020528 0.059259
5 0.681818 0.049074 0.030303 0.044444
5 0.435239 0.428241 0.015152 0.054630
5 0.433529 0.831481 0.023460 0.046296
5 0.197214 0.723611 0.047410 0.121296
5 0.906891 0.902778 0.038612 0.083333
5 0.971408 0.922222 0.021017 0.061111
5 0.957722 0.890741 0.026882 0.062963
5 0.903470 0.725463 0.013196 0.041667
5 0.885630 0.742130 0.024438 0.062037
5 0.934751 0.792593 0.024927 0.038889
5 0.982893 0.716667 0.016618 0.027778
5 0.973118 0.639815 0.012708 0.046296
5 0.896383 0.598148 0.027370 0.042593
5 0.833089 0.581481 0.037634 0.061111
5 0.781036 0.571296 0.025415 0.050000
5 0.957478 0.491204 0.025415 0.065741
5 0.908113 0.438889 0.029326 0.048148
5 0.982405 0.398611 0.026393 0.075000
5 0.982405 0.317130 0.026393 0.062037
5 0.916422 0.137500 0.031281 0.065741
5 0.964565 0.070833 0.034702 0.065741
5 0.568426 0.057870 0.023460 0.049074
2 0.936706 0.374074 0.030792 0.100000
5 0.992913 0.824537 0.009286 0.025000
1 0.778592 0.245370 0.136852 0.233333
1 0.759286 0.087500 0.103128 0.169444