1 0.258065 0.055093 0.066471 0.110185
1 0.235337 0.193519 0.096285 0.309259
1 0.189394 0.507407 0.171554 0.222222
1 0.254643 0.751852 0.180841 0.142593
1 0.230694 0.964352 0.044966 0.069444
1 0.777615 0.082407 0.155425 0.164815
1 0.739980 0.249537 0.105572 0.112037
1 0.740225 0.385648 0.109971 0.212037
5 0.687928 0.470833 0.036657 0.052778
1 0.756109 0.598611 0.103617 0.212037
1 0.760997 0.737963 0.151515 0.266667
5 0.695503 0.575926 0.032258 0.064815
1 0.744135 0.904167 0.111926 0.186111
5 0.966031 0.230093 0.029814 0.047222
5 0.914956 0.080093 0.026393 0.041667