0 0.655914 0.903704 0.227761 0.190741
5 0.419844 0.732870 0.014663 0.013889
5 0.988025 0.726389 0.022972 0.063889
5 0.572825 0.684722 0.006843 0.017593
5 0.601417 0.668981 0.024927 0.037963
2 0.824536 0.605556 0.035191 0.096296
5 0.838465 0.481481 0.011241 0.033333
5 0.353372 0.494444 0.028348 0.072222
5 0.407136 0.453704 0.013685 0.064815
5 0.487781 0.431019 0.019550 0.041667
5 0.622923 0.411574 0.021017 0.026852
5 0.354350 0.366667 0.009775 0.035185
5 0.428397 0.302315 0.015152 0.015741
5 0.463099 0.267593 0.014174 0.014815
5 0.394428 0.145370 0.012708 0.018519
0 0.598485 0.385648 0.196970 0.519444
5 0.091153 0.633796 0.022972 0.052778
2 0.547898 0.026389 0.027370 0.039815
5 0.830645 0.091667 0.021017 0.042593
5 0.916911 0.483796 0.020528 0.036111
2 0.965787 0.415278 0.028348 0.030556
5 0.932796 0.905093 0.028837 0.050926