5 0.078201 0.025463 0.025415 0.050926
5 0.069404 0.452315 0.063539 0.099074
5 0.201369 0.143056 0.060606 0.099074
5 0.110704 0.769444 0.041544 0.055556
5 0.072825 0.946759 0.026393 0.091667
5 0.232893 0.835648 0.052297 0.082407
5 0.325513 0.732407 0.048876 0.085185
5 0.406158 0.752315 0.043011 0.112037
5 0.395894 0.847222 0.049853 0.070370
5 0.442815 0.908333 0.020528 0.064815
0 0.579423 0.810185 0.303519 0.377778
5 0.569404 0.549537 0.042033 0.076852
5 0.600929 0.635185 0.060117 0.072222
5 0.484115 0.455093 0.028837 0.054630
5 0.678397 0.630093 0.048876 0.097222
5 0.749022 0.789815 0.057185 0.138889
5 0.786168 0.731481 0.045455 0.114815
5 0.764663 0.456481 0.041544 0.079630
5 0.802786 0.509722 0.048387 0.134259
5 0.822092 0.670370 0.044966 0.090741
5 0.905670 0.454630 0.052786 0.125926
5 0.806940 0.900463 0.070381 0.128704
5 0.825513 0.974537 0.056696 0.041667
5 0.933529 0.607870 0.021505 0.062037
5 0.986559 0.654167 0.020039 0.145370
5 0.912268 0.680556 0.020039 0.040741
5 0.973607 0.344907 0.030303 0.063889
5 0.798143 0.019444 0.037146 0.037037
5 0.641007 0.292130 0.026882 0.054630
5 0.394917 0.294444 0.055718 0.100000
5 0.448192 0.281944 0.038123 0.087963
0 0.602395 0.160648 0.182307 0.321296
5 0.570626 0.215278 0.037634 0.060185
5 0.532747 0.565278 0.019550 0.041667
0 0.709433 0.091667 0.087488 0.183333
0 0.639296 0.941204 0.248289 0.112037