5 0.067693 0.699074 0.010264 0.011111
5 0.649804 0.652778 0.023949 0.018519
5 0.933284 0.508333 0.012219 0.048148
5 0.278348 0.402315 0.013196 0.028704
5 0.829912 0.335185 0.026393 0.055556
5 0.225806 0.184259 0.013685 0.040741
5 0.356794 0.152778 0.024438 0.014815
5 0.014174 0.110185 0.028348 0.035185
5 0.718475 0.050463 0.068426 0.080556
0 0.509775 0.125463 0.234604 0.250926
5 0.009286 0.024537 0.018573 0.030556
5 0.009531 0.168519 0.019062 0.025926
5 0.358749 0.849074 0.008798 0.007407
4 0.400293 0.240741 0.026393 0.059259
5 0.383431 0.083796 0.013196 0.017593
5 0.188661 0.657870 0.020528 0.050926
0 0.482405 0.852315 0.214076 0.291667
0 0.501222 0.765741 0.261486 0.464815
5 0.935484 0.105556 0.011730 0.025926
0 0.459677 0.294907 0.349462 0.476852