1 0.245112 0.036574 0.116813 0.071296
5 0.210655 0.057870 0.061584 0.102778
1 0.215543 0.429167 0.095797 0.115741
5 0.191593 0.389352 0.020528 0.054630
1 0.235093 0.330556 0.079179 0.142593
5 0.276882 0.293056 0.026882 0.106481
5 0.361193 0.657407 0.041056 0.059259
1 0.215543 0.630556 0.137830 0.157407
1 0.196725 0.769907 0.205767 0.180556
1 0.225073 0.938889 0.129521 0.116667
5 0.338954 0.164815 0.023949 0.053704
3 0.465543 0.189352 0.026882 0.050926
5 0.369257 0.261111 0.029814 0.053704
5 0.375122 0.407407 0.024927 0.037037
5 0.385630 0.232407 0.028348 0.044444
5 0.456989 0.237037 0.027370 0.042593
3 0.378055 0.142593 0.019062 0.038889
5 0.487781 0.110648 0.019550 0.036111
5 0.558895 0.088889 0.036657 0.046296
5 0.488025 0.067130 0.027859 0.069444
5 0.542522 0.033333 0.019550 0.038889
5 0.648827 0.122222 0.029814 0.035185
5 0.672043 0.130093 0.021505 0.032407
5 0.705767 0.127778 0.022483 0.066667
5 0.554252 0.168056 0.028348 0.050926
5 0.489003 0.214352 0.025904 0.034259
5 0.469941 0.344907 0.026882 0.062037
5 0.502199 0.329167 0.025904 0.034259
5 0.488270 0.350463 0.031281 0.062037
5 0.465298 0.914815 0.025415 0.057407
5 0.480938 0.804630 0.072336 0.109259
5 0.543500 0.768519 0.030303 0.044444
5 0.475562 0.688426 0.043988 0.050926
5 0.509531 0.654167 0.032747 0.060185
5 0.495112 0.745370 0.020528 0.050000
5 0.510997 0.873148 0.024927 0.051852
5 0.468719 0.555556 0.020528 0.040741
5 0.632698 0.696759 0.032747 0.037963
5 0.695259 0.683333 0.022972 0.048148
5 0.621701 0.842593 0.020528 0.048148
5 0.650049 0.805093 0.032258 0.045370
5 0.686461 0.780093 0.021017 0.045370
5 0.570626 0.571759 0.021017 0.060185
5 0.586022 0.590278 0.027370 0.045370
5 0.654203 0.648611 0.019062 0.032407
5 0.620235 0.664352 0.030303 0.043519
1 0.734848 0.962500 0.040567 0.065741
5 0.718475 0.903241 0.020528 0.043519
5 0.809384 0.909722 0.024438 0.032407
5 0.834311 0.877778 0.019550 0.062963
5 0.822825 0.874537 0.024927 0.037963
5 0.792766 0.811111 0.015640 0.057407
1 0.750244 0.829630 0.061584 0.177778
1 0.762219 0.615741 0.118768 0.225926
5 0.900293 0.812037 0.046921 0.079630
5 0.926686 0.951852 0.039101 0.072222
5 0.972141 0.918519 0.022483 0.035185
5 0.973118 0.762500 0.027370 0.056481
5 0.922776 0.893981 0.024438 0.034259
5 0.978739 0.857870 0.018084 0.052778
5 0.870968 0.763426 0.029326 0.034259
5 0.928641 0.749074 0.023460 0.027778
5 0.925220 0.700463 0.021505 0.049074
5 0.947703 0.650000 0.025415 0.048148
5 0.982160 0.831019 0.021017 0.056481
5 0.640274 0.496296 0.021505 0.053704
5 0.675464 0.485185 0.057674 0.096296
5 0.712610 0.448611 0.037146 0.089815
5 0.705034 0.394907 0.022972 0.034259
5 0.829912 0.495833 0.029326 0.054630
5 0.815249 0.466204 0.022483 0.050926
5 0.830645 0.461574 0.018084 0.039815
5 0.776149 0.421296 0.026393 0.059259
5 0.789834 0.441204 0.015640 0.047222
5 0.800831 0.377778 0.026882 0.048148
5 0.904692 0.425463 0.030303 0.037963
5 0.868524 0.377315 0.028348 0.036111
5 0.824536 0.351389 0.023460 0.049074
5 0.663490 0.334259 0.029814 0.042593
5 0.669110 0.268519 0.025415 0.053704
5 0.660068 0.303704 0.018084 0.031481
5 0.644917 0.342593 0.022972 0.029630
1 0.726295 0.067593 0.065494 0.133333
1 0.756354 0.267130 0.156891 0.204630
5 0.787634 0.172685 0.026882 0.037963
5 0.785435 0.096296 0.018573 0.050000
5 0.966276 0.075926 0.028348 0.059259
5 0.921310 0.093056 0.022483 0.032407
5 0.934262 0.118056 0.025904 0.034259
5 0.797410 0.082407 0.018084 0.044444
5 0.769550 0.040741 0.025904 0.059259
5 0.783480 0.054630 0.025415 0.035185
5 0.835533 0.225926 0.023949 0.044444
5 0.929130 0.014352 0.015640 0.028704
3 0.886364 0.008333 0.022972 0.014815
5 0.970674 0.343981 0.030303 0.063889
5 0.957234 0.311111 0.014174 0.038889
5 0.953812 0.266667 0.015152 0.038889
5 0.938172 0.325463 0.012219 0.028704
5 0.991935 0.606944 0.013196 0.036111
5 0.899071 0.493519 0.023949 0.044444
5 0.891251 0.467130 0.017107 0.030556
5 0.925953 0.454167 0.013196 0.032407
5 0.911290 0.473611 0.030792 0.030556
5 0.960899 0.518056 0.021505 0.036111
5 0.979228 0.538889 0.032747 0.070370
3 0.989492 0.528241 0.016129 0.032407
5 0.945503 0.425926 0.031769 0.037037