5 0.702102 0.981481 0.054252 0.035185
5 0.933040 0.888889 0.044966 0.053704
5 0.664712 0.739352 0.014663 0.019444
5 0.957722 0.691204 0.014174 0.065741
5 0.333333 0.669907 0.012708 0.032407
5 0.985093 0.650000 0.025904 0.051852
5 0.530792 0.601852 0.016618 0.027778
5 0.420821 0.605093 0.012708 0.039815
3 0.111926 0.532870 0.008798 0.025000
5 0.992913 0.528241 0.013196 0.049074
5 0.889052 0.486111 0.034213 0.031481
5 0.352395 0.427778 0.023460 0.031481
5 0.691838 0.437963 0.036657 0.070370
5 0.993157 0.412963 0.012708 0.040741
5 0.576979 0.377778 0.038612 0.100000
5 0.202102 0.320833 0.016129 0.017593
5 0.404936 0.309259 0.028837 0.057407
5 0.664956 0.255556 0.016129 0.042593
5 0.959433 0.241667 0.011730 0.038889
5 0.043500 0.237037 0.030303 0.029630
5 0.978739 0.207407 0.022972 0.012963
5 0.346041 0.232407 0.039101 0.064815
5 0.442326 0.173148 0.032258 0.046296
5 0.154203 0.147685 0.031769 0.063889
5 0.957967 0.094444 0.032258 0.057407
5 0.386364 0.075926 0.021994 0.037037
5 0.947947 0.054630 0.011241 0.020370
5 0.482160 0.067593 0.020039 0.087037
5 0.991447 0.061111 0.016129 0.055556
5 0.160313 0.083796 0.035191 0.078704
5 0.153470 0.283796 0.025415 0.037963
5 0.010508 0.363426 0.021017 0.052778
5 0.084800 0.404630 0.030792 0.064815
5 0.373656 0.386574 0.022972 0.065741
5 0.425709 0.340741 0.020528 0.048148
1 0.247312 0.437037 0.096774 0.233333
5 0.232893 0.701389 0.049365 0.065741
5 0.288368 0.686111 0.029326 0.038889
5 0.365347 0.663426 0.025904 0.034259
5 0.383187 0.639815 0.015640 0.044444
5 0.391007 0.490278 0.017595 0.039815
1 0.261975 0.750000 0.055718 0.172222
1 0.255132 0.892130 0.131965 0.212037
5 0.385630 0.895370 0.032258 0.085185
2 0.206012 0.866667 0.127566 0.092593
5 0.552542 0.138889 0.018084 0.044444
5 0.619501 0.122222 0.029814 0.031481
5 0.588221 0.195370 0.020039 0.042593
5 0.591887 0.221759 0.023460 0.049074
5 0.574047 0.259722 0.024927 0.025000
5 0.645406 0.269907 0.030792 0.078704
4 0.613148 0.265741 0.029814 0.042593
5 0.631965 0.301389 0.037146 0.104630
5 0.645161 0.518981 0.043988 0.045370
5 0.678152 0.534722 0.020039 0.047222
5 0.546676 0.535185 0.021017 0.040741
5 0.508553 0.761111 0.025904 0.046296
5 0.496334 0.793056 0.028837 0.030556
5 0.663001 0.800926 0.018084 0.037037
5 0.584555 0.961574 0.022483 0.045370
5 0.597996 0.948148 0.019062 0.040741
5 0.446481 0.638426 0.018084 0.045370
5 0.498045 0.692593 0.031281 0.046296
1 0.795943 0.076852 0.105083 0.153704
1 0.778104 0.236574 0.117302 0.208333
1 0.789834 0.350926 0.101662 0.148148
1 0.802297 0.584722 0.106061 0.249074
1 0.779814 0.803704 0.132454 0.237037
1 0.776149 0.935648 0.114370 0.126852
5 0.917400 0.733333 0.029326 0.092593
5 0.934995 0.623148 0.023460 0.044444
5 0.951124 0.440741 0.032258 0.048148
5 0.907869 0.232407 0.032747 0.057407
5 0.929374 0.263889 0.016129 0.050000