1 0.252444 0.946759 0.090420 0.104630
1 0.260508 0.717593 0.078201 0.316667
5 0.576491 0.306944 0.015152 0.021296
5 0.334311 0.287963 0.019550 0.031481
5 0.772239 0.103241 0.007820 0.026852
5 0.464809 0.546296 0.024438 0.079630
5 0.493402 0.550000 0.028837 0.029630
5 0.513196 0.382870 0.029326 0.047222
5 0.543744 0.963426 0.040567 0.065741
5 0.304497 0.852778 0.021505 0.053704
4 0.208700 0.898148 0.050831 0.100000
5 0.191838 0.573148 0.047410 0.088889
4 0.187683 0.244444 0.027370 0.112963
5 0.189150 0.201389 0.030303 0.034259
5 0.387830 0.077315 0.028837 0.045370
5 0.343842 0.056019 0.026882 0.047222
5 0.505621 0.159259 0.014174 0.064815
5 0.483871 0.125926 0.033236 0.027778
5 0.524438 0.040278 0.027370 0.039815
5 0.581623 0.250463 0.030303 0.054630
5 0.838954 0.883333 0.025904 0.046296
1 0.786168 0.930093 0.099218 0.136111
1 0.796921 0.800000 0.103128 0.248148
1 0.784457 0.660648 0.162268 0.245370
5 0.700880 0.672685 0.030303 0.062037
5 0.687439 0.523148 0.021017 0.057407
5 0.794233 0.462500 0.023460 0.056481
5 0.739003 0.453241 0.024438 0.050926
5 0.695503 0.431944 0.028348 0.062037
5 0.747067 0.137037 0.031769 0.037037
5 0.711144 0.109259 0.023460 0.033333
5 0.588221 0.059259 0.023949 0.061111
5 0.225318 0.638426 0.028348 0.041667
5 0.295943 0.329630 0.036657 0.050000
5 0.352151 0.275926 0.029814 0.048148
5 0.226540 0.117593 0.021017 0.048148
5 0.211632 0.136111 0.025415 0.046296
5 0.206256 0.247222 0.019550 0.050000
5 0.280303 0.308796 0.023949 0.039815
5 0.263685 0.129630 0.028837 0.070370
5 0.230694 0.237963 0.037146 0.035185
5 0.890518 0.156019 0.019550 0.056481
5 0.929863 0.159722 0.025904 0.052778
5 0.948925 0.132407 0.016129 0.035185
5 0.946970 0.046759 0.021994 0.039815
5 0.965298 0.080093 0.017595 0.034259
5 0.014907 0.142130 0.027859 0.054630
5 0.034457 0.262500 0.024927 0.050926
5 0.964321 0.958333 0.026393 0.062963
5 0.944282 0.821296 0.024438 0.044444
5 0.413001 0.072222 0.020528 0.040741