5 0.490469 0.987963 0.022972 0.022222
5 0.392717 0.933796 0.023949 0.045370
5 0.045699 0.870833 0.014174 0.028704
5 0.201124 0.859722 0.019062 0.043519
5 0.520039 0.754167 0.026393 0.041667
5 0.086022 0.723148 0.017595 0.035185
5 0.635875 0.721296 0.011730 0.044444
5 0.609482 0.705093 0.018573 0.036111
5 0.081623 0.667130 0.012708 0.030556
5 0.195503 0.454630 0.018573 0.053704
5 0.028104 0.473148 0.044477 0.081481
5 0.234848 0.437037 0.019062 0.024074
5 0.389296 0.437500 0.039589 0.100926
5 0.043744 0.373148 0.021994 0.064815
5 0.005132 0.352315 0.010264 0.025000
5 0.421065 0.229167 0.022972 0.025000
5 0.709433 0.235185 0.048387 0.118519
5 0.203568 0.177315 0.025904 0.032407
5 0.144917 0.188889 0.030792 0.062963
5 0.245601 0.154167 0.021994 0.084259
5 0.819648 0.147685 0.041056 0.082407
5 0.212610 0.122685 0.009775 0.043519
5 0.681085 0.098148 0.010264 0.022222
5 0.938661 0.083333 0.023949 0.048148
5 0.349951 0.080093 0.036168 0.043519
5 0.910068 0.049537 0.034213 0.037963
5 0.828935 0.024537 0.025415 0.049074
5 0.800098 0.038889 0.035191 0.077778
5 0.004399 0.040278 0.008798 0.080556
5 0.084066 0.631944 0.032258 0.043519
3 0.043500 0.605093 0.077224 0.050926
5 0.063294 0.562037 0.034702 0.044444
5 0.041300 0.526389 0.014174 0.025000
5 0.229961 0.757870 0.026882 0.026852
5 0.244868 0.771296 0.028348 0.068519
5 0.087977 0.887963 0.038123 0.087037
3 0.036901 0.956481 0.073803 0.083333
5 0.075024 0.946759 0.038612 0.021296
5 0.429130 0.791667 0.066471 0.100000
5 0.357038 0.947685 0.044477 0.052778
5 0.394673 0.868519 0.050342 0.092593
5 0.359726 0.801852 0.076246 0.155556
5 0.428152 0.671759 0.068426 0.052778
5 0.444037 0.716204 0.031769 0.073148
5 0.475073 0.715741 0.062561 0.057407
5 0.493402 0.755556 0.022972 0.053704
5 0.500733 0.620370 0.019062 0.062963
5 0.256354 0.612963 0.031769 0.042593
5 0.294477 0.575463 0.051320 0.150926
5 0.478495 0.622685 0.020528 0.039815
5 0.395650 0.543519 0.019062 0.029630
5 0.271505 0.361111 0.028837 0.042593
5 0.414467 0.123611 0.043011 0.113889
5 0.443793 0.069444 0.080156 0.118519
5 0.385875 0.111111 0.016129 0.044444
5 0.519306 0.137963 0.025904 0.051852
5 0.530547 0.184722 0.025904 0.039815
5 0.378788 0.348148 0.040078 0.051852
5 0.375122 0.284722 0.022972 0.065741
5 0.392717 0.320833 0.027859 0.019444
5 0.361681 0.353704 0.011730 0.016667
5 0.568426 0.024537 0.028348 0.049074
2 0.572825 0.044907 0.090909 0.087963
5 0.475073 0.900463 0.017595 0.030556
5 0.484604 0.865741 0.049365 0.109259
5 0.498045 0.951389 0.019550 0.050926
5 0.485582 0.917130 0.011241 0.032407
1 0.566227 0.953704 0.113881 0.090741
1 0.596774 0.891667 0.158358 0.214815
5 0.697947 0.862500 0.045943 0.119444
5 0.659580 0.818056 0.010264 0.045370
5 0.673509 0.852778 0.011730 0.016667
1 0.583333 0.733333 0.143206 0.275926
1 0.587732 0.559722 0.103128 0.182407
5 0.506598 0.475000 0.044477 0.129630
5 0.527126 0.419907 0.058162 0.125000
1 0.603372 0.443519 0.069892 0.087037
1 0.564516 0.336574 0.131965 0.217593
1 0.590176 0.183796 0.106061 0.215741
5 0.641007 0.272222 0.035679 0.070370
5 0.688416 0.357870 0.070870 0.095370
5 0.733382 0.375926 0.018084 0.057407
5 0.617546 0.131019 0.020039 0.026852
5 0.634653 0.173148 0.017107 0.050000
5 0.630499 0.120370 0.010753 0.038889
5 0.666422 0.131481 0.045455 0.085185
5 0.686217 0.078241 0.030303 0.041667
5 0.726051 0.062963 0.057185 0.125926
5 0.749756 0.030556 0.048876 0.061111
5 0.779570 0.173148 0.038123 0.109259
5 0.877322 0.106481 0.020528 0.038889
5 0.831134 0.079167 0.031769 0.036111
5 0.855083 0.098611 0.021994 0.056481
5 0.989492 0.025463 0.020039 0.050926
5 0.986804 0.261111 0.025415 0.022222
5 0.994379 0.174537 0.009286 0.034259
2 0.955523 0.227315 0.011730 0.067593
5 0.988270 0.354630 0.020528 0.038889
5 0.972630 0.411574 0.053763 0.112037
5 0.660313 0.446759 0.025415 0.036111
5 0.690616 0.430556 0.067449 0.064815
5 0.741447 0.785648 0.045943 0.095370
5 0.801075 0.759259 0.023460 0.053704
5 0.780303 0.751852 0.010264 0.037037
5 0.799120 0.662500 0.013685 0.037963
5 0.811584 0.688889 0.017107 0.035185
5 0.735093 0.953241 0.045943 0.091667
5 0.767351 0.907407 0.072336 0.129630
5 0.834800 0.880093 0.073314 0.149074
5 0.870968 0.960648 0.066471 0.073148
5 0.872434 0.907407 0.016618 0.037037
5 0.880010 0.838889 0.007331 0.050000
5 0.913245 0.843981 0.056207 0.108333
5 0.867546 0.830093 0.012708 0.026852
5 0.800342 0.971759 0.026882 0.054630
5 0.822825 0.958796 0.034702 0.067593
5 0.942082 0.962500 0.049365 0.069444
5 0.978495 0.956481 0.029326 0.077778
5 0.958211 0.900463 0.018084 0.034259
5 0.961632 0.867130 0.018084 0.036111
5 0.956500 0.794907 0.029326 0.049074
5 0.956745 0.735185 0.019062 0.044444
5 0.954301 0.693981 0.025904 0.039815
5 0.958456 0.657870 0.019550 0.039815
5 0.844330 0.664352 0.070870 0.134259
5 0.890518 0.604167 0.069404 0.187963
5 0.934262 0.578241 0.031769 0.052778
5 0.935484 0.520370 0.020528 0.031481
5 0.964076 0.558796 0.041544 0.093519
5 0.989492 0.598611 0.015152 0.071296
1 0.986315 0.527778 0.026393 0.087037
5 0.959189 0.493056 0.022972 0.065741
5 0.885142 0.480093 0.023460 0.058333
5 0.828935 0.492593 0.071359 0.094444
5 0.866325 0.451852 0.021017 0.050000
5 0.793500 0.481944 0.030792 0.056481
5 0.756354 0.585185 0.057185 0.101852
5 0.725562 0.627778 0.013196 0.035185
5 0.727517 0.539815 0.025904 0.055556
5 0.748778 0.526852 0.024438 0.066667
5 0.731916 0.502778 0.026882 0.038889
5 0.764418 0.466204 0.044966 0.086111
5 0.734604 0.299537 0.013685 0.032407
5 0.821359 0.374074 0.057185 0.096296
5 0.786413 0.241667 0.063539 0.044444
5 0.798387 0.275000 0.066960 0.055556
5 0.825758 0.272685 0.042522 0.117593
5 0.842620 0.279167 0.008798 0.023148
5 0.844819 0.241667 0.009286 0.059259