5 0.965054 0.917593 0.014174 0.016667
5 0.928886 0.834722 0.018084 0.037963
5 0.580890 0.581019 0.007331 0.032407
5 0.040078 0.946759 0.019550 0.039815
0 0.494379 0.107407 0.096285 0.214815
5 0.479472 0.168981 0.387097 0.337963
0 0.463832 0.626389 0.201369 0.606481
0 0.460899 0.901852 0.178886 0.183333
5 0.704057 0.870833 0.025904 0.056481
4 0.693793 0.836111 0.035679 0.044444
4 0.735093 0.816667 0.026393 0.046296
5 0.944770 0.780093 0.024438 0.028704
5 0.880254 0.627315 0.027370 0.052778
4 0.949413 0.723148 0.071848 0.061111
4 0.947947 0.668519 0.032747 0.035185
4 0.969208 0.643056 0.054741 0.058333
4 0.958211 0.444907 0.048387 0.049074
4 0.987048 0.387500 0.022972 0.034259
5 0.964076 0.463426 0.029814 0.026852
4 0.855572 0.514352 0.024927 0.037963
5 0.956989 0.310185 0.025415 0.040741
5 0.926931 0.291667 0.016129 0.035185
5 0.903715 0.262037 0.019550 0.037037
5 0.991691 0.277315 0.015640 0.039815
5 0.949902 0.062963 0.012219 0.027778
4 0.976295 0.167130 0.042522 0.084259