5 0.590909 0.258333 0.026393 0.083333
5 0.511975 0.250000 0.024927 0.090741
5 0.579912 0.360185 0.030792 0.068519
5 0.522483 0.080093 0.029326 0.078704
5 0.465054 0.044907 0.032747 0.065741
5 0.375367 0.076389 0.025415 0.054630
5 0.303519 0.293519 0.051808 0.070370
5 0.437195 0.474074 0.071848 0.153704
5 0.915445 0.599074 0.072336 0.146296
5 0.768817 0.278241 0.017595 0.052778
5 0.931329 0.377315 0.059140 0.123148
5 0.848729 0.146759 0.061095 0.143519
5 0.669844 0.110648 0.040567 0.078704
5 0.738514 0.023611 0.043011 0.047222
0 0.600684 0.061111 0.104594 0.116667
5 0.796921 0.106019 0.038612 0.049074
5 0.796432 0.017130 0.023949 0.034259
5 0.976540 0.054630 0.040078 0.103704
5 0.979717 0.142593 0.033724 0.085185
5 0.980694 0.212500 0.027859 0.063889
5 0.984848 0.287500 0.024438 0.076852
5 0.985337 0.384722 0.023460 0.086111
5 0.884897 0.433796 0.033724 0.060185
5 0.884164 0.314352 0.021505 0.063889
5 0.669355 0.519444 0.027859 0.057407
5 0.696237 0.593056 0.019062 0.041667
5 0.633920 0.205093 0.026393 0.039815
5 0.577224 0.494907 0.036168 0.041667
0 0.554985 0.683796 0.337732 0.630556
5 0.423265 0.848148 0.048876 0.044444
5 0.477517 0.881944 0.025415 0.073148
5 0.450147 0.945370 0.021505 0.055556
5 0.109482 0.765741 0.042033 0.070370
5 0.028837 0.839815 0.033236 0.033333
5 0.054252 0.927778 0.036168 0.055556
5 0.052053 0.619907 0.026882 0.047222
5 0.086266 0.974074 0.024927 0.042593
5 0.023216 0.146759 0.015152 0.050926
5 0.015396 0.041204 0.029814 0.045370
5 0.957234 0.956944 0.063050 0.067593
5 0.028837 0.443519 0.019550 0.046296