5 0.239247 0.021759 0.025904 0.043519
5 0.277126 0.053704 0.024438 0.055556
5 0.287634 0.082407 0.031769 0.046296
1 0.238759 0.227778 0.077713 0.146296
5 0.271505 0.169444 0.028837 0.040741
1 0.216031 0.405556 0.113392 0.125926
1 0.198192 0.710185 0.121701 0.290741
1 0.198925 0.908333 0.134897 0.179630
5 0.564027 0.225000 0.021505 0.037037
5 0.574291 0.291667 0.032258 0.044444
5 0.527126 0.290278 0.025904 0.067593
5 0.520772 0.337500 0.025904 0.039815
5 0.410557 0.475000 0.032258 0.050000
5 0.475806 0.447222 0.022972 0.053704
5 0.490958 0.441667 0.021017 0.046296
5 0.472385 0.861574 0.026882 0.080556
5 0.497067 0.706944 0.026393 0.054630
5 0.502933 0.824074 0.022483 0.053704
5 0.530792 0.739815 0.024438 0.048148
5 0.533969 0.801852 0.021017 0.050000
1 0.752444 0.839815 0.097263 0.314815
5 0.749756 0.615741 0.027370 0.040741
5 0.785679 0.559259 0.022972 0.044444
5 0.685239 0.529630 0.027370 0.042593
1 0.757820 0.308796 0.166667 0.393519
5 0.878788 0.473148 0.034213 0.055556
5 0.650538 0.183333 0.037146 0.050000
5 0.670577 0.103241 0.035191 0.062037
1 0.785435 0.066667 0.128055 0.133333
5 0.912512 0.122222 0.019550 0.044444
5 0.934751 0.127778 0.024927 0.044444
5 0.937928 0.099537 0.024438 0.049074
5 0.929374 0.024074 0.021017 0.029630
5 0.941838 0.365278 0.020528 0.036111
5 0.908602 0.307407 0.015640 0.044444
5 0.976540 0.304167 0.021505 0.045370
5 0.928641 0.574074 0.023460 0.051852
5 0.897849 0.575926 0.024438 0.035185
5 0.948436 0.693981 0.029814 0.056481
5 0.991202 0.785185 0.015640 0.057407
5 0.925220 0.906944 0.026393 0.062037
5 0.934751 0.886111 0.026882 0.037037
5 0.926931 0.811574 0.020039 0.045370
5 0.943793 0.794444 0.018573 0.035185
5 0.820137 0.539815 0.016618 0.038889
5 0.717498 0.574537 0.020528 0.036111
5 0.675464 0.586111 0.019550 0.033333
5 0.711144 0.531019 0.029326 0.036111
5 0.829912 0.706944 0.022483 0.062037
5 0.335044 0.273148 0.025904 0.062963
5 0.319648 0.575000 0.032258 0.057407