5 0.378543 0.968519 0.020039 0.061111
5 0.312805 0.900463 0.042033 0.032407
5 0.545210 0.741204 0.005376 0.023148
5 0.023216 0.731019 0.006354 0.019444
4 0.132942 0.715741 0.007820 0.011111
5 0.346041 0.702778 0.026393 0.053704
5 0.694526 0.606019 0.048876 0.049074
5 0.938905 0.447222 0.066471 0.072222
5 0.076246 0.347685 0.017595 0.056481
5 0.112903 0.204167 0.024438 0.034259
5 0.045210 0.177778 0.008309 0.029630
5 0.029081 0.178241 0.007331 0.025000
4 0.356305 0.167130 0.029326 0.060185
5 0.116813 0.460648 0.024438 0.036111
5 0.327957 0.817593 0.044966 0.033333
4 0.299609 0.615741 0.046921 0.111111
5 0.172776 0.886574 0.033724 0.050926
5 0.603128 0.342130 0.022483 0.052778
0 0.628543 0.205556 0.370479 0.411111
0 0.595064 0.464352 0.193060 0.550926
5 0.338465 0.418981 0.027859 0.062037
5 0.336755 0.385185 0.018573 0.031481
5 0.342864 0.355093 0.016129 0.025000
5 0.512463 0.500000 0.047410 0.048148
5 0.501711 0.569907 0.018084 0.032407
5 0.506109 0.610185 0.015152 0.031481
5 0.464321 0.694907 0.022483 0.036111
5 0.462121 0.720833 0.019062 0.028704
0 0.625855 0.809722 0.392473 0.376852
0 0.772239 0.988426 0.090909 0.021296
5 0.827224 0.850463 0.035679 0.084259
5 0.843842 0.568981 0.076735 0.145370
5 0.624878 0.520370 0.019062 0.038889