5 0.772727 0.012037 0.037146 0.024074
1 0.777859 0.139815 0.122678 0.233333
1 0.225318 0.507870 0.098729 0.178704
1 0.246823 0.678704 0.119257 0.238889
1 0.249511 0.833333 0.135386 0.222222
1 0.778837 0.949074 0.042522 0.100000
1 0.787634 0.798148 0.106061 0.270370
1 0.780792 0.592130 0.094330 0.193519
3 0.813539 0.416204 0.121701 0.208333
1 0.766373 0.340741 0.113392 0.133333
5 0.100440 0.499537 0.027859 0.047222
3 0.110704 0.429630 0.021017 0.040741
3 0.081623 0.264352 0.027370 0.037963
1 0.238270 0.196759 0.075758 0.150926
5 0.211388 0.216204 0.033724 0.060185
5 0.294721 0.224537 0.022483 0.036111
5 0.259286 0.178241 0.014174 0.045370
5 0.099951 0.053704 0.032747 0.066667
5 0.149316 0.020833 0.013196 0.032407
5 0.411046 0.926852 0.030303 0.079630
1 0.278348 0.967593 0.060117 0.057407
5 0.477761 0.638889 0.036657 0.085185
5 0.635630 0.534722 0.027859 0.036111
5 0.641984 0.276852 0.021017 0.038889
5 0.658847 0.246296 0.036168 0.064815
3 0.817693 0.209722 0.024438 0.089815
5 0.720674 0.556481 0.021994 0.059259
5 0.861681 0.920370 0.033236 0.050000
5 0.989980 0.802778 0.019062 0.059259
5 0.943793 0.644444 0.024438 0.068519
5 0.948925 0.683333 0.018084 0.027778
5 0.975562 0.628704 0.034213 0.062963
5 0.945259 0.279630 0.028348 0.042593
5 0.880987 0.275463 0.027859 0.047222
5 0.521750 0.699537 0.035679 0.086111
5 0.413245 0.235648 0.037634 0.080556
5 0.443060 0.212500 0.033724 0.075000
5 0.434751 0.132870 0.024927 0.050926
5 0.649316 0.368056 0.034702 0.047222