5 0.863881 0.987037 0.033724 0.024074
5 0.929863 0.974537 0.027859 0.032407
1 0.987048 0.975463 0.019062 0.047222
5 0.424731 0.931481 0.063539 0.074074
5 0.161779 0.897222 0.023460 0.029630
5 0.195503 0.897685 0.034213 0.036111
5 0.015885 0.846296 0.031769 0.053704
5 0.426442 0.789815 0.027859 0.022222
5 0.238270 0.809722 0.024927 0.113889
1 0.965543 0.840278 0.067937 0.204630
5 0.449658 0.749074 0.020528 0.037037
5 0.270528 0.757870 0.042522 0.076852
5 0.718475 0.733333 0.043011 0.051852
5 0.858016 0.718519 0.017107 0.037037
5 0.426197 0.720833 0.036168 0.078704
5 0.284457 0.693981 0.041056 0.050926
5 0.892962 0.699074 0.020528 0.055556
1 0.554985 0.759722 0.119746 0.254630
5 0.576002 0.642130 0.017107 0.021296
5 0.760997 0.656944 0.022483 0.052778
5 0.736559 0.640278 0.015640 0.012037
5 0.802786 0.693056 0.075758 0.136111
5 0.079912 0.642130 0.028837 0.037963
5 0.391007 0.639352 0.015640 0.050926
1 0.981672 0.659259 0.035679 0.100000
5 0.793988 0.587963 0.027859 0.059259
5 0.424242 0.619444 0.028348 0.070370
5 0.747067 0.568519 0.047410 0.050000
5 0.898094 0.579630 0.029814 0.066667
5 0.044721 0.554630 0.009286 0.025926
5 0.014907 0.530556 0.029814 0.114815
5 0.886364 0.506481 0.007331 0.020370
5 0.403470 0.501389 0.018084 0.015741
5 0.439638 0.502778 0.024927 0.055556
5 0.246334 0.484722 0.010753 0.023148
4 0.903470 0.452315 0.016129 0.063889
5 0.359971 0.498148 0.029814 0.100000
4 0.055963 0.433333 0.017107 0.024074
5 0.411046 0.400926 0.023460 0.018519
5 0.703812 0.418519 0.027370 0.059259
5 0.310606 0.407407 0.065005 0.044444
5 0.381965 0.375926 0.010264 0.020370
5 0.495601 0.378241 0.036168 0.043519
5 0.255621 0.373148 0.037146 0.066667
2 0.123412 0.312037 0.041544 0.057407
5 0.859726 0.392130 0.080156 0.145370
5 0.698436 0.336111 0.032258 0.035185
1 0.978495 0.438426 0.042033 0.245370
5 0.887830 0.319444 0.020039 0.027778
5 0.637830 0.284722 0.016618 0.032407
5 0.728495 0.273611 0.019062 0.084259
5 0.868768 0.235185 0.015152 0.024074
5 0.072581 0.256019 0.021994 0.069444
5 0.356794 0.239352 0.037146 0.050926
5 0.700147 0.235648 0.029814 0.049074
2 0.151760 0.256019 0.048387 0.091667
5 0.630743 0.225463 0.020039 0.039815
2 0.459189 0.206944 0.007331 0.015741
3 0.723118 0.203241 0.025904 0.032407
5 0.391007 0.201389 0.036168 0.062037
5 0.052297 0.186574 0.022483 0.036111
5 0.348729 0.183333 0.039589 0.055556
5 0.856549 0.167130 0.016129 0.030556
5 0.604594 0.131481 0.017595 0.020370
5 0.698925 0.123611 0.010753 0.030556
1 0.970186 0.166204 0.058651 0.115741
5 0.348729 0.136111 0.019062 0.088889
5 0.692571 0.066204 0.019550 0.037963
5 0.886119 0.130093 0.052786 0.139815
5 0.753666 0.105093 0.049853 0.117593
4 0.079912 0.021296 0.015152 0.020370
1 0.543255 0.012963 0.039589 0.024074
5 0.385875 0.028241 0.055230 0.056481
5 0.290811 0.013889 0.061584 0.027778
1 0.558162 0.275000 0.091887 0.268519
1 0.551808 0.096759 0.137830 0.152778
5 0.315005 0.781944 0.030792 0.025000
5 0.357527 0.741667 0.045455 0.092593
5 0.272727 0.251852 0.023460 0.022222
5 0.086999 0.558796 0.027370 0.034259
5 0.105327 0.538426 0.031769 0.032407
5 0.170821 0.626852 0.021994 0.075926
5 0.209433 0.643519 0.025904 0.055556
5 0.257820 0.517130 0.017107 0.023148
4 0.041056 0.718056 0.054741 0.067593
5 0.816471 0.205556 0.021017 0.038889
5 0.803275 0.212963 0.014174 0.025926
5 0.721163 0.969444 0.042522 0.057407
5 0.558651 0.928241 0.036168 0.047222
5 0.612170 0.953241 0.029814 0.045370