5 0.363392 0.926389 0.038612 0.078704
5 0.113881 0.916204 0.023460 0.058333
5 0.407869 0.929167 0.027859 0.028704
5 0.712854 0.887037 0.022972 0.042593
5 0.825024 0.872222 0.017595 0.057407
5 0.236315 0.798611 0.049365 0.052778
5 0.871701 0.726852 0.011241 0.029630
5 0.338954 0.705093 0.024927 0.043519
5 0.841642 0.654630 0.011730 0.029630
5 0.285435 0.662500 0.024438 0.028704
5 0.339198 0.623148 0.025415 0.042593
5 0.721163 0.727778 0.119746 0.220370
5 0.733627 0.593056 0.022483 0.049074
5 0.657136 0.592130 0.014174 0.030556
5 0.224340 0.583333 0.031281 0.038889
5 0.324780 0.559722 0.020039 0.041667
5 0.462366 0.561574 0.021505 0.032407
5 0.252933 0.512963 0.018084 0.053704
5 0.921310 0.543981 0.013685 0.049074
5 0.090665 0.489815 0.046432 0.024074
5 0.022239 0.479167 0.014174 0.019444
5 0.056452 0.476852 0.019062 0.042593
5 0.319404 0.465741 0.016129 0.048148
5 0.937439 0.469444 0.025415 0.057407
5 0.383187 0.419444 0.026393 0.031481
5 0.554985 0.412037 0.035679 0.051852
5 0.194770 0.283796 0.023949 0.080556
5 0.661779 0.297685 0.021505 0.039815
5 0.812072 0.257407 0.012219 0.062963
5 0.714076 0.222685 0.017595 0.030556
5 0.738514 0.253704 0.049853 0.074074
5 0.688172 0.252315 0.043988 0.080556
5 0.028592 0.208333 0.035679 0.051852
5 0.209189 0.203704 0.045943 0.044444
5 0.759531 0.175926 0.027370 0.044444
5 0.415445 0.149537 0.015640 0.023148
5 0.469208 0.147685 0.014663 0.019444
5 0.360948 0.107407 0.025904 0.077778
5 0.721163 0.134722 0.036657 0.073148
5 0.811828 0.112963 0.025415 0.050000
5 0.041300 0.095370 0.033724 0.033333
5 0.732893 0.068519 0.020039 0.057407
5 0.787879 0.053704 0.007820 0.020370
5 0.412023 0.062500 0.017595 0.030556
5 0.100196 0.026389 0.015640 0.036111
5 0.986804 0.036111 0.025415 0.042593
5 0.050342 0.023611 0.027370 0.032407
5 0.438172 0.019444 0.025904 0.038889
5 0.376588 0.036574 0.038612 0.036111
5 0.708700 0.011111 0.016618 0.022222
5 0.401026 0.036111 0.020039 0.064815
5 0.352151 0.010185 0.012219 0.020370
5 0.009286 0.754630 0.017595 0.022222
5 0.014174 0.726389 0.012708 0.023148
5 0.186461 0.979167 0.019062 0.034259
5 0.244379 0.829167 0.014663 0.021296
5 0.105083 0.635185 0.033236 0.048148
5 0.027615 0.635185 0.020039 0.033333
5 0.038612 0.613426 0.024438 0.067593
5 0.269306 0.373148 0.021505 0.035185
5 0.103128 0.215741 0.044966 0.066667
5 0.008553 0.102315 0.016129 0.028704
5 0.240469 0.067130 0.035191 0.036111
5 0.337243 0.859722 0.026393 0.032407
5 0.336999 0.844907 0.051320 0.056481
5 0.350196 0.791667 0.038612 0.051852
5 0.358260 0.756019 0.014663 0.021296
5 0.398094 0.806019 0.073803 0.126852
5 0.423509 0.863426 0.013196 0.058333
5 0.365347 0.697685 0.053275 0.086111
5 0.392229 0.675000 0.013196 0.024074
5 0.332356 0.318056 0.011730 0.032407
5 0.338465 0.347685 0.029814 0.041667
5 0.355083 0.328241 0.013196 0.030556
5 0.373656 0.328704 0.016129 0.024074
5 0.378055 0.312963 0.019062 0.033333
5 0.361926 0.284259 0.021994 0.062963
5 0.320381 0.272685 0.018084 0.054630
5 0.335044 0.175000 0.042522 0.042593
5 0.369990 0.234259 0.029326 0.048148
5 0.367058 0.189352 0.027370 0.050926
5 0.374389 0.161111 0.037146 0.022222
5 0.361437 0.066667 0.018084 0.035185
5 0.293255 0.053704 0.022483 0.025926
5 0.442082 0.203704 0.025904 0.066667
5 0.463343 0.232870 0.021505 0.050926
0 0.489247 0.944444 0.039101 0.109259
0 0.591153 0.638889 0.345552 0.570370
5 0.487048 0.825000 0.041544 0.061111
5 0.584800 0.747685 0.026882 0.034259
5 0.582845 0.916667 0.028837 0.042593
5 0.574047 0.933796 0.020039 0.054630
5 0.600440 0.948148 0.027859 0.050000
5 0.622923 0.961574 0.016129 0.039815
0 0.493402 0.400463 0.233138 0.443519
0 0.541056 0.115741 0.316716 0.231481
5 0.529081 0.353241 0.019062 0.025000
5 0.557185 0.323148 0.028348 0.042593
5 0.585288 0.302778 0.068915 0.109259
5 0.603372 0.465278 0.062072 0.086111
5 0.592131 0.396759 0.054252 0.036111
5 0.618524 0.418519 0.058162 0.096296
5 0.636119 0.503241 0.035679 0.050926
5 0.653470 0.462500 0.032258 0.065741
5 0.667889 0.375463 0.060117 0.152778
5 0.658358 0.312500 0.016618 0.026852
5 0.606549 0.242130 0.059629 0.119444
5 0.552297 0.031481 0.028348 0.040741
5 0.603128 0.050000 0.026393 0.024074
5 0.610459 0.125463 0.020528 0.037963
5 0.635630 0.073148 0.017107 0.046296
5 0.650293 0.100000 0.028837 0.025926
5 0.663978 0.058796 0.021017 0.073148
5 0.715787 0.421296 0.025904 0.051852
5 0.735093 0.434259 0.039101 0.057407
5 0.737048 0.398611 0.038123 0.032407
5 0.732893 0.351852 0.030792 0.055556
5 0.749022 0.295370 0.009286 0.012963
5 0.753177 0.038426 0.043988 0.075000
5 0.728006 0.037500 0.018084 0.034259
5 0.755621 0.608333 0.027370 0.050000
5 0.684262 0.849537 0.020528 0.056481
5 0.633675 0.916204 0.021017 0.052778
5 0.723607 0.961574 0.050342 0.067593
5 0.754399 0.938426 0.030792 0.076852
5 0.768328 0.943056 0.043011 0.106481
5 0.796921 0.946759 0.021994 0.041667
5 0.794721 0.226852 0.016618 0.037037
5 0.793255 0.372222 0.036168 0.066667
5 0.793011 0.474537 0.014174 0.025000
5 0.803519 0.460185 0.021505 0.059259
5 0.841887 0.475000 0.020039 0.037037
5 0.819892 0.454167 0.030792 0.058333
5 0.820381 0.405093 0.028837 0.047222
5 0.819648 0.585648 0.026393 0.099074
5 0.794721 0.669444 0.016618 0.038889
5 0.813783 0.683333 0.033236 0.050000
5 0.823803 0.712037 0.019062 0.038889
5 0.826002 0.757407 0.024438 0.031481
5 0.858016 0.602778 0.052297 0.037037
5 0.891496 0.618519 0.016618 0.050000
5 0.858749 0.626389 0.026393 0.037963
5 0.876100 0.652778 0.031769 0.061111
5 0.904692 0.702315 0.039101 0.067593
5 0.928641 0.651852 0.017595 0.024074
5 0.922776 0.730093 0.019550 0.032407
5 0.895650 0.711111 0.044477 0.048148
5 0.884164 0.675463 0.023460 0.023148
5 0.851417 0.712037 0.019550 0.074074
5 0.844330 0.768056 0.013196 0.041667
5 0.895406 0.774537 0.011730 0.032407
5 0.868524 0.856481 0.026393 0.035185
5 0.878543 0.910185 0.022972 0.079630
5 0.905670 0.881019 0.014663 0.069444
5 0.897116 0.850463 0.012219 0.034259
5 0.912023 0.817130 0.032258 0.073148
5 0.930108 0.863889 0.034213 0.038889
5 0.919110 0.954630 0.016129 0.035185
5 0.901026 0.977315 0.027859 0.032407
5 0.932551 0.987963 0.033236 0.018519
5 0.952590 0.793981 0.030303 0.047222
5 0.975806 0.799537 0.029814 0.047222
5 0.986559 0.832870 0.021017 0.037963
5 0.966031 0.801852 0.021017 0.046296
5 0.925709 0.551852 0.014663 0.038889
5 0.952346 0.530093 0.023949 0.045370
5 0.903715 0.389352 0.030303 0.067593
5 0.923021 0.417593 0.021017 0.027778
5 0.914712 0.360648 0.018084 0.052778
5 0.925953 0.352778 0.022972 0.037037
5 0.948680 0.364352 0.021505 0.037963
5 0.977761 0.442130 0.042522 0.121296
5 0.988514 0.369444 0.019062 0.033333
5 0.992913 0.379167 0.012219 0.062037
5 0.886852 0.217593 0.038612 0.037037
5 0.897116 0.287037 0.024927 0.027778
5 0.922532 0.266667 0.019062 0.040741
5 0.964565 0.268056 0.031769 0.078704
5 0.986070 0.265741 0.025904 0.094444
5 0.987781 0.200926 0.022483 0.064815
5 0.981183 0.233333 0.010264 0.038889
5 0.919599 0.227778 0.041544 0.066667
5 0.877566 0.121759 0.042522 0.043519
5 0.908602 0.127778 0.027370 0.035185
5 0.936217 0.130093 0.021994 0.062037
5 0.956256 0.090741 0.021994 0.064815
5 0.937683 0.030093 0.041544 0.060185
5 0.942326 0.047685 0.013685 0.028704
5 0.910557 0.038426 0.021505 0.052778
5 0.895650 0.075926 0.021017 0.022222
5 0.908602 0.074074 0.027370 0.035185
5 0.912512 0.101852 0.022483 0.053704