5 0.318426 0.969444 0.012219 0.011111
5 0.444282 0.920833 0.020528 0.025000
5 0.274682 0.875000 0.006843 0.016667
0 0.413001 0.905556 0.099707 0.187037
5 0.344575 0.812500 0.009775 0.026852
5 0.244868 0.790278 0.008798 0.025000
5 0.812805 0.684722 0.013685 0.037963
5 0.751466 0.641204 0.008309 0.021296
5 0.318426 0.607870 0.008309 0.026852
5 0.937928 0.524074 0.010753 0.014815
5 0.085288 0.442593 0.011241 0.012963
5 0.471163 0.425000 0.012708 0.025926
5 0.059384 0.374537 0.008309 0.023148
5 0.080156 0.355093 0.011730 0.012037
5 0.030303 0.335648 0.010753 0.023148
5 0.402493 0.339352 0.046432 0.049074
5 0.084066 0.325926 0.011730 0.024074
5 0.057674 0.302315 0.008798 0.015741
5 0.022727 0.293981 0.010264 0.025000
5 0.754154 0.282870 0.035191 0.065741
5 0.408358 0.247222 0.037634 0.050000
5 0.081623 0.118519 0.018573 0.029630
5 0.746090 0.048611 0.105083 0.097222
5 0.435973 0.900000 0.010753 0.016667
5 0.400293 0.066204 0.015640 0.013889
5 0.424242 0.037037 0.010753 0.014815
3 0.739247 0.658333 0.041544 0.085185
0 0.516862 0.629630 0.267351 0.550000
0 0.562072 0.056019 0.068426 0.112037
0 0.511241 0.239815 0.334311 0.479630
0 0.471652 0.828704 0.224829 0.338889