1 0.246823 0.840278 0.210166 0.317593
5 0.492180 0.535648 0.035191 0.052778
1 0.750000 0.526852 0.086510 0.153704
5 0.684018 0.324074 0.017107 0.033333
1 0.782502 0.175463 0.097752 0.313889
1 0.754154 0.067593 0.086999 0.135185
1 0.217986 0.066667 0.135875 0.133333
1 0.251466 0.303241 0.101173 0.239815
1 0.262463 0.531481 0.113392 0.144444
5 0.211388 0.642130 0.035679 0.069444
5 0.388074 0.190741 0.033236 0.033333
5 0.421310 0.167130 0.019550 0.047222
5 0.429863 0.088889 0.065982 0.118519
5 0.413001 0.518056 0.021505 0.069444
1 0.765640 0.920833 0.134409 0.141667
1 0.771261 0.665278 0.151515 0.150926
1 0.772483 0.803241 0.110948 0.123148
5 0.700147 0.718056 0.030792 0.043519
4 0.903226 0.741667 0.020528 0.090741
5 0.947947 0.649074 0.019062 0.050000
5 0.938416 0.604167 0.028348 0.049074
5 0.919599 0.107870 0.030792 0.052778
5 0.906891 0.294444 0.018084 0.037037
5 0.891251 0.294907 0.020039 0.032407
5 0.940860 0.448611 0.023460 0.050926
5 0.988759 0.413426 0.019550 0.062037
5 0.875122 0.135185 0.026882 0.042593
5 0.885386 0.205556 0.024927 0.050000
5 0.794721 0.395833 0.040078 0.063889
5 0.705034 0.484722 0.035679 0.067593
5 0.680108 0.556944 0.033724 0.062037
5 0.575024 0.863426 0.027859 0.043519
5 0.588710 0.763889 0.024927 0.055556
5 0.542033 0.346296 0.030303 0.046296
5 0.494624 0.450926 0.021505 0.048148
5 0.547165 0.435648 0.026882 0.036111
5 0.567693 0.431944 0.019062 0.052778
5 0.576979 0.357870 0.023949 0.043519
5 0.688661 0.057407 0.028348 0.059259
5 0.549853 0.018519 0.032258 0.031481
5 0.592131 0.093981 0.026882 0.036111