5 0.084066 0.662037 0.020528 0.064815
5 0.111437 0.512500 0.012708 0.028704
2 0.032502 0.102315 0.064027 0.067593
2 0.045943 0.327778 0.091887 0.059259
2 0.019795 0.233796 0.039589 0.069444
2 0.026882 0.310185 0.043011 0.072222
0 0.424976 0.192593 0.475562 0.385185
0 0.432307 0.018519 0.008309 0.037037
0 0.428641 0.084722 0.078201 0.169444
0 0.483382 0.033333 0.021505 0.066667
0 0.560606 0.043981 0.156403 0.087963
5 0.587488 0.296759 0.021505 0.028704
5 0.661535 0.021296 0.027859 0.042593
5 0.859238 0.853241 0.036168 0.086111
2 0.793500 0.798148 0.164712 0.401852
2 0.804985 0.877315 0.033236 0.078704
5 0.623656 0.604630 0.021505 0.087037
0 0.477517 0.608796 0.307918 0.486111
0 0.457478 0.870370 0.278592 0.257407
0 0.314272 0.914815 0.144673 0.168519
0 0.384897 0.974074 0.031769 0.050000