5 0.085288 0.979167 0.018084 0.039815
5 0.479717 0.900926 0.018084 0.040741
5 0.536901 0.835185 0.014174 0.029630
5 0.878055 0.108333 0.028837 0.048148
5 0.909091 0.250000 0.022483 0.050000
5 0.916667 0.290278 0.020039 0.021296
5 0.930108 0.299537 0.012708 0.030556
5 0.899804 0.410648 0.013685 0.039815
5 0.961632 0.360648 0.024927 0.019444
5 0.867791 0.875926 0.019062 0.048148
5 0.898827 0.741204 0.018573 0.047222
5 0.929374 0.641204 0.017107 0.047222
5 0.945992 0.670370 0.020039 0.057407
5 0.896383 0.550000 0.022483 0.062963
5 0.778837 0.018981 0.016129 0.030556
5 0.760020 0.072222 0.015640 0.027778
5 0.779081 0.100926 0.049853 0.038889
5 0.718719 0.240278 0.008309 0.013889
3 0.752444 0.216204 0.028837 0.039815
5 0.781769 0.242130 0.025904 0.037963
5 0.775415 0.268056 0.021017 0.032407
5 0.786413 0.370833 0.030303 0.054630
5 0.751466 0.330556 0.031769 0.055556
5 0.762708 0.706944 0.019062 0.034259
5 0.733871 0.812500 0.035679 0.056481
5 0.760753 0.764352 0.033724 0.054630
5 0.751222 0.722222 0.034213 0.062963
5 0.751711 0.874537 0.010753 0.034259
5 0.766129 0.855093 0.017107 0.026852
5 0.708456 0.618981 0.018084 0.047222
5 0.758065 0.583333 0.018573 0.029630
5 0.732649 0.537037 0.026393 0.042593
0 0.511730 0.886111 0.367546 0.225926
5 0.566227 0.903241 0.020039 0.026852
5 0.524682 0.869907 0.021994 0.030556
5 0.552297 0.835185 0.015640 0.024074
5 0.571848 0.815741 0.018573 0.040741
5 0.549609 0.747222 0.031769 0.070370
0 0.554252 0.611574 0.152493 0.321296
5 0.233138 0.856944 0.014663 0.023148
5 0.255865 0.847685 0.038612 0.069444
5 0.265640 0.681944 0.032747 0.060185
5 0.259042 0.483796 0.022483 0.041667
5 0.269550 0.430556 0.079668 0.120370
5 0.230694 0.483796 0.034213 0.078704
5 0.251466 0.189815 0.023949 0.055556
5 0.291300 0.033333 0.090909 0.066667
5 0.264663 0.110648 0.023949 0.039815
5 0.267595 0.971296 0.066960 0.055556
5 0.409824 0.789815 0.023949 0.048148
5 0.388074 0.812037 0.025415 0.064815
5 0.459677 0.701852 0.037634 0.050000
5 0.388074 0.434259 0.028348 0.044444
4 0.416911 0.442130 0.031281 0.078704
5 0.429863 0.492130 0.021017 0.039815
5 0.380499 0.488426 0.018084 0.041667
5 0.391740 0.516204 0.015152 0.032407
5 0.398583 0.488889 0.021017 0.044444
5 0.469941 0.486111 0.020039 0.059259
5 0.488025 0.505093 0.018084 0.032407
4 0.507331 0.493981 0.023460 0.021296
5 0.624633 0.525000 0.026393 0.037037
5 0.608993 0.491667 0.020528 0.027778
5 0.620479 0.445370 0.028837 0.048148
5 0.619746 0.369907 0.029326 0.045370
5 0.510508 0.371296 0.026882 0.055556
5 0.517107 0.347685 0.038123 0.032407
5 0.482893 0.130093 0.025415 0.030556
5 0.560606 0.031019 0.023460 0.058333
0 0.589198 0.221759 0.190127 0.443519
5 0.515396 0.152778 0.019062 0.044444
5 0.515396 0.111574 0.011241 0.026852
5 0.645406 0.052315 0.017107 0.045370
5 0.602151 0.068056 0.036168 0.025000
5 0.665200 0.035648 0.009775 0.013889
5 0.550587 0.443056 0.010264 0.026852
5 0.544966 0.417130 0.010753 0.036111
5 0.426197 0.304630 0.046921 0.090741
5 0.471163 0.212037 0.023460 0.050000
5 0.374389 0.162500 0.028348 0.049074
5 0.383675 0.198148 0.019550 0.038889
5 0.023460 0.973611 0.045943 0.050926
5 0.010264 0.736574 0.020528 0.047222
5 0.015396 0.634259 0.028837 0.042593
5 0.085777 0.458796 0.050342 0.091667
5 0.103617 0.360185 0.019550 0.035185
5 0.085533 0.343519 0.020528 0.046296
5 0.082600 0.630556 0.052786 0.075926
5 0.082111 0.562963 0.018573 0.068519
5 0.135386 0.639352 0.029326 0.050926
5 0.147116 0.820370 0.031281 0.051852
5 0.094819 0.760648 0.038123 0.058333
5 0.077468 0.804167 0.027859 0.076852
5 0.130010 0.555556 0.014663 0.027778
5 0.100929 0.252778 0.021017 0.038889
5 0.135875 0.270833 0.048876 0.093519
5 0.155670 0.346759 0.031769 0.086111
5 0.127077 0.037500 0.068426 0.075000
5 0.132942 0.109259 0.018573 0.042593
5 0.152493 0.113889 0.022483 0.042593
5 0.084311 0.131019 0.032747 0.080556
5 0.179374 0.188889 0.027370 0.053704
5 0.194526 0.152315 0.044966 0.069444
5 0.218475 0.178704 0.016618 0.038889
5 0.021750 0.081944 0.021994 0.039815
5 0.012219 0.016204 0.021505 0.032407
5 0.061339 0.037037 0.029814 0.048148
5 0.009775 0.184722 0.019550 0.052778
5 0.017840 0.320370 0.035679 0.055556
5 0.030059 0.539815 0.023949 0.040741