5 0.178886 0.898148 0.016618 0.040741
5 0.642962 0.891204 0.009286 0.026852
5 0.836755 0.640278 0.035191 0.067593
5 0.771505 0.607407 0.014174 0.014815
5 0.811095 0.561574 0.015152 0.036111
5 0.165445 0.551389 0.009286 0.019444
2 0.374145 0.503704 0.019062 0.107407
5 0.243646 0.490278 0.012219 0.025000
5 0.822336 0.442593 0.010264 0.022222
5 0.031769 0.370370 0.022483 0.027778
0 0.543744 0.483796 0.220430 0.430556
5 0.735093 0.262963 0.008798 0.031481
5 0.046921 0.268056 0.013685 0.030556
5 0.055230 0.237500 0.027370 0.019444
5 0.641251 0.134722 0.017595 0.028704
5 0.640518 0.080556 0.007331 0.018519
5 0.217986 0.077315 0.009775 0.012037
0 0.503177 0.245833 0.347507 0.473148
5 0.029814 0.955556 0.006843 0.031481
5 0.431818 0.508796 0.038612 0.049074
0 0.506598 0.829630 0.208700 0.337037