5 0.079423 0.149074 0.035679 0.066667
5 0.102151 0.080556 0.017595 0.062963
5 0.122434 0.024074 0.030792 0.048148
5 0.137830 0.056019 0.013685 0.030556
5 0.128543 0.089815 0.019550 0.050000
5 0.137586 0.106019 0.021994 0.043519
5 0.132454 0.037037 0.021505 0.029630
5 0.165689 0.211111 0.033236 0.050000
5 0.155181 0.244444 0.041544 0.068519
5 0.167644 0.332870 0.015640 0.032407
5 0.107038 0.393056 0.027370 0.030556
5 0.122434 0.431481 0.035679 0.050000
5 0.128055 0.492593 0.024438 0.048148
5 0.113148 0.462963 0.029814 0.044444
5 0.121457 0.550000 0.033724 0.062963
5 0.052297 0.360185 0.030303 0.083333
5 0.045699 0.440278 0.064027 0.095370
5 0.054008 0.515741 0.030792 0.094444
5 0.070870 0.575463 0.027370 0.043519
5 0.056207 0.554630 0.014663 0.053704
5 0.104594 0.714352 0.034213 0.054630
5 0.034213 0.713426 0.021505 0.052778
5 0.098485 0.924074 0.039589 0.074074
5 0.122190 0.933333 0.012708 0.070370
5 0.138319 0.940741 0.011730 0.029630
5 0.193060 0.961574 0.027370 0.047222
5 0.123167 0.989815 0.017595 0.016667
5 0.130987 0.804167 0.032258 0.060185
5 0.164467 0.754630 0.037634 0.066667
5 0.126588 0.685648 0.022483 0.045370
5 0.173509 0.521759 0.020528 0.034259
5 0.205034 0.237037 0.053275 0.059259
5 0.221652 0.212963 0.027859 0.051852
5 0.226295 0.058333 0.018573 0.038889
5 0.257576 0.099074 0.025415 0.061111
5 0.292522 0.015278 0.037634 0.030556
5 0.331378 0.171759 0.010753 0.019444
5 0.302542 0.184259 0.043988 0.085185
5 0.304008 0.265741 0.041056 0.079630
5 0.322825 0.484722 0.032747 0.056481
5 0.262463 0.443056 0.025415 0.041667
2 0.021017 0.641204 0.035191 0.037963
5 0.079179 0.618519 0.024438 0.042593
5 0.082600 0.522685 0.023460 0.043519
5 0.093109 0.511574 0.021994 0.050926
5 0.054741 0.012037 0.013685 0.024074
5 0.052542 0.923148 0.036657 0.066667
5 0.121701 0.584722 0.041056 0.050926
5 0.198680 0.193981 0.027859 0.045370
5 0.308895 0.573148 0.041056 0.074074
5 0.290567 0.563426 0.019062 0.045370
5 0.260997 0.618519 0.041056 0.072222
5 0.284946 0.586574 0.018573 0.045370
5 0.275660 0.603241 0.016618 0.026852
5 0.301564 0.586111 0.027370 0.046296
5 0.299853 0.700463 0.043500 0.063889
5 0.244135 0.737963 0.028837 0.074074
5 0.267107 0.742130 0.012219 0.030556
5 0.271017 0.959259 0.060117 0.079630
5 0.279570 0.909259 0.050831 0.100000
5 0.292033 0.781019 0.048387 0.052778
5 0.261730 0.813426 0.022972 0.036111
5 0.277615 0.846759 0.028348 0.039815
5 0.303519 0.878704 0.041056 0.064815
5 0.396139 0.877778 0.021994 0.046296
5 0.344086 0.855556 0.049853 0.083333
5 0.342131 0.806019 0.020528 0.026852
5 0.424242 0.733796 0.010753 0.030556
5 0.475318 0.681019 0.023949 0.036111
5 0.439638 0.519907 0.033724 0.056481
5 0.413001 0.238426 0.055718 0.080556
5 0.429374 0.200000 0.018084 0.025926
5 0.474096 0.760648 0.024438 0.041667
2 0.549853 0.906481 0.027370 0.057407
5 0.580645 0.843981 0.022483 0.034259
5 0.562072 0.773611 0.021505 0.032407
5 0.532258 0.662500 0.020528 0.037963
5 0.537146 0.633333 0.024438 0.016667
5 0.591642 0.654167 0.032747 0.043519
5 0.586999 0.675926 0.021505 0.027778
5 0.538123 0.340741 0.017595 0.025926
5 0.546432 0.364352 0.024438 0.036111
5 0.668622 0.099074 0.017595 0.042593
5 0.663245 0.011574 0.019550 0.023148
5 0.681818 0.140741 0.024438 0.038889
5 0.656403 0.143519 0.027370 0.040741
4 0.702590 0.749074 0.042522 0.072222
5 0.778592 0.981944 0.025415 0.034259
5 0.769062 0.906944 0.020039 0.037963
5 0.787146 0.905556 0.021017 0.037037
5 0.769306 0.825463 0.015640 0.030556
5 0.764907 0.614815 0.016618 0.035185
5 0.792033 0.588889 0.021994 0.040741
5 0.750489 0.024074 0.019062 0.038889
5 0.774194 0.017130 0.025415 0.034259
5 0.785679 0.134259 0.022972 0.057407
5 0.801564 0.202315 0.039101 0.073148
5 0.824536 0.843056 0.011730 0.037963
5 0.834066 0.488889 0.022972 0.042593
5 0.825513 0.388426 0.023460 0.041667
5 0.899316 0.016667 0.026393 0.025926
5 0.981672 0.054630 0.029814 0.051852
5 0.940860 0.169907 0.023460 0.034259
5 0.992913 0.214815 0.013196 0.031481
5 0.917400 0.375463 0.025415 0.041667
5 0.938416 0.411574 0.031281 0.047222
4 0.933773 0.387500 0.036657 0.150926
5 0.953079 0.541667 0.030303 0.050000
5 0.970919 0.530556 0.016129 0.027778
5 0.989003 0.486574 0.021017 0.049074
5 0.989492 0.372685 0.020039 0.082407
5 0.931818 0.300463 0.015152 0.019444
5 0.990714 0.897222 0.017595 0.031481
5 0.989736 0.758796 0.018573 0.060185
5 0.972385 0.673611 0.015152 0.032407
5 0.989736 0.693519 0.019550 0.044444
5 0.987048 0.699537 0.023949 0.047222
5 0.961388 0.699537 0.017595 0.039815
5 0.960411 0.731019 0.005865 0.037963
5 0.921310 0.683796 0.017595 0.030556
5 0.911779 0.617130 0.030792 0.056481
5 0.921799 0.626389 0.027370 0.052778
5 0.902248 0.780093 0.019550 0.041667
5 0.923509 0.751852 0.030792 0.072222
5 0.922776 0.836111 0.031281 0.046296
0 0.481672 0.208796 0.408113 0.417593
0 0.540567 0.476852 0.323558 0.548148
5 0.335777 0.612500 0.018573 0.036111
5 0.288612 0.628241 0.027859 0.060185
3 0.665934 0.973611 0.021994 0.049074
0 0.507331 0.852778 0.314761 0.292593
5 0.686950 0.015278 0.018084 0.030556
5 0.697214 0.013426 0.017107 0.025000