1 0.222385 0.856019 0.153470 0.286111
5 0.337732 0.655556 0.009775 0.029630
5 0.452346 0.224537 0.010264 0.021296
5 0.668866 0.079167 0.031769 0.049074
1 0.206745 0.142593 0.187683 0.285185
5 0.083333 0.333796 0.049365 0.036111
5 0.241691 0.361574 0.049365 0.106481
5 0.368035 0.352315 0.014663 0.063889
1 0.737292 0.372685 0.096285 0.225000
1 0.736315 0.524074 0.097263 0.222222
1 0.761241 0.882870 0.139296 0.228704
1 0.747556 0.710185 0.108016 0.209259
1 0.765885 0.107870 0.162268 0.215741
1 0.803275 0.216667 0.135386 0.131481
2 0.674487 0.925000 0.106549 0.129630
5 0.401760 0.699537 0.026393 0.067593
5 0.531036 0.331944 0.025904 0.054630
5 0.442326 0.270833 0.035191 0.076852
5 0.466031 0.183796 0.024927 0.065741
5 0.509042 0.124537 0.030792 0.047222
5 0.456256 0.531481 0.027859 0.050000
2 0.237537 0.557870 0.047898 0.102778
2 0.282014 0.475926 0.056696 0.153704
5 0.938172 0.052315 0.027859 0.058333
5 0.980205 0.451852 0.031769 0.066667
5 0.965543 0.410648 0.031769 0.041667
5 0.901271 0.347222 0.033236 0.055556
5 0.945259 0.340278 0.020528 0.037963
5 0.905425 0.188889 0.035679 0.072222
5 0.967498 0.344907 0.024927 0.041667
5 0.908113 0.705556 0.026393 0.051852
5 0.986070 0.279630 0.023949 0.046296
5 0.690860 0.180556 0.019062 0.044444
5 0.972630 0.878704 0.031281 0.062963