5 0.196237 0.931481 0.006354 0.020370
5 0.582600 0.431944 0.004888 0.013889
4 0.111681 0.227778 0.032747 0.066667
4 0.195992 0.148148 0.037146 0.083333
4 0.185728 0.075926 0.032258 0.042593
2 0.223363 0.035648 0.054741 0.067593
5 0.262708 0.217130 0.022972 0.036111
2 0.244624 0.173148 0.057185 0.042593
1 0.215054 0.302778 0.130987 0.146296
1 0.224096 0.479630 0.054252 0.242593
2 0.211632 0.543056 0.049853 0.065741
1 0.227028 0.693519 0.107038 0.179630
1 0.220674 0.910185 0.069892 0.177778
2 0.208456 0.878704 0.119746 0.142593
4 0.118035 0.612963 0.043500 0.087037
5 0.416911 0.868056 0.022483 0.043519
5 0.477028 0.543981 0.019550 0.039815
4 0.368280 0.688889 0.070870 0.094444
5 0.382942 0.459259 0.024927 0.053704
5 0.565005 0.717130 0.014663 0.049074
5 0.629765 0.227778 0.018084 0.057407
4 0.694282 0.203704 0.050342 0.105556
5 0.794233 0.045370 0.032258 0.050000
1 0.753666 0.133333 0.094819 0.246296
1 0.750489 0.342130 0.147116 0.189815
5 0.794721 0.616667 0.021505 0.033333
2 0.733627 0.655093 0.056696 0.184259
1 0.726784 0.474074 0.107527 0.262963
1 0.757820 0.963889 0.062072 0.070370
5 0.802053 0.893981 0.021505 0.032407
1 0.744868 0.815741 0.151515 0.259259
5 0.971408 0.654630 0.020039 0.018519
5 0.934262 0.510648 0.029814 0.047222
4 0.986559 0.213889 0.025904 0.053704
5 0.935973 0.251852 0.026393 0.051852
5 0.972141 0.431944 0.026393 0.041667