3 0.639296 0.949537 0.013685 0.036111
5 0.272483 0.937500 0.044477 0.050926
5 0.063783 0.916667 0.028837 0.048148
5 0.684262 0.887500 0.043011 0.041667
5 0.581867 0.862500 0.014174 0.015741
5 0.478495 0.779167 0.007820 0.025000
5 0.015640 0.676389 0.031281 0.039815
5 0.359971 0.627315 0.007331 0.021296
5 0.399560 0.636574 0.055230 0.106481
5 0.044721 0.567130 0.011241 0.030556
5 0.777126 0.444907 0.023460 0.063889
5 0.200635 0.418519 0.010264 0.024074
5 0.728250 0.416667 0.017595 0.037037
5 0.501466 0.373611 0.006843 0.019444
5 0.021994 0.361111 0.040078 0.038889
0 0.567449 0.305093 0.051808 0.082407
5 0.116080 0.266204 0.029814 0.037963
0 0.991202 0.248148 0.016618 0.050000
3 0.593109 0.222222 0.009286 0.025926
3 0.666178 0.112500 0.010753 0.019444
5 0.809873 0.128704 0.021505 0.053704
5 0.421065 0.072222 0.008309 0.020370
5 0.288856 0.031481 0.016618 0.053704
5 0.038856 0.228241 0.028837 0.050926
5 0.057429 0.200463 0.030792 0.052778
5 0.023460 0.917130 0.046921 0.106481
5 0.011975 0.862037 0.022972 0.024074
3 0.037146 0.856019 0.035191 0.025000
5 0.355572 0.805093 0.036657 0.045370
3 0.015152 0.634722 0.011730 0.021296
3 0.037146 0.635648 0.037146 0.049074
3 0.030547 0.647685 0.011241 0.025000
5 0.019550 0.752315 0.023460 0.062037
5 0.046432 0.755093 0.033236 0.045370
5 0.070626 0.791667 0.040567 0.035185
0 0.517107 0.851852 0.179863 0.294444
5 0.524927 0.946759 0.025415 0.050926
0 0.470186 0.543056 0.220919 0.360185
5 0.441349 0.151389 0.024438 0.052778
5 0.741202 0.660648 0.063050 0.069444