5 0.950880 0.989352 0.012219 0.019444
5 0.016862 0.892130 0.012219 0.034259
2 0.880987 0.864815 0.026882 0.051852
2 0.394428 0.884259 0.022483 0.066667
5 0.172776 0.846759 0.013196 0.047222
5 0.801320 0.820370 0.020039 0.031481
5 0.135630 0.789815 0.017107 0.033333
5 0.597263 0.749074 0.023460 0.053704
5 0.754154 0.723611 0.017595 0.030556
5 0.986559 0.661574 0.025904 0.073148
5 0.092864 0.683796 0.023460 0.063889
2 0.586266 0.628241 0.058162 0.039815
5 0.054252 0.625463 0.042033 0.069444
5 0.463099 0.516204 0.010264 0.021296
5 0.946970 0.528704 0.021017 0.050000
5 0.424976 0.491667 0.008309 0.024074
5 0.621212 0.449074 0.010753 0.014815
5 0.195748 0.456944 0.019062 0.036111
5 0.500000 0.443519 0.016618 0.024074
5 0.980694 0.392593 0.037634 0.050000
2 0.891984 0.366667 0.032258 0.033333
5 0.551320 0.345370 0.015640 0.033333
5 0.916422 0.335648 0.019550 0.021296
5 0.105083 0.319444 0.019550 0.042593
2 0.791544 0.308333 0.011241 0.027778
5 0.873412 0.290741 0.020528 0.031481
5 0.441838 0.266204 0.010753 0.021296
2 0.891251 0.235185 0.007331 0.035185
5 0.730205 0.210648 0.008798 0.017593
5 0.852151 0.209259 0.021017 0.037037
5 0.933773 0.181481 0.011241 0.018519
5 0.991202 0.190741 0.014663 0.044444
5 0.765396 0.166667 0.019550 0.020370
5 0.249756 0.152315 0.013685 0.039815
5 0.777126 0.131019 0.011730 0.032407
5 0.652493 0.093056 0.024438 0.050926
5 0.514663 0.108796 0.012708 0.026852
5 0.621212 0.064352 0.016618 0.039815
5 0.980938 0.043519 0.010753 0.033333
2 0.653470 0.029630 0.021505 0.027778
2 0.874633 0.032407 0.018084 0.050000
2 0.894184 0.010648 0.020039 0.021296
5 0.741935 0.008796 0.014663 0.017593
2 0.532747 0.020370 0.034213 0.027778
5 0.267595 0.007870 0.020039 0.015741
5 0.149560 0.061111 0.016618 0.040741
5 0.048143 0.444907 0.021994 0.062037
2 0.022727 0.519907 0.045455 0.086111
5 0.485337 0.681944 0.018573 0.023148
2 0.467742 0.729167 0.058651 0.087963
0 0.554741 0.837500 0.113392 0.319444
0 0.507331 0.559259 0.329423 0.387037
5 0.463343 0.659259 0.026393 0.025926
5 0.457234 0.635185 0.016129 0.038889
5 0.409580 0.663889 0.019550 0.038889
5 0.619013 0.148611 0.019062 0.041667
5 0.489492 0.375000 0.023949 0.048148
2 0.438905 0.007870 0.060606 0.013889
0 0.554985 0.296296 0.320137 0.379630
2 0.540078 0.106944 0.064516 0.080556
2 0.572581 0.140278 0.087488 0.097222
2 0.739247 0.149537 0.056207 0.067593
5 0.988759 0.318981 0.020528 0.028704
5 0.974340 0.435185 0.015152 0.020370
5 0.966031 0.186111 0.015152 0.029630
5 0.950880 0.165741 0.019062 0.031481
5 0.889541 0.087500 0.017595 0.041667
5 0.974096 0.687963 0.021505 0.027778
5 0.857038 0.788426 0.016129 0.021296