5 0.489736 0.307870 0.016618 0.076852
1 0.540078 0.365741 0.080156 0.296296
5 0.532747 0.531944 0.019550 0.089815
5 0.573069 0.571759 0.053275 0.076852
5 0.450391 0.526389 0.049365 0.104630
5 0.428397 0.404167 0.031769 0.054630
5 0.364370 0.495833 0.020039 0.030556
5 0.356305 0.282870 0.095797 0.134259
5 0.299365 0.417593 0.038612 0.059259
5 0.304252 0.574074 0.047410 0.059259
5 0.262952 0.550926 0.039101 0.057407
5 0.241691 0.590278 0.034702 0.047222
5 0.269795 0.506481 0.035191 0.035185
5 0.202835 0.737963 0.026393 0.035185
5 0.160557 0.817130 0.046432 0.043519
5 0.286413 0.761111 0.049853 0.120370
5 0.327957 0.742130 0.023460 0.049074
5 0.276882 0.881944 0.041544 0.095370
5 0.329423 0.846296 0.073314 0.138889
5 0.397116 0.760648 0.028837 0.054630
5 0.381965 0.875463 0.015152 0.028704
5 0.403715 0.918981 0.031281 0.067593
5 0.288368 0.963426 0.045943 0.067593
5 0.608260 0.888889 0.050342 0.072222
5 0.550831 0.912500 0.040078 0.045370
1 0.500000 0.948148 0.137830 0.101852
5 0.658847 0.670833 0.045943 0.050926
5 0.668133 0.488426 0.060606 0.089815
5 0.639052 0.461111 0.018084 0.024074
5 0.799120 0.698148 0.025415 0.025926
5 0.820137 0.936111 0.055718 0.096296
5 0.848729 0.757870 0.023949 0.043519
5 0.915934 0.768519 0.012708 0.029630
5 0.874145 0.949074 0.021994 0.044444
5 0.890518 0.965741 0.015640 0.050000
5 0.852639 0.588889 0.014174 0.059259
5 0.809384 0.443981 0.017595 0.095370
5 0.791056 0.400000 0.027859 0.037037
5 0.842864 0.425463 0.038612 0.052778
5 0.744868 0.387963 0.020528 0.044444
5 0.884164 0.500926 0.030303 0.072222
5 0.966031 0.696759 0.013196 0.037963
5 0.656403 0.329630 0.032258 0.059259
5 0.694770 0.232407 0.063050 0.090741
5 0.757576 0.205093 0.065494 0.078704
5 0.826735 0.042130 0.038612 0.065741
5 0.812072 0.154630 0.034702 0.038889
5 0.898338 0.187500 0.023460 0.043519
5 0.655914 0.062037 0.033236 0.061111
5 0.677908 0.031481 0.019550 0.031481
5 0.547898 0.223148 0.034213 0.057407
5 0.580401 0.329630 0.013196 0.062963
1 0.539101 0.168519 0.133920 0.146296
5 0.528348 0.085185 0.036168 0.062963
5 0.541056 0.016204 0.029326 0.030556
5 0.562317 0.015741 0.014174 0.025926
5 0.506598 0.015278 0.027859 0.028704
5 0.633431 0.181944 0.013685 0.019444
5 0.240225 0.053704 0.070870 0.101852
5 0.216520 0.084259 0.013685 0.025926
5 0.208700 0.168981 0.041056 0.121296
5 0.256843 0.244907 0.027859 0.084259
5 0.284946 0.267593 0.020528 0.059259
5 0.254888 0.396296 0.021017 0.022222
5 0.182796 0.403241 0.023460 0.049074
5 0.153470 0.410185 0.025415 0.048148
5 0.160068 0.292130 0.067937 0.093519
5 0.094575 0.296296 0.034702 0.068519
1 0.024438 0.067593 0.048876 0.135185
5 0.039834 0.128241 0.030792 0.047222
5 0.066716 0.193519 0.027859 0.048148
5 0.009042 0.276389 0.018084 0.041667
5 0.003177 0.329167 0.006354 0.054630
5 0.059629 0.231019 0.018573 0.028704
1 0.016862 0.437963 0.033724 0.105556
5 0.011730 0.520370 0.023460 0.048148
5 0.103617 0.509259 0.046921 0.105556
5 0.050831 0.619907 0.075269 0.112037
1 0.013685 0.787037 0.027370 0.162963
1 0.008309 0.937500 0.016618 0.123148
5 0.078690 0.942130 0.033236 0.100926
5 0.098240 0.882870 0.017595 0.026852
5 0.099951 0.658333 0.016129 0.053704
5 0.057185 0.412037 0.027370 0.053704
5 0.473607 0.767593 0.033236 0.111111
1 0.545455 0.752778 0.157380 0.268519
5 0.502688 0.852778 0.047410 0.105556