5 0.747312 0.924537 0.008798 0.025000
5 0.855327 0.773611 0.007820 0.017593
5 0.644428 0.704630 0.015152 0.012963
5 0.807429 0.696296 0.019550 0.033333
5 0.924976 0.462037 0.015152 0.031481
5 0.905914 0.397222 0.013196 0.033333
5 0.317204 0.182407 0.008798 0.033333
5 0.075758 0.114815 0.038123 0.075926
5 0.023949 0.254630 0.024438 0.048148
5 0.089932 0.802315 0.037146 0.078704
3 0.345797 0.511574 0.022972 0.049074
0 0.559140 0.937037 0.090909 0.124074
0 0.646139 0.923611 0.161290 0.150926
0 0.560606 0.647685 0.115347 0.676852
5 0.575513 0.520370 0.024927 0.048148
0 0.748534 0.988889 0.048387 0.018519
0 0.619746 0.310648 0.277615 0.304630
0 0.537390 0.061111 0.097263 0.122222
5 0.956012 0.869444 0.021505 0.035185
5 0.924487 0.827778 0.020039 0.053704
5 0.919844 0.681944 0.015640 0.045370
5 0.962854 0.016204 0.018573 0.028704
5 0.960655 0.129167 0.012219 0.025000