5 0.015640 0.111574 0.020528 0.043519
5 0.088710 0.022222 0.050342 0.040741
5 0.143939 0.017593 0.040567 0.035185
5 0.098485 0.137963 0.038612 0.057407
5 0.082111 0.175000 0.025415 0.059259
5 0.091642 0.216204 0.042522 0.032407
5 0.145406 0.255556 0.019062 0.051852
5 0.149560 0.191204 0.032258 0.049074
5 0.269062 0.052778 0.032747 0.074074
5 0.251711 0.232870 0.019550 0.045370
5 0.256843 0.210185 0.032747 0.064815
5 0.091887 0.356019 0.013685 0.039815
5 0.005865 0.190278 0.011730 0.039815
5 0.006843 0.286111 0.013685 0.042593
5 0.006598 0.343056 0.011241 0.037963
5 0.043500 0.384259 0.034213 0.046296
5 0.038612 0.346759 0.023460 0.047222
5 0.016862 0.347222 0.017107 0.051852
5 0.268817 0.373611 0.047898 0.086111
5 0.303763 0.365278 0.021017 0.054630
5 0.110948 0.493056 0.025415 0.049074
5 0.081134 0.487500 0.029326 0.052778
5 0.095552 0.577778 0.026882 0.064815
5 0.182063 0.506019 0.024927 0.041667
5 0.218964 0.471296 0.026393 0.033333
5 0.246334 0.436111 0.020528 0.037037
5 0.030303 0.572222 0.029326 0.038889
5 0.051075 0.547685 0.028837 0.050926
5 0.066471 0.568519 0.021505 0.059259
5 0.118035 0.652315 0.027859 0.037963
5 0.249267 0.496296 0.031281 0.068519
5 0.272483 0.498148 0.017107 0.020370
5 0.247556 0.540278 0.021994 0.043519
5 0.270772 0.569444 0.020528 0.051852
5 0.234115 0.640278 0.035191 0.054630
5 0.270283 0.641667 0.023460 0.068519
5 0.246090 0.664352 0.020039 0.025000
5 0.366569 0.422222 0.015640 0.044444
5 0.391007 0.431019 0.026393 0.032407
5 0.257820 0.798611 0.030792 0.056481
5 0.036901 0.781019 0.021994 0.049074
5 0.030303 0.704167 0.057674 0.093519
5 0.028348 0.742130 0.023460 0.032407
5 0.022727 0.654167 0.026882 0.062037
5 0.018084 0.889352 0.031281 0.049074
5 0.153959 0.760185 0.010753 0.022222
5 0.127566 0.875463 0.030303 0.076852
5 0.018328 0.975000 0.035679 0.046296
5 0.067937 0.968519 0.015640 0.046296
5 0.089198 0.968981 0.029814 0.056481
5 0.257331 0.936111 0.040567 0.053704
5 0.245846 0.984259 0.039101 0.029630
0 0.502444 0.892130 0.389052 0.213889
5 0.738514 0.832870 0.045943 0.093519
5 0.748045 0.712037 0.028837 0.040741
5 0.730205 0.655556 0.014663 0.046296
5 0.482405 0.690278 0.036168 0.049074
0 0.533236 0.602315 0.233627 0.523148
5 0.510508 0.597222 0.022972 0.050000
5 0.503910 0.563426 0.022483 0.026852
5 0.563783 0.485185 0.016129 0.025926
5 0.391740 0.183333 0.032747 0.059259
5 0.416178 0.172222 0.018084 0.051852
5 0.439638 0.384722 0.026882 0.052778
5 0.493646 0.343519 0.025415 0.040741
5 0.442815 0.316667 0.020528 0.025926
5 0.531281 0.346296 0.015640 0.042593
5 0.492669 0.390741 0.028348 0.053704
0 0.490958 0.249074 0.324047 0.281481
5 0.514907 0.327778 0.013196 0.037037
5 0.458211 0.075926 0.041544 0.062963
5 0.547898 0.121759 0.038123 0.060185
5 0.559384 0.182870 0.024927 0.047222
5 0.556452 0.212963 0.015152 0.027778
5 0.577957 0.200463 0.028837 0.058333
5 0.607283 0.213426 0.029814 0.073148
5 0.616080 0.152315 0.028837 0.049074
0 0.522239 0.045833 0.079668 0.091667
0 0.590176 0.058796 0.065982 0.115741
5 0.709922 0.015741 0.020039 0.031481
5 0.924731 0.059722 0.016618 0.045370
5 0.946481 0.098148 0.023949 0.062963
5 0.899316 0.154167 0.021505 0.062037
5 0.915934 0.122222 0.017595 0.027778
5 0.732405 0.199537 0.037634 0.054630
5 0.743402 0.225926 0.014663 0.053704
5 0.757087 0.265278 0.019550 0.036111
5 0.760753 0.159722 0.036657 0.058333
5 0.745357 0.110185 0.049853 0.055556
5 0.866813 0.287037 0.020039 0.048148
5 0.752688 0.351389 0.019550 0.036111
5 0.744868 0.396296 0.035191 0.046296
5 0.820870 0.409722 0.016129 0.043519
5 0.906891 0.388426 0.011241 0.037963
5 0.916422 0.343519 0.008798 0.031481
5 0.964321 0.354167 0.011730 0.028704
5 0.991935 0.163889 0.014174 0.029630
5 0.989980 0.343056 0.015152 0.032407
5 0.986559 0.454630 0.017107 0.025926
5 0.894184 0.471296 0.018084 0.042593
5 0.908602 0.485185 0.019550 0.048148
5 0.803519 0.483333 0.022483 0.027778
5 0.744379 0.544907 0.022483 0.050926
5 0.724829 0.542593 0.014663 0.053704
5 0.717742 0.499537 0.017107 0.028704
5 0.809140 0.524074 0.031769 0.046296
5 0.962854 0.556481 0.024438 0.046296
5 0.989980 0.650000 0.018084 0.053704
5 0.966031 0.605556 0.026882 0.051852
5 0.935728 0.656481 0.014174 0.024074
5 0.963099 0.724537 0.018084 0.037963
5 0.926686 0.700000 0.032258 0.048148
5 0.887830 0.652778 0.022972 0.059259
5 0.850684 0.650000 0.029814 0.072222
5 0.862414 0.575926 0.015152 0.040741
5 0.884897 0.530556 0.034702 0.070370
5 0.873900 0.556944 0.025415 0.050926
5 0.858504 0.796296 0.017107 0.042593
5 0.876344 0.850463 0.043988 0.065741
5 0.904936 0.823611 0.022972 0.037963
5 0.925464 0.797222 0.023949 0.037037
5 0.944770 0.828241 0.035191 0.047222
5 0.936461 0.876852 0.031281 0.037037
5 0.944037 0.908796 0.021994 0.054630
5 0.917889 0.949074 0.029326 0.079630
5 0.889785 0.023148 0.009286 0.037037
5 0.260997 0.307870 0.016618 0.039815
5 0.204545 0.466204 0.018084 0.025000
5 0.791789 0.439815 0.009775 0.033333
5 0.668133 0.278704 0.010753 0.033333
5 0.690371 0.246759 0.013196 0.028704
5 0.758065 0.620370 0.023460 0.029630
5 0.779814 0.919907 0.014174 0.034259