5 0.241447 0.884722 0.055718 0.106481
5 0.129521 0.707870 0.021505 0.050926
0 0.531769 0.023611 0.195503 0.047222
5 0.582600 0.133796 0.026393 0.078704
5 0.543744 0.889815 0.038612 0.090741
5 0.722385 0.545370 0.101662 0.203704
5 0.694282 0.256481 0.036657 0.074074
5 0.810117 0.209722 0.036657 0.023148
5 0.793988 0.120370 0.063050 0.105556
0 0.430108 0.448611 0.294233 0.573148
0 0.582111 0.618981 0.349951 0.306481
0 0.454057 0.967130 0.142717 0.063889
0 0.591398 0.954167 0.051808 0.084259
0 0.663245 0.941667 0.074291 0.111111
5 0.475806 0.937963 0.032747 0.064815
5 0.967986 0.111574 0.025904 0.043519