5 0.052542 0.098148 0.040567 0.081481
5 0.075513 0.221759 0.044477 0.097222
5 0.036657 0.206944 0.027370 0.041667
5 0.046432 0.317593 0.032258 0.038889
5 0.034213 0.390278 0.032258 0.032407
5 0.066716 0.523611 0.023949 0.047222
5 0.109482 0.481019 0.029326 0.065741
5 0.018817 0.555093 0.036657 0.045370
5 0.111437 0.021759 0.037146 0.043519
5 0.016862 0.940741 0.023949 0.035185
5 0.239980 0.969444 0.030303 0.046296
5 0.312805 0.916204 0.038123 0.060185
5 0.332356 0.810648 0.028348 0.060185
5 0.367791 0.919444 0.026882 0.059259
5 0.349951 0.403241 0.048876 0.060185
5 0.349951 0.662500 0.032258 0.039815
5 0.343109 0.633333 0.034213 0.051852
5 0.202346 0.081481 0.028348 0.055556
5 0.230938 0.019907 0.025904 0.039815
5 0.317937 0.209259 0.017107 0.062963
5 0.349218 0.266204 0.022972 0.037963
5 0.505376 0.054630 0.043011 0.107407
5 0.481183 0.244907 0.039589 0.063889
5 0.380987 0.197685 0.025904 0.036111
5 0.365836 0.134259 0.023949 0.037037
5 0.480938 0.353241 0.024438 0.039815
5 0.459677 0.325926 0.020039 0.038889
0 0.508065 0.628704 0.273216 0.581481
0 0.434506 0.859259 0.093842 0.274074
5 0.755132 0.637500 0.056696 0.126852
5 0.584311 0.853241 0.044477 0.058333
5 0.530059 0.570370 0.050342 0.074074
5 0.574780 0.613426 0.060606 0.049074
5 0.600196 0.479630 0.046921 0.103704
5 0.674731 0.546759 0.031769 0.050926
5 0.613881 0.240741 0.040078 0.072222
5 0.631965 0.204630 0.037146 0.048148
5 0.682063 0.239352 0.038612 0.063889
5 0.741202 0.247685 0.045455 0.095370
5 0.742913 0.359259 0.056696 0.109259
5 0.773216 0.500000 0.033236 0.053704
5 0.793988 0.404630 0.053275 0.068519
5 0.845308 0.140278 0.032747 0.045370
5 0.966031 0.148148 0.041544 0.064815
5 0.956500 0.095833 0.043011 0.043519
5 0.976295 0.285648 0.033724 0.073148
5 0.954790 0.450000 0.039589 0.085185
5 0.883920 0.738426 0.042522 0.054630
5 0.984115 0.478241 0.030792 0.091667
5 0.951369 0.797685 0.034702 0.086111
5 0.937683 0.752315 0.020039 0.047222
5 0.892962 0.937500 0.027370 0.073148
5 0.919844 0.968056 0.056696 0.058333
5 0.843353 0.311111 0.032747 0.061111
5 0.856305 0.448148 0.025415 0.068519
5 0.984604 0.668981 0.027859 0.052778
5 0.890274 0.587500 0.027859 0.032407
5 0.948925 0.588889 0.018084 0.055556
5 0.844330 0.491667 0.038612 0.057407