1 0.585044 0.122222 0.143695 0.244444
1 0.593109 0.325000 0.163734 0.214815
1 0.578690 0.456019 0.130987 0.276852
5 0.528348 0.482407 0.030303 0.070370
1 0.581623 0.617130 0.086999 0.184259
5 0.658847 0.684259 0.027370 0.068519
5 0.519550 0.841204 0.031281 0.050926
1 0.579423 0.854167 0.093353 0.200926
1 0.574291 0.960648 0.132942 0.075000
5 0.643206 0.886111 0.035191 0.040741
5 0.751466 0.821296 0.041544 0.072222
5 0.744868 0.880556 0.029326 0.053704
5 0.743157 0.285648 0.049365 0.113889
4 0.820626 0.382870 0.191593 0.293519
5 0.780547 0.484722 0.028348 0.084259
5 0.977273 0.347685 0.029814 0.062037
5 0.960166 0.633333 0.020039 0.062963
5 0.428641 0.238426 0.032258 0.056481
5 0.435728 0.788889 0.031769 0.046296
5 0.844086 0.028704 0.039101 0.057407
5 0.772483 0.150000 0.034702 0.035185
5 0.773949 0.057870 0.025904 0.043519
5 0.939150 0.027315 0.036657 0.034259