5 0.885630 0.939815 0.025415 0.057407
5 0.340665 0.930093 0.028348 0.069444
5 0.034946 0.881944 0.018084 0.039815
5 0.100196 0.855093 0.019550 0.052778
5 0.396139 0.826852 0.028837 0.035185
5 0.011730 0.717130 0.016618 0.012037
5 0.251711 0.616204 0.022483 0.036111
5 0.876588 0.573148 0.019062 0.061111
5 0.819892 0.492593 0.025904 0.050000
5 0.360704 0.460648 0.016618 0.039815
5 0.119013 0.434722 0.031769 0.089815
5 0.492424 0.387963 0.010264 0.018519
5 0.532747 0.366667 0.034213 0.075926
5 0.346285 0.263889 0.027859 0.040741
5 0.516129 0.198611 0.007820 0.021296
5 0.808407 0.198148 0.008798 0.035185
5 0.972630 0.193981 0.025415 0.037963
0 0.684995 0.166667 0.162757 0.333333
0 0.626100 0.241667 0.336266 0.483333
5 0.341398 0.021296 0.036657 0.042593
5 0.506598 0.592130 0.046432 0.128704
5 0.486070 0.598611 0.015152 0.036111
0 0.649804 0.663426 0.414956 0.465741
0 0.660802 0.873611 0.135875 0.249074
5 0.698925 0.877778 0.059629 0.168519
5 0.662512 0.859722 0.056207 0.121296