5 0.024194 0.072222 0.017107 0.051852
5 0.041300 0.006481 0.006354 0.012963
5 0.065494 0.050463 0.020528 0.043519
5 0.092620 0.024074 0.014174 0.035185
5 0.099951 0.003704 0.016129 0.007407
5 0.037634 0.145370 0.015640 0.018519
5 0.043988 0.132870 0.025415 0.015741
5 0.088221 0.192593 0.036657 0.029630
5 0.014907 0.254630 0.025904 0.025926
5 0.022972 0.359259 0.038123 0.046296
5 0.030303 0.394907 0.025415 0.058333
5 0.049365 0.375926 0.033236 0.075926
5 0.042766 0.395833 0.019062 0.037963
5 0.070381 0.448611 0.025415 0.032407
5 0.029081 0.565278 0.021017 0.032407
5 0.001711 0.532407 0.003421 0.012963
5 0.070626 0.576852 0.026882 0.055556
5 0.073314 0.543981 0.011730 0.030556
5 0.087732 0.536111 0.013196 0.029630
5 0.021750 0.825463 0.018084 0.037963
3 0.030547 0.921759 0.011241 0.034259
5 0.039589 0.988889 0.022483 0.020370
5 0.055718 0.956944 0.020528 0.047222
5 0.070381 0.978704 0.014663 0.033333
5 0.060117 0.974074 0.014663 0.027778
5 0.087977 0.983333 0.018573 0.031481
5 0.100684 0.967593 0.024438 0.051852
5 0.124878 0.976389 0.032747 0.045370
5 0.073803 0.831481 0.018573 0.040741
5 0.075758 0.858796 0.009775 0.008333
5 0.116813 0.866204 0.034213 0.047222
5 0.109971 0.901389 0.029326 0.036111
5 0.147116 0.920833 0.015640 0.026852
5 0.107038 0.762037 0.017595 0.031481
5 0.122434 0.809259 0.020039 0.027778
5 0.106305 0.656481 0.030792 0.031481
5 0.089687 0.725926 0.021994 0.035185
5 0.100684 0.513889 0.016618 0.031481
5 0.108016 0.467130 0.004888 0.025000
5 0.112170 0.423148 0.018084 0.044444
5 0.105083 0.292130 0.017595 0.030556
5 0.158358 0.060185 0.019550 0.024074
5 0.178641 0.121759 0.028837 0.050926
5 0.199902 0.111111 0.023460 0.042593
5 0.180841 0.288889 0.021505 0.035185
5 0.207234 0.516204 0.020528 0.041667
5 0.173998 0.604167 0.021505 0.036111
5 0.191349 0.628704 0.010264 0.048148
5 0.199169 0.611111 0.024927 0.038889
5 0.174731 0.694907 0.019062 0.021296
5 0.153470 0.764352 0.025415 0.056481
5 0.181085 0.961574 0.019062 0.037963
5 0.180841 0.902778 0.019550 0.044444
5 0.200147 0.775000 0.025904 0.037037
5 0.221652 0.762963 0.020039 0.044444
5 0.214321 0.866204 0.023949 0.062037
5 0.228250 0.852778 0.018573 0.029630
5 0.216031 0.973611 0.017595 0.050926
5 0.238270 0.977315 0.018084 0.043519
5 0.210899 0.665741 0.028837 0.031481
5 0.206256 0.639815 0.016618 0.031481
5 0.253910 0.013426 0.025904 0.026852
5 0.240225 0.171759 0.020039 0.034259
5 0.228250 0.148148 0.013685 0.025926
5 0.278837 0.136574 0.032747 0.082407
5 0.296921 0.162037 0.014174 0.031481
5 0.320870 0.138889 0.030792 0.042593
5 0.294966 0.236574 0.029814 0.062037
5 0.260997 0.229167 0.016618 0.063889
5 0.284702 0.273148 0.023949 0.051852
5 0.269306 0.298611 0.041056 0.047222
5 0.233871 0.346296 0.032747 0.029630
5 0.308651 0.304630 0.016129 0.012963
5 0.290323 0.285648 0.024438 0.049074
3 0.213343 0.421296 0.013196 0.025926
5 0.254888 0.475926 0.030792 0.064815
5 0.251222 0.637037 0.020528 0.038889
5 0.274194 0.961574 0.017595 0.034259
5 0.336755 0.938889 0.023460 0.051852
5 0.325513 0.949074 0.011730 0.031481
5 0.332845 0.891204 0.034213 0.036111
5 0.327957 0.846296 0.017595 0.042593
5 0.310606 0.863426 0.026882 0.041667
5 0.311828 0.823148 0.034213 0.070370
5 0.300587 0.822685 0.016618 0.039815
4 0.284213 0.781481 0.035679 0.059259
5 0.279081 0.801389 0.035191 0.037963
5 0.291544 0.832407 0.009286 0.038889
5 0.328935 0.663889 0.024438 0.040741
5 0.291056 0.604167 0.023949 0.062037
5 0.306207 0.470370 0.027859 0.035185
5 0.303519 0.450000 0.013685 0.020370
5 0.384409 0.517593 0.045455 0.050000
5 0.423509 0.549537 0.013196 0.032407
5 0.364858 0.406019 0.019062 0.032407
5 0.399071 0.375463 0.019062 0.043519
5 0.414223 0.354167 0.020039 0.034259
5 0.372678 0.232870 0.033724 0.045370
5 0.373412 0.144907 0.014663 0.036111
5 0.365591 0.187500 0.065494 0.106481
5 0.476295 0.134722 0.029814 0.054630
5 0.520039 0.117130 0.022483 0.052778
5 0.529081 0.081944 0.013196 0.015741
5 0.499511 0.051389 0.041056 0.058333
5 0.504643 0.013426 0.019062 0.026852
5 0.584311 0.007870 0.016129 0.015741
3 0.500978 0.252315 0.014663 0.032407
5 0.545210 0.208796 0.034702 0.030556
5 0.546921 0.313889 0.026393 0.040741
5 0.544233 0.333796 0.049365 0.036111
5 0.497067 0.318056 0.025415 0.039815
5 0.494868 0.338426 0.015152 0.037963
5 0.489247 0.462963 0.022483 0.037037
5 0.508309 0.519907 0.013685 0.036111
5 0.529081 0.580093 0.027859 0.075000
5 0.513196 0.573611 0.009775 0.023148
5 0.520772 0.639815 0.026882 0.029630
5 0.424242 0.745833 0.021505 0.056481
3 0.458211 0.712500 0.014174 0.025000
5 0.415934 0.934722 0.019550 0.030556
5 0.441349 0.950000 0.020528 0.044444
5 0.951369 0.089352 0.026882 0.056481
5 0.932063 0.136574 0.039101 0.058333
5 0.968475 0.125926 0.032747 0.074074
5 0.989003 0.148611 0.021017 0.041667
5 0.958211 0.198148 0.014174 0.035185
5 0.939883 0.218519 0.022483 0.057407
5 0.910313 0.270833 0.015152 0.043519
5 0.983627 0.270833 0.018084 0.039815
5 0.958700 0.307870 0.013196 0.030556
5 0.829179 0.334722 0.059140 0.052778
5 0.816471 0.397685 0.017107 0.036111
5 0.846285 0.401852 0.013196 0.018519
5 0.853861 0.414815 0.036168 0.038889
5 0.876833 0.402315 0.018573 0.032407
5 0.890762 0.458796 0.027859 0.041667
5 0.900782 0.528704 0.027370 0.050000
5 0.891740 0.411574 0.037634 0.080556
5 0.920332 0.436574 0.022483 0.073148
5 0.937683 0.407870 0.021994 0.056481
5 0.934751 0.445833 0.024927 0.087963
5 0.805718 0.136574 0.029814 0.043519
5 0.826002 0.154630 0.015640 0.050000
5 0.849707 0.252315 0.011241 0.026852
5 0.859238 0.692593 0.015640 0.035185
5 0.856794 0.723148 0.020528 0.038889
5 0.851417 0.746759 0.013685 0.041667
5 0.887097 0.730093 0.017595 0.026852
3 0.901515 0.741204 0.017107 0.019444
5 0.905181 0.762500 0.024438 0.039815
5 0.925953 0.797685 0.010264 0.034259
5 0.896628 0.798611 0.047410 0.078704
5 0.885142 0.908333 0.030303 0.051852
5 0.842620 0.895370 0.016618 0.046296
5 0.834555 0.850000 0.028837 0.053704
5 0.854594 0.821296 0.025904 0.059259
5 0.872190 0.820833 0.040567 0.080556
5 0.716764 0.232870 0.017107 0.049074
5 0.680108 0.192130 0.014174 0.041667
5 0.663245 0.221759 0.018573 0.034259
5 0.651026 0.173611 0.048876 0.058333
5 0.666178 0.177778 0.026393 0.096296
5 0.613392 0.246759 0.022483 0.049074
5 0.594086 0.901389 0.027859 0.062037
5 0.600196 0.948148 0.017595 0.029630
5 0.561584 0.966204 0.028348 0.034259
0 0.522727 0.962963 0.024927 0.072222
5 0.545210 0.762037 0.033724 0.061111
5 0.532747 0.702778 0.015640 0.057407
5 0.553275 0.874074 0.013685 0.024074
5 0.972141 0.887037 0.043011 0.092593
5 0.967253 0.590278 0.023460 0.050926
5 0.962121 0.352778 0.024927 0.062963
5 0.976295 0.349537 0.019062 0.036111
5 0.987781 0.309722 0.016618 0.021296
5 0.991691 0.357407 0.015640 0.062963
5 0.991691 0.739815 0.015640 0.062963
5 0.992424 0.677315 0.014174 0.047222
5 0.988514 0.617593 0.021994 0.051852
5 0.958456 0.498148 0.021505 0.031481
5 0.848974 0.598148 0.020528 0.035185
5 0.858260 0.589815 0.015640 0.027778
5 0.843353 0.510648 0.035679 0.039815
5 0.831623 0.492130 0.024927 0.032407
5 0.870479 0.543519 0.041056 0.050000
5 0.861437 0.536111 0.026882 0.085185
5 0.830645 0.548611 0.032747 0.060185
5 0.963587 0.931944 0.037634 0.065741
5 0.798876 0.215278 0.038612 0.071296
5 0.767840 0.181019 0.043988 0.058333
5 0.758553 0.126852 0.030303 0.029630
5 0.737781 0.089352 0.009286 0.043519
5 0.840909 0.134259 0.036657 0.057407
5 0.851417 0.160185 0.030303 0.068519
5 0.892962 0.136574 0.010753 0.076852
5 0.885875 0.232870 0.008309 0.034259
0 0.704790 0.190278 0.401760 0.380556
5 0.778592 0.098611 0.020528 0.056481
5 0.810850 0.085185 0.030303 0.040741
5 0.779081 0.165741 0.030303 0.046296
5 0.756354 0.118519 0.029814 0.103704
5 0.684018 0.383796 0.016129 0.049074
5 0.697947 0.393056 0.020528 0.039815
5 0.607283 0.354630 0.019062 0.033333
5 0.619501 0.307870 0.027859 0.060185
5 0.554985 0.531019 0.018084 0.034259
5 0.754888 0.431019 0.039589 0.047222
5 0.782014 0.456481 0.025415 0.053704
5 0.785435 0.523148 0.045943 0.077778
5 0.784702 0.488426 0.036657 0.086111
5 0.508065 0.782870 0.031769 0.039815
5 0.507576 0.809722 0.036657 0.049074
5 0.510753 0.868981 0.010753 0.019444
5 0.522239 0.842593 0.018084 0.027778
5 0.549853 0.843519 0.024438 0.051852
5 0.535679 0.976852 0.013685 0.044444
5 0.523460 0.915741 0.013685 0.035185
5 0.591642 0.586111 0.024927 0.033333
5 0.577468 0.606481 0.017107 0.033333
5 0.585533 0.612500 0.017595 0.037963
5 0.637341 0.607870 0.013685 0.030556
5 0.644673 0.600926 0.012708 0.024074
5 0.656158 0.602778 0.020039 0.031481
5 0.628055 0.863889 0.015640 0.029630
5 0.639541 0.911574 0.011241 0.025000
5 0.641984 0.862500 0.017107 0.047222
5 0.898583 0.124537 0.013196 0.036111
5 0.837488 0.018519 0.023949 0.037037
5 0.754399 0.967593 0.013196 0.035185
5 0.736070 0.771759 0.026393 0.058333
5 0.746823 0.753241 0.021505 0.041667
5 0.758065 0.810185 0.033236 0.090741
5 0.747067 0.831481 0.019062 0.033333
5 0.777615 0.914815 0.019550 0.050000
5 0.782014 0.766667 0.051808 0.053704
5 0.767107 0.798611 0.020039 0.037963
5 0.764174 0.857870 0.044477 0.047222
5 0.550587 0.337500 0.018084 0.041667
5 0.511486 0.408796 0.044477 0.095370
5 0.523216 0.464352 0.028837 0.037963
5 0.538612 0.473611 0.024438 0.032407
5 0.537146 0.505093 0.027370 0.045370
5 0.553275 0.493981 0.015640 0.045370
5 0.711632 0.178704 0.016618 0.024074
5 0.733871 0.263889 0.015152 0.022222
0 0.700880 0.729167 0.411535 0.539815
0 0.657380 0.453241 0.366569 0.617593
5 0.273216 0.854167 0.040078 0.047222
0 0.734115 0.932407 0.249267 0.133333
5 0.779326 0.818981 0.018084 0.039815
5 0.873167 0.590741 0.030792 0.046296
5 0.591398 0.036574 0.024438 0.030556
5 0.982160 0.499074 0.018084 0.029630
5 0.995357 0.502778 0.007331 0.024074
5 0.993402 0.277778 0.011241 0.038889
5 0.995112 0.314352 0.008798 0.067593
5 0.994135 0.187037 0.009775 0.024074
5 0.982160 0.175000 0.011241 0.027778
5 0.991691 0.123611 0.014663 0.021296