5 0.311095 0.111574 0.061095 0.086111
5 0.153959 0.037963 0.043011 0.075926
5 0.039834 0.112500 0.036657 0.043519
5 0.166911 0.544444 0.031769 0.061111
5 0.131232 0.590278 0.040567 0.065741
5 0.066227 0.555093 0.033724 0.093519
5 0.097263 0.603704 0.034213 0.070370
5 0.323314 0.504630 0.034702 0.061111
5 0.153715 0.369907 0.019062 0.062037
5 0.127322 0.374537 0.021994 0.043519
5 0.223851 0.316204 0.029326 0.041667
5 0.272239 0.288889 0.030303 0.044444
5 0.338221 0.182407 0.023460 0.033333
5 0.442815 0.680556 0.025415 0.031481
5 0.426442 0.765278 0.022972 0.050926
0 0.530547 0.686111 0.315249 0.394444
5 0.536413 0.474074 0.033724 0.079630
5 0.579912 0.559722 0.029814 0.049074
0 0.478983 0.913889 0.104594 0.166667
5 0.684751 0.137037 0.031281 0.096296
5 0.791789 0.173148 0.038123 0.085185
5 0.867302 0.030556 0.024927 0.055556
5 0.928886 0.109259 0.021994 0.046296
5 0.923021 0.226852 0.047410 0.140741
5 0.393451 0.097222 0.022483 0.035185
5 0.343842 0.023611 0.015152 0.037963
5 0.683040 0.022685 0.009286 0.036111
5 0.856305 0.362500 0.027370 0.060185
5 0.728739 0.375463 0.023460 0.063889
5 0.694526 0.434259 0.036168 0.053704
5 0.837243 0.484722 0.036168 0.075000
5 0.793744 0.486111 0.032258 0.050000
5 0.771505 0.547222 0.014174 0.033333
5 0.630499 0.433333 0.017595 0.081481
5 0.760020 0.901389 0.030303 0.073148
5 0.811095 0.857407 0.034702 0.059259
5 0.789589 0.653241 0.023949 0.050926
5 0.891984 0.833333 0.049853 0.103704
5 0.908602 0.761111 0.037146 0.068519
5 0.967742 0.829167 0.028348 0.054630
5 0.984115 0.781481 0.025904 0.083333
5 0.984848 0.949074 0.024438 0.074074
5 0.948192 0.337963 0.039101 0.068519
5 0.970674 0.448611 0.052786 0.108333
5 0.831134 0.323148 0.021994 0.042593
5 0.931818 0.579630 0.025904 0.057407
5 0.982405 0.576852 0.029326 0.044444
5 0.824536 0.721759 0.019550 0.041667
5 0.449169 0.403704 0.034213 0.048148
5 0.032502 0.063426 0.021994 0.032407
5 0.106061 0.125463 0.023460 0.028704
5 0.408113 0.665741 0.018573 0.024074
5 0.006843 0.133796 0.012708 0.032407
5 0.821359 0.010648 0.024927 0.019444
5 0.874633 0.902315 0.015152 0.039815
5 0.862170 0.977778 0.035191 0.038889
5 0.989247 0.228704 0.014663 0.046296
0 0.585777 0.112963 0.197947 0.224074
0 0.584066 0.298611 0.221896 0.245370