1 0.058162 0.179167 0.116325 0.228704
5 0.115591 0.759722 0.037634 0.043519
5 0.125122 0.754167 0.018573 0.067593
5 0.166667 0.760648 0.017595 0.036111
1 0.082111 0.094907 0.118280 0.189815
5 0.172776 0.054167 0.024927 0.045370
5 0.178641 0.016204 0.027859 0.032407
5 0.149316 0.012037 0.022972 0.024074
5 0.033480 0.028704 0.018084 0.057407
5 0.181329 0.203704 0.014663 0.031481
5 0.239736 0.330093 0.037634 0.062037
1 0.078690 0.525000 0.090909 0.111111
1 0.045943 0.644907 0.091887 0.232407
1 0.064272 0.373148 0.096285 0.231481
5 0.122190 0.300926 0.015640 0.012963
5 0.120235 0.317130 0.021505 0.032407
5 0.042278 0.287037 0.027859 0.038889
5 0.067693 0.387963 0.117791 0.118519
5 0.011241 0.454167 0.022483 0.052778
5 0.063294 0.446296 0.012219 0.050000
5 0.053763 0.884722 0.107527 0.226852
5 0.077713 0.858333 0.011730 0.044444
5 0.211144 0.835648 0.024438 0.034259
5 0.218475 0.839815 0.015640 0.066667
5 0.193793 0.836111 0.019062 0.024074
5 0.287146 0.910648 0.030792 0.041667
5 0.306696 0.175000 0.038612 0.051852
5 0.338954 0.154630 0.021017 0.025926
5 0.308895 0.325000 0.006843 0.024074
5 0.318182 0.406481 0.012708 0.038889
5 0.284457 0.525926 0.049853 0.131481
5 0.266373 0.553241 0.026393 0.032407
5 0.353861 0.489352 0.030303 0.037963
5 0.306452 0.511574 0.018573 0.034259
5 0.315982 0.460648 0.019062 0.030556
5 0.256598 0.687037 0.020528 0.044444
5 0.292033 0.671296 0.029814 0.038889
5 0.325269 0.784722 0.020039 0.039815
5 0.358993 0.903241 0.035679 0.050926
5 0.375122 0.942130 0.027859 0.032407
5 0.347752 0.974537 0.018084 0.037963
5 0.365591 0.957407 0.015640 0.033333
5 0.380987 0.828704 0.025904 0.025926
5 0.402004 0.829630 0.025904 0.031481
5 0.405670 0.535648 0.028348 0.062037
5 0.394184 0.465741 0.045455 0.066667
5 0.373412 0.468056 0.028348 0.036111
5 0.408358 0.387037 0.012219 0.027778
5 0.390029 0.062037 0.023460 0.051852
5 0.413001 0.041204 0.022483 0.054630
5 0.400049 0.160648 0.014174 0.028704
5 0.424487 0.188426 0.015152 0.017593
5 0.425220 0.235648 0.012708 0.030556
5 0.475073 0.016667 0.015640 0.033333
5 0.456256 0.131944 0.063050 0.052778
5 0.450635 0.211574 0.037146 0.078704
5 0.496090 0.467130 0.030303 0.075000
5 0.518817 0.425926 0.013196 0.025926
5 0.450391 0.610185 0.017107 0.016667
5 0.522239 0.934722 0.020039 0.045370
1 0.609726 0.915278 0.075758 0.167593
5 0.593353 0.855556 0.016618 0.038889
1 0.578201 0.819444 0.035191 0.187037
5 0.590420 0.693981 0.071359 0.065741
1 0.597019 0.630093 0.083578 0.104630
5 0.656891 0.598611 0.023460 0.049074
5 0.632942 0.625926 0.016618 0.025926
5 0.697214 0.534259 0.005376 0.033333
1 0.603617 0.503704 0.153470 0.109259
5 0.678886 0.526852 0.027370 0.046296
1 0.619501 0.360648 0.131476 0.330556
5 0.548876 0.095370 0.025415 0.037037
5 0.688416 0.203241 0.017107 0.025000
1 0.612903 0.100463 0.087977 0.200926
1 0.660802 0.041667 0.069404 0.081481
5 0.750733 0.931481 0.028348 0.037037
5 0.688905 0.808796 0.020039 0.026852
5 0.773460 0.971759 0.059140 0.052778
5 0.848729 0.951852 0.038612 0.072222
5 0.816960 0.421296 0.014174 0.022222
5 0.856794 0.414352 0.033236 0.058333
5 0.899071 0.894907 0.013196 0.032407
5 0.918866 0.893981 0.019550 0.047222
5 0.944037 0.324074 0.019062 0.051852
5 0.871945 0.479630 0.006843 0.027778
5 0.921554 0.534722 0.013196 0.025000
5 0.818182 0.544444 0.012708 0.014815
5 0.766373 0.455556 0.018573 0.024074
5 0.988514 0.097222 0.010264 0.012963
5 0.319159 0.948611 0.009775 0.023148
5 0.890029 0.007407 0.006843 0.014815
5 0.951369 0.034259 0.013196 0.014815