5 0.646383 0.660648 0.036657 0.034259
5 0.060117 0.029167 0.043988 0.058333
5 0.010997 0.735648 0.021994 0.052778
5 0.115591 0.945370 0.076735 0.107407
5 0.244868 0.356019 0.058651 0.037963
5 0.154936 0.337037 0.033236 0.131481
5 0.287634 0.413426 0.025904 0.062037
1 0.265396 0.477778 0.087977 0.138889
5 0.231916 0.690741 0.020039 0.057407
1 0.272483 0.688426 0.128543 0.397222
5 0.329423 0.614352 0.027370 0.054630
5 0.361681 0.684259 0.052786 0.133333
5 0.337488 0.513426 0.043500 0.082407
5 0.364858 0.493981 0.021017 0.036111
5 0.373167 0.573148 0.032747 0.072222
5 0.369746 0.539815 0.013196 0.040741
1 0.280547 0.916667 0.140762 0.164815
1 0.281036 0.993056 0.006843 0.012037
5 0.442571 0.787037 0.042522 0.070370
5 0.417155 0.916204 0.067937 0.112037
5 0.482405 0.850463 0.026393 0.056481
5 0.483382 0.787037 0.028348 0.050000
5 0.536901 0.817130 0.013196 0.043519
5 0.500489 0.761111 0.040078 0.059259
5 0.533724 0.972685 0.027370 0.052778
5 0.576246 0.843519 0.022483 0.048148
5 0.581378 0.935185 0.050342 0.044444
5 0.602151 0.929630 0.060606 0.101852
5 0.653470 0.912037 0.043988 0.053704
5 0.624633 0.976389 0.016618 0.043519
5 0.667155 0.743519 0.034213 0.109259
5 0.696970 0.727315 0.064516 0.119444
5 0.682307 0.656481 0.015640 0.035185
5 0.687928 0.851852 0.061095 0.159259
5 0.719208 0.907407 0.029814 0.070370
5 0.706989 0.582870 0.016129 0.041667
5 0.733138 0.589352 0.044966 0.041667
5 0.736804 0.656944 0.064027 0.082407
5 0.752933 0.621296 0.012219 0.020370
5 0.720186 0.527778 0.019062 0.040741
5 0.683040 0.562037 0.065005 0.079630
5 0.706500 0.439352 0.040567 0.108333
5 0.275660 0.017130 0.046921 0.034259
5 0.299365 0.053241 0.024927 0.043519
2 0.321603 0.147685 0.079179 0.034259
1 0.257576 0.076852 0.120235 0.151852
1 0.233382 0.237037 0.152004 0.175926
5 0.409824 0.182870 0.052297 0.102778
5 0.453324 0.113889 0.010264 0.050000
5 0.491691 0.195370 0.024438 0.051852
5 0.546188 0.162500 0.025904 0.045370
5 0.514174 0.059259 0.075269 0.118519
5 0.555230 0.074074 0.032258 0.077778
5 0.564516 0.625463 0.033236 0.126852
5 0.617058 0.584259 0.028837 0.035185
5 0.529081 0.608333 0.016129 0.046296
5 0.543744 0.637037 0.018084 0.094444
5 0.521017 0.654167 0.027370 0.065741
5 0.500733 0.655556 0.018084 0.029630
4 0.469453 0.601852 0.037634 0.068519
5 0.476540 0.544907 0.043011 0.069444
5 0.517351 0.490278 0.030792 0.076852
5 0.487537 0.505556 0.034702 0.027778
5 0.473363 0.458333 0.056207 0.118519
4 0.597752 0.456481 0.032258 0.040741
5 0.473118 0.322222 0.027370 0.055556
5 0.501222 0.245833 0.025904 0.050926
5 0.587243 0.207407 0.033724 0.046296
5 0.478495 0.368056 0.058651 0.091667
5 0.499756 0.393981 0.010264 0.028704
5 0.499022 0.420370 0.019550 0.037037
5 0.501711 0.367130 0.017107 0.023148
5 0.496579 0.320833 0.020528 0.021296
5 0.534946 0.271759 0.059140 0.052778
5 0.537146 0.357407 0.055718 0.146296
5 0.556207 0.335648 0.033236 0.080556
5 0.616080 0.342130 0.064027 0.052778
5 0.592375 0.318519 0.047898 0.111111
4 0.639296 0.203241 0.039101 0.078704
5 0.676197 0.199074 0.036657 0.066667
5 0.694282 0.178241 0.019062 0.052778
5 0.723607 0.216667 0.020039 0.064815
5 0.711388 0.238889 0.021017 0.031481
5 0.705279 0.058796 0.014663 0.034259
5 0.721163 0.011574 0.014174 0.023148
5 0.723607 0.125926 0.030792 0.048148
5 0.717498 0.302315 0.023460 0.028704
1 0.783969 0.930093 0.077224 0.136111
5 0.840420 0.883333 0.101173 0.140741
5 0.849707 0.959722 0.061095 0.076852
5 0.896872 0.906944 0.026393 0.041667
5 0.889296 0.700000 0.051320 0.068519
5 0.932307 0.706944 0.011241 0.049074
5 0.931818 0.954630 0.043500 0.070370
5 0.919110 0.774074 0.021017 0.037037
2 0.947458 0.883796 0.100196 0.228704
5 0.935728 0.908333 0.022972 0.035185
4 0.975562 0.894907 0.046921 0.054630
5 0.981672 0.793519 0.017107 0.096296
4 0.971163 0.753241 0.022483 0.050926
5 0.967742 0.687500 0.025415 0.076852
5 0.940860 0.635648 0.025415 0.080556
5 0.948436 0.517130 0.027859 0.047222
5 0.970674 0.502315 0.020528 0.052778
5 0.979472 0.366667 0.040078 0.109259
5 0.983627 0.443056 0.031769 0.076852
1 0.811828 0.755556 0.114370 0.200000
1 0.794966 0.662037 0.072825 0.222222
1 0.783969 0.482407 0.088954 0.244444
1 0.815005 0.159259 0.113881 0.201852
5 0.809629 0.138889 0.031769 0.050000
5 0.845308 0.296759 0.058162 0.143519
5 0.875367 0.267130 0.047898 0.063889
5 0.848729 0.245370 0.029814 0.046296
1 0.771505 0.018981 0.033724 0.037963
5 0.828935 0.012963 0.022483 0.025926
4 0.831623 0.044444 0.025904 0.050000
5 0.868035 0.170370 0.022483 0.075926
5 0.915445 0.296296 0.030303 0.042593
5 0.869257 0.334722 0.016129 0.041667
5 0.901026 0.093056 0.085533 0.150926
5 0.945503 0.080556 0.023949 0.087037
5 0.943793 0.032407 0.067449 0.064815
5 0.972385 0.066204 0.021017 0.047222
5 0.974829 0.245370 0.049365 0.111111