5 0.670332 0.866667 0.009286 0.029630
5 0.536901 0.813889 0.019062 0.033333
5 0.865836 0.764815 0.012219 0.029630
5 0.892717 0.711111 0.029814 0.111111
5 0.968231 0.627315 0.030303 0.060185
5 0.685239 0.570833 0.006843 0.015741
5 0.296188 0.573148 0.031281 0.051852
5 0.559873 0.462037 0.020039 0.025926
5 0.184262 0.445833 0.016618 0.052778
5 0.520283 0.440278 0.034702 0.065741
5 0.284946 0.430556 0.032258 0.046296
5 0.543744 0.290278 0.021017 0.043519
5 0.246823 0.120370 0.018573 0.040741
5 0.810362 0.058333 0.015640 0.035185
5 0.892473 0.049074 0.015640 0.057407
5 0.057185 0.490741 0.007820 0.037037
5 0.037390 0.678704 0.030792 0.046296
5 0.419110 0.905093 0.026882 0.060185
5 0.489980 0.531019 0.028837 0.049074
5 0.568671 0.650463 0.036657 0.099074
3 0.256843 0.931019 0.063050 0.052778
1 0.209433 0.966667 0.101173 0.064815
1 0.226784 0.857407 0.155425 0.200000
1 0.271505 0.719907 0.175464 0.210185
3 0.194526 0.751852 0.022483 0.057407
5 0.209433 0.491204 0.030792 0.039815
5 0.241935 0.514352 0.064516 0.087963
5 0.215543 0.397685 0.030303 0.041667
1 0.257820 0.263426 0.105083 0.278704
5 0.159335 0.114815 0.027370 0.025926
5 0.205523 0.175463 0.017107 0.047222
5 0.348729 0.228241 0.021994 0.041667
5 0.214565 0.122222 0.026393 0.027778
5 0.214565 0.094444 0.018573 0.025926
5 0.334800 0.060648 0.016618 0.026852
1 0.261730 0.030093 0.145161 0.060185
5 0.184262 0.076389 0.019550 0.032407
5 0.397849 0.143981 0.025415 0.073148
5 0.430352 0.348611 0.042522 0.084259
4 0.586022 0.144907 0.016618 0.039815
5 0.646139 0.257870 0.019550 0.026852
5 0.503910 0.162963 0.020528 0.020370
5 0.499511 0.080093 0.007820 0.036111
5 0.791544 0.038426 0.021017 0.063889
1 0.830156 0.013426 0.058162 0.026852
1 0.811584 0.236574 0.082600 0.262037
5 0.888319 0.282870 0.018084 0.069444
5 0.722385 0.973148 0.027370 0.048148
1 0.793500 0.872222 0.182307 0.251852
5 0.822581 0.874074 0.026393 0.022222
1 0.792033 0.598611 0.138319 0.260185
3 0.823803 0.512963 0.152004 0.114815
5 0.881476 0.500000 0.022972 0.040741
5 0.891740 0.586111 0.031769 0.050000
5 0.864125 0.612500 0.023460 0.052778
5 0.943548 0.125926 0.024927 0.024074