0 0.562317 0.045833 0.135386 0.091667
0 0.636364 0.068056 0.048876 0.136111
5 0.645894 0.158796 0.029814 0.062037
5 0.652737 0.192130 0.017107 0.063889
5 0.646383 0.216667 0.017107 0.033333
5 0.663978 0.209722 0.014174 0.036111
2 0.514663 0.145833 0.033236 0.045370
2 0.540567 0.192593 0.021505 0.087037
5 0.542033 0.230556 0.028348 0.048148
5 0.566227 0.414815 0.024927 0.044444
0 0.571603 0.394907 0.135386 0.525000
5 0.773216 0.124074 0.025415 0.038889
5 0.774682 0.199074 0.011730 0.029630
5 0.794721 0.330556 0.035191 0.050000
5 0.783969 0.368056 0.043011 0.050926
5 0.793744 0.408333 0.031281 0.064815
5 0.794721 0.500000 0.016618 0.044444
5 0.799609 0.643519 0.029326 0.022222
5 0.809384 0.658796 0.024438 0.065741
5 0.776393 0.759259 0.016129 0.059259
5 0.784946 0.768056 0.030303 0.037963
0 0.588221 0.899074 0.125611 0.198148
5 0.471408 0.729630 0.029814 0.031481
5 0.477028 0.575926 0.018573 0.061111
5 0.505865 0.610185 0.019550 0.042593
5 0.559384 0.602778 0.029814 0.051852
5 0.520528 0.616667 0.014663 0.029630
5 0.422776 0.517130 0.024438 0.045370
5 0.424487 0.537963 0.022972 0.040741
5 0.416178 0.017593 0.018084 0.031481
5 0.454057 0.081019 0.015640 0.036111
5 0.295699 0.014352 0.022483 0.028704
5 0.300587 0.104167 0.033236 0.039815
5 0.292522 0.193519 0.027859 0.051852
5 0.271017 0.269444 0.033724 0.050000
5 0.315494 0.251389 0.008309 0.025000
5 0.155914 0.243519 0.017595 0.040741
5 0.105816 0.498148 0.040567 0.053704
5 0.189883 0.670370 0.034702 0.033333
5 0.351173 0.661574 0.031769 0.052778
5 0.287390 0.690741 0.016618 0.031481
5 0.160313 0.587037 0.023460 0.024074
5 0.089932 0.906481 0.026393 0.051852
5 0.178152 0.980556 0.029814 0.035185
5 0.129765 0.884259 0.016129 0.029630
5 0.119501 0.818981 0.019062 0.030556
5 0.072581 0.301852 0.027859 0.046296
5 0.683529 0.931944 0.019062 0.026852
5 0.913734 0.012963 0.021994 0.024074
5 0.901515 0.116204 0.012219 0.043519
5 0.892717 0.127315 0.012219 0.041667
5 0.898583 0.287037 0.029814 0.055556
5 0.935239 0.243519 0.031769 0.059259
5 0.920821 0.400000 0.021505 0.031481
5 0.957478 0.360185 0.022483 0.077778
5 0.968719 0.316204 0.018573 0.012037
5 0.980938 0.235185 0.019550 0.037037
5 0.945748 0.351389 0.028348 0.026852
5 0.929374 0.480556 0.024927 0.051852
5 0.949902 0.487037 0.024927 0.044444
5 0.976784 0.493056 0.028837 0.019444
5 0.983138 0.501852 0.026882 0.061111
5 0.991935 0.463889 0.012219 0.029630
5 0.996579 0.287500 0.004888 0.037963
5 0.991447 0.247685 0.015152 0.028704
5 0.995846 0.212500 0.006354 0.017593
5 0.996334 0.181481 0.004399 0.016667
5 0.982405 0.680093 0.032258 0.062037
5 0.929130 0.721296 0.021505 0.051852
5 0.960166 0.735185 0.021994 0.048148
5 0.949902 0.732870 0.008309 0.063889
5 0.933040 0.784259 0.031281 0.068519
5 0.883675 0.895370 0.026393 0.042593
5 0.917400 0.986574 0.006843 0.025000
5 0.981183 0.846759 0.020039 0.050926
5 0.995357 0.807870 0.008309 0.030556
5 0.061828 0.666667 0.020039 0.048148
5 0.024927 0.951389 0.021505 0.049074
5 0.054008 0.982870 0.013196 0.028704