5 0.119746 0.268519 0.027370 0.044444
5 0.257087 0.467130 0.039101 0.069444
5 0.507820 0.533796 0.025415 0.073148
5 0.301320 0.209259 0.040567 0.051852
5 0.229717 0.040278 0.016618 0.060185
5 0.271750 0.174074 0.026393 0.040741
5 0.283969 0.134259 0.032258 0.059259
5 0.110459 0.778241 0.027370 0.050926
0 0.615591 0.044907 0.032747 0.087963
0 0.532258 0.309259 0.295210 0.472222
5 0.575758 0.146296 0.029326 0.059259
0 0.561339 0.549537 0.324047 0.482407
5 0.739736 0.477778 0.043500 0.092593
5 0.988759 0.313889 0.021505 0.042593
5 0.969208 0.053241 0.018573 0.043519
5 0.950147 0.742593 0.020528 0.038889