2 0.575024 0.325000 0.090420 0.142593
0 0.603128 0.985185 0.109482 0.027778
0 0.537634 0.974074 0.016618 0.050000
0 0.595552 0.108796 0.254643 0.215741
5 0.408113 0.642130 0.025415 0.032407
5 0.332111 0.753241 0.021994 0.021296
5 0.317693 0.841667 0.018573 0.022222
5 0.247801 0.868981 0.020528 0.041667
5 0.040323 0.561111 0.031769 0.059259
5 0.019550 0.457407 0.036168 0.072222
5 0.065982 0.375463 0.036168 0.063889
5 0.062317 0.280093 0.015152 0.039815
5 0.088221 0.207407 0.022972 0.038889
5 0.041789 0.177778 0.021994 0.027778
5 0.074047 0.064815 0.020039 0.035185
5 0.150782 0.141204 0.026882 0.030556
5 0.204301 0.397685 0.017595 0.028704
5 0.020772 0.721296 0.040567 0.075926
5 0.113636 0.639815 0.017107 0.042593
5 0.046432 0.984259 0.017595 0.022222
5 0.058895 0.871296 0.028837 0.038889
5 0.110215 0.730093 0.028837 0.067593
5 0.150782 0.935648 0.021994 0.034259
5 0.022239 0.099074 0.016129 0.035185
5 0.348974 0.099537 0.013685 0.030556
5 0.816227 0.797685 0.036168 0.052778
5 0.807674 0.856481 0.032747 0.040741
5 0.848729 0.522222 0.020039 0.035185
5 0.741202 0.429167 0.027859 0.039815
5 0.813783 0.311111 0.026393 0.044444
5 0.731427 0.377778 0.017107 0.024074
5 0.926931 0.285648 0.034702 0.058333
5 0.939150 0.164815 0.015152 0.033333
5 0.990225 0.300463 0.012708 0.039815
5 0.883675 0.008796 0.017595 0.015741
5 0.726784 0.012037 0.021505 0.022222
5 0.991202 0.770370 0.011730 0.044444
5 0.531036 0.445370 0.014174 0.035185
5 0.522972 0.513889 0.013685 0.025926
5 0.989247 0.578241 0.014663 0.032407
5 0.741691 0.812500 0.015152 0.023148
5 0.473118 0.877315 0.020528 0.086111
4 0.482160 0.050000 0.025904 0.048148
0 0.596530 0.664352 0.156891 0.508333
0 0.539101 0.929630 0.062561 0.138889