5 0.774438 0.979630 0.016129 0.037037
5 0.219208 0.970833 0.015152 0.019444
5 0.813050 0.962500 0.020039 0.032407
5 0.794233 0.950000 0.012708 0.029630
5 0.220674 0.928704 0.033724 0.053704
5 0.832600 0.908333 0.017107 0.042593
5 0.284457 0.906481 0.023460 0.037037
5 0.032502 0.886574 0.019062 0.043519
5 0.769795 0.910185 0.036168 0.092593
5 0.294966 0.873148 0.021994 0.020370
5 0.266618 0.823611 0.015152 0.019444
5 0.022972 0.826852 0.035191 0.064815
5 0.167400 0.798148 0.032747 0.081481
5 0.750244 0.801389 0.021505 0.060185
5 0.064761 0.778241 0.017107 0.019444
5 0.781281 0.773611 0.031769 0.049074
5 0.887097 0.771296 0.027370 0.053704
5 0.280792 0.736111 0.027859 0.040741
5 0.079912 0.734259 0.024927 0.044444
5 0.032991 0.702315 0.017107 0.015741
5 0.854839 0.677315 0.009775 0.023148
5 0.904203 0.664352 0.020528 0.043519
5 0.331378 0.636574 0.012708 0.010185
5 0.076491 0.631944 0.020039 0.017593
5 0.762952 0.644444 0.016618 0.048148
5 0.963099 0.641667 0.016129 0.042593
5 0.153959 0.629167 0.019550 0.041667
5 0.401515 0.628704 0.011241 0.051852
5 0.291544 0.609722 0.042522 0.065741
5 0.059384 0.593519 0.028837 0.046296
5 0.876833 0.568981 0.029326 0.063889
5 0.132454 0.572222 0.036168 0.068519
5 0.070137 0.540278 0.022972 0.041667
5 0.318671 0.505556 0.019550 0.038889
5 0.972630 0.534722 0.023460 0.058333
5 0.423021 0.489815 0.022972 0.035185
5 0.095308 0.469444 0.035191 0.103704
5 0.682551 0.421296 0.022972 0.048148
5 0.288612 0.374074 0.021994 0.038889
5 0.506598 0.344907 0.024927 0.041667
5 0.354350 0.340278 0.016618 0.039815
5 0.087977 0.323148 0.011730 0.029630
5 0.440616 0.307407 0.015152 0.018519
5 0.955767 0.320370 0.023949 0.055556
5 0.057429 0.293056 0.024927 0.043519
5 0.794477 0.284722 0.015152 0.030556
5 0.161535 0.266204 0.020039 0.032407
5 0.096041 0.237037 0.021994 0.042593
5 0.875122 0.238889 0.016129 0.050000
5 0.205523 0.194907 0.008309 0.023148
5 0.436217 0.176852 0.014174 0.025926
5 0.905914 0.179167 0.013196 0.030556
5 0.056452 0.202315 0.039589 0.099074
5 0.889541 0.121759 0.020528 0.017593
5 0.762463 0.082407 0.030303 0.057407
5 0.826979 0.069444 0.019550 0.033333
5 0.483138 0.025926 0.016129 0.037037
5 0.756109 0.018056 0.024438 0.036111
5 0.340665 0.011574 0.017595 0.023148
5 0.121457 0.147222 0.023949 0.029630
5 0.287146 0.226852 0.032747 0.040741
5 0.162757 0.112500 0.031281 0.060185
5 0.171065 0.165741 0.032258 0.064815
5 0.033724 0.244444 0.025415 0.037037
5 0.238759 0.051852 0.008309 0.040741
5 0.271505 0.178241 0.014174 0.026852
5 0.064516 0.468519 0.029326 0.048148
5 0.043988 0.513426 0.035191 0.065741
5 0.122434 0.796759 0.021994 0.041667
5 0.116080 0.774537 0.010264 0.036111
5 0.121701 0.914352 0.027370 0.052778
5 0.127322 0.878704 0.021994 0.046296
5 0.144673 0.864815 0.022483 0.044444
5 0.151271 0.906481 0.019062 0.031481
5 0.094819 0.976852 0.016618 0.044444
5 0.113148 0.978704 0.014174 0.040741
5 0.874145 0.358796 0.011241 0.039815
5 0.867058 0.395370 0.020528 0.035185
5 0.760997 0.518519 0.027370 0.053704
5 0.755865 0.475000 0.016129 0.072222
5 0.773705 0.470833 0.021505 0.058333
5 0.757331 0.385648 0.040567 0.073148
5 0.776149 0.425000 0.025415 0.031481
0 0.545943 0.616667 0.312805 0.348148
5 0.552786 0.747685 0.028348 0.039815
0 0.530792 0.847685 0.217986 0.302778
5 0.752933 0.859722 0.026882 0.041667
0 0.597507 0.054630 0.041544 0.109259
5 0.629765 0.118981 0.024927 0.060185
5 0.545943 0.237037 0.015640 0.044444
5 0.600929 0.187963 0.022972 0.044444
0 0.543500 0.201389 0.135875 0.402778
5 0.763441 0.167130 0.033236 0.078704
5 0.797654 0.159722 0.032258 0.034259
5 0.790567 0.185648 0.024927 0.034259
5 0.980938 0.447685 0.023460 0.065741
5 0.956745 0.436574 0.016129 0.028704
5 0.966031 0.831481 0.020039 0.027778
5 0.892473 0.922222 0.019550 0.066667
5 0.910313 0.833796 0.025904 0.047222
5 0.920088 0.886574 0.029814 0.043519
5 0.923998 0.910185 0.024927 0.055556
5 0.933040 0.836574 0.015640 0.045370
5 0.945992 0.854630 0.014174 0.031481
5 0.926931 0.405093 0.024927 0.052778
5 0.918622 0.466667 0.038612 0.072222
5 0.967986 0.714352 0.054252 0.095370
5 0.967986 0.765741 0.019062 0.029630
5 0.931085 0.018519 0.028348 0.037037
5 0.916178 0.032407 0.021017 0.024074
5 0.916422 0.068056 0.032258 0.060185
5 0.958944 0.168981 0.025415 0.056481
5 0.944770 0.121759 0.016618 0.032407
5 0.988025 0.150463 0.021994 0.052778
5 0.971408 0.098148 0.019062 0.057407
5 0.965543 0.069444 0.027859 0.022222
5 0.955767 0.100463 0.015152 0.036111