5 0.141984 0.928704 0.012219 0.033333
5 0.032258 0.805556 0.029326 0.042593
5 0.223607 0.710185 0.022972 0.075926
5 0.555474 0.613889 0.016129 0.020370
5 0.571359 0.568981 0.010753 0.019444
5 0.396872 0.566204 0.031281 0.058333
5 0.025171 0.475463 0.013196 0.025000
5 0.069404 0.389352 0.017595 0.025000
5 0.008553 0.357407 0.017107 0.064815
5 0.102639 0.297685 0.012708 0.034259
5 0.216276 0.113889 0.013196 0.040741
5 0.432551 0.041667 0.007820 0.027778
5 0.659580 0.043056 0.023949 0.050926
5 0.591887 0.737963 0.020528 0.046296
5 0.586755 0.771296 0.021017 0.025926
5 0.433773 0.950463 0.056207 0.039815
0 0.543744 0.732407 0.346530 0.533333
0 0.574291 0.343981 0.435973 0.597222
0 0.555230 0.135648 0.217009 0.271296
2 0.049120 0.251389 0.098240 0.069444
2 0.088710 0.087037 0.177419 0.174074