5 0.538123 0.969907 0.008798 0.026852
1 0.478250 0.976389 0.049365 0.045370
5 0.770772 0.976389 0.026393 0.045370
3 0.986559 0.879630 0.025904 0.064815
5 0.794233 0.872685 0.026393 0.080556
5 0.745112 0.835185 0.019062 0.037037
5 0.716276 0.812963 0.017107 0.020370
1 0.425709 0.886111 0.117302 0.225926
5 0.760508 0.734259 0.012708 0.025926
5 0.990958 0.705556 0.017107 0.051852
5 0.962854 0.691667 0.024438 0.027778
5 0.928152 0.702315 0.018573 0.060185
5 0.795210 0.671296 0.009775 0.024074
5 0.104106 0.624074 0.022483 0.038889
5 0.993891 0.634259 0.011241 0.064815
5 0.690860 0.531944 0.010264 0.032407
5 0.465543 0.515741 0.012219 0.018519
5 0.973118 0.537037 0.052786 0.083333
5 0.499756 0.499074 0.021994 0.074074
2 0.605083 0.444907 0.043011 0.063889
1 0.455523 0.413889 0.115347 0.185185
5 0.380254 0.262963 0.020528 0.024074
5 0.713099 0.160185 0.018573 0.068519
5 0.839932 0.045370 0.019062 0.040741
5 0.991202 0.028241 0.016618 0.056481
5 0.866813 0.011574 0.014174 0.023148
5 0.159335 0.186574 0.022483 0.047222
5 0.203324 0.193981 0.042033 0.043519
5 0.317693 0.215741 0.040078 0.053704
5 0.321359 0.148611 0.016129 0.032407
5 0.009531 0.689815 0.018084 0.044444
5 0.155181 0.758796 0.019062 0.036111
5 0.194770 0.752315 0.026882 0.076852
5 0.257576 0.712500 0.031281 0.017593
5 0.305474 0.663889 0.014663 0.033333
5 0.287879 0.804630 0.006843 0.042593
5 0.163490 0.974537 0.016129 0.045370
5 0.206012 0.919907 0.014174 0.041667
5 0.512219 0.886111 0.018573 0.040741
5 0.503177 0.845370 0.026882 0.035185
5 0.574291 0.883796 0.018573 0.060185
5 0.600684 0.789815 0.026393 0.044444
5 0.501466 0.693981 0.014663 0.026852
5 0.500978 0.662500 0.012708 0.025000
5 0.539345 0.600926 0.017107 0.066667
5 0.429863 0.585648 0.033724 0.065741
5 0.457967 0.568056 0.041056 0.041667
5 0.595064 0.403704 0.016129 0.040741
1 0.439883 0.230093 0.044966 0.199074
1 0.440616 0.136111 0.094330 0.087037
1 0.457234 0.052315 0.052297 0.104630
5 0.565738 0.284722 0.021994 0.026852
5 0.547410 0.261574 0.013685 0.030556
5 0.717742 0.025000 0.043500 0.050000
5 0.754888 0.377315 0.028837 0.050926
5 0.771017 0.206944 0.036657 0.034259
5 0.689394 0.475926 0.036657 0.081481
5 0.786413 0.334259 0.020528 0.044444
5 0.829179 0.283796 0.043500 0.078704
5 0.852884 0.308333 0.014663 0.061111
5 0.884897 0.348148 0.010264 0.075926
5 0.903959 0.274537 0.020039 0.015741
5 0.928886 0.250000 0.007331 0.022222
5 0.954790 0.275926 0.042522 0.088889
5 0.961632 0.371759 0.054252 0.076852
5 0.981672 0.435648 0.028837 0.025000
5 0.939883 0.475463 0.019550 0.054630
5 0.910802 0.496296 0.032747 0.085185
5 0.803030 0.451389 0.075269 0.036111
5 0.758553 0.478704 0.027370 0.031481
5 0.771750 0.525926 0.046921 0.051852
5 0.793744 0.546759 0.015640 0.036111
5 0.801320 0.588426 0.030792 0.047222
5 0.732893 0.546296 0.024927 0.074074
5 0.897849 0.556944 0.011730 0.021296
5 0.930841 0.563889 0.008309 0.029630
5 0.878299 0.480556 0.017595 0.044444
5 0.845797 0.436111 0.024927 0.038889
5 0.831378 0.399074 0.020528 0.035185
5 0.850929 0.383333 0.041056 0.048148
5 0.888563 0.446296 0.047898 0.055556
5 0.833822 0.714815 0.021505 0.040741
5 0.853617 0.660185 0.016129 0.022222
5 0.727517 0.236574 0.011241 0.028704