5 0.112659 0.711574 0.027859 0.047222
1 0.764663 0.356481 0.130499 0.166667
5 0.692326 0.047685 0.012219 0.023148
1 0.757576 0.121296 0.132942 0.242593
5 0.543500 0.263426 0.026393 0.039815
5 0.547410 0.215278 0.036168 0.041667
5 0.556940 0.334259 0.025904 0.040741
5 0.637341 0.457407 0.021505 0.053704
5 0.694282 0.268519 0.024927 0.055556
5 0.486804 0.450000 0.027370 0.050000
5 0.554252 0.166204 0.016618 0.036111
5 0.583089 0.099537 0.025415 0.052778
5 0.503177 0.326389 0.025904 0.025000
5 0.361926 0.126389 0.025904 0.049074
5 0.499022 0.770370 0.030303 0.074074
5 0.559384 0.742130 0.030792 0.037963
5 0.577468 0.786111 0.023949 0.048148
1 0.770039 0.641204 0.135386 0.171296
1 0.772972 0.807407 0.167644 0.203704
5 0.769062 0.911111 0.024927 0.055556
5 0.942815 0.843056 0.025415 0.041667
5 0.953079 0.885185 0.028348 0.033333
5 0.978250 0.837037 0.025904 0.046296
5 0.966764 0.677315 0.052786 0.082407
5 0.961632 0.622685 0.025904 0.050926
5 0.964565 0.254630 0.021017 0.040741
5 0.944037 0.163889 0.028837 0.046296
5 0.963099 0.165278 0.021994 0.030556
5 0.962121 0.051389 0.021017 0.045370
5 0.987048 0.062963 0.021994 0.042593
1 0.230205 0.881019 0.124145 0.236111
1 0.241691 0.687037 0.096285 0.303704
5 0.231183 0.495833 0.023460 0.065741
1 0.249756 0.265278 0.200391 0.458333