5 0.805230 0.918056 0.059140 0.154630
5 0.785679 0.345370 0.034702 0.077778
0 0.597752 0.814815 0.204301 0.362963
0 0.667889 0.580556 0.146139 0.524074
0 0.620235 0.336574 0.182796 0.671296
0 0.573314 0.941667 0.078201 0.112963
5 0.481427 0.162963 0.025415 0.079630
5 0.504154 0.171759 0.026882 0.063889
5 0.126100 0.042593 0.047898 0.048148
5 0.313539 0.550926 0.031769 0.077778
5 0.231672 0.443981 0.041056 0.091667
5 0.299120 0.174074 0.043011 0.085185
5 0.205034 0.513426 0.053275 0.049074
5 0.258309 0.305556 0.026882 0.037037