5 0.148338 0.241667 0.015152 0.033333
5 0.052053 0.321296 0.031769 0.068519
2 0.036168 0.740278 0.072336 0.099074
2 0.017840 0.870833 0.035679 0.032407
5 0.558407 0.043519 0.057185 0.087037
5 0.648827 0.209722 0.020039 0.050926
5 0.585777 0.337037 0.050342 0.053704
0 0.467498 0.134259 0.254643 0.268519
0 0.431574 0.437500 0.215054 0.265741
5 0.474585 0.630093 0.023460 0.037963
5 0.525660 0.692130 0.050342 0.117593
0 0.422287 0.812963 0.282502 0.370370
0 0.430841 0.850926 0.183284 0.296296
5 0.336999 0.853704 0.030792 0.053704
5 0.696481 0.739352 0.052786 0.060185
0 0.617058 0.929167 0.095308 0.139815
5 0.719941 0.409259 0.012708 0.025926
5 0.715543 0.444907 0.013685 0.015741
5 0.781769 0.534259 0.042522 0.066667
5 0.918866 0.091204 0.010753 0.034259
5 0.943060 0.356481 0.021017 0.046296
5 0.869990 0.462500 0.029326 0.060185
5 0.967009 0.815278 0.034702 0.071296
5 0.936461 0.902315 0.015640 0.036111
5 0.929374 0.950926 0.024927 0.061111