2 0.014418 0.138889 0.028837 0.029630
5 0.057185 0.347222 0.023460 0.048148
5 0.005621 0.568981 0.011241 0.045370
5 0.132698 0.571296 0.009286 0.046296
5 0.168133 0.550000 0.037146 0.083333
1 0.255865 0.045370 0.092375 0.090741
1 0.257576 0.138889 0.171065 0.166667
1 0.253910 0.404167 0.113881 0.197222
1 0.270039 0.585648 0.051320 0.054630
5 0.326246 0.618056 0.030792 0.045370
5 0.078446 0.780556 0.028837 0.024074
1 0.251711 0.817130 0.105572 0.267593
5 0.359971 0.768981 0.022972 0.047222
5 0.445015 0.004630 0.032747 0.009259
5 0.409335 0.042130 0.026882 0.041667
5 0.496334 0.157870 0.041544 0.106481
5 0.421554 0.207407 0.034702 0.087037
5 0.460411 0.522222 0.015640 0.031481
5 0.528837 0.666667 0.039101 0.048148
5 0.515152 0.723148 0.026393 0.057407
5 0.539834 0.934259 0.028837 0.096296
5 0.577713 0.006944 0.016618 0.013889
5 0.615591 0.054167 0.038612 0.108333
5 0.661779 0.093519 0.013685 0.033333
5 0.615591 0.236111 0.032747 0.066667
5 0.660802 0.317593 0.037146 0.068519
5 0.631232 0.413889 0.024927 0.088889
5 0.682063 0.476389 0.040567 0.119444
5 0.746334 0.394907 0.047898 0.080556
5 0.657869 0.567130 0.017595 0.036111
5 0.600684 0.731019 0.023460 0.063889
5 0.590176 0.700000 0.019062 0.033333
5 0.712610 0.946296 0.070381 0.094444
1 0.798143 0.091667 0.141740 0.183333
5 0.829423 0.111574 0.007820 0.025000
1 0.775171 0.190278 0.039101 0.087963
5 0.776393 0.455556 0.021994 0.055556
1 0.799609 0.552778 0.103617 0.185185
5 0.754888 0.640741 0.021994 0.055556
1 0.786413 0.675000 0.100684 0.151852
1 0.792766 0.885185 0.104594 0.188889
1 0.768328 0.958796 0.023460 0.056481
5 0.897849 0.240278 0.081134 0.150926
5 0.919844 0.569907 0.031281 0.062037
5 0.973118 0.528704 0.010753 0.033333
5 0.988270 0.515278 0.022483 0.028704
5 0.970186 0.669444 0.057674 0.107407
5 0.927175 0.822685 0.019550 0.073148
5 0.963343 0.787037 0.053763 0.103704
5 0.965298 0.889352 0.022483 0.089815
5 0.953812 0.976389 0.019062 0.045370
5 0.981916 0.983333 0.017595 0.031481
5 0.911779 0.973148 0.035679 0.050000
5 0.885386 0.978241 0.036657 0.039815
1 0.230450 0.992130 0.052297 0.013889