5 0.048387 0.085648 0.030303 0.054630
5 0.065982 0.069444 0.021505 0.048148
5 0.057429 0.097222 0.023949 0.044444
5 0.079423 0.153241 0.014174 0.034259
5 0.115836 0.269907 0.035191 0.052778
5 0.030547 0.424537 0.017107 0.036111
5 0.032258 0.575000 0.026393 0.066667
5 0.047165 0.533333 0.025904 0.051852
5 0.028104 0.700000 0.019062 0.046296
5 0.012708 0.888889 0.025415 0.068519
5 0.028104 0.894907 0.016129 0.037963
5 0.032991 0.914815 0.014174 0.024074
5 0.099707 0.831944 0.018573 0.041667
5 0.120723 0.823148 0.013685 0.038889
5 0.128543 0.844444 0.012708 0.055556
5 0.071359 0.962500 0.031281 0.071296
5 0.106305 0.981944 0.017107 0.034259
5 0.158113 0.930556 0.020039 0.022222
5 0.146139 0.699074 0.040078 0.062963
5 0.138074 0.645370 0.017107 0.035185
5 0.161046 0.645833 0.020039 0.037963
5 0.098974 0.570370 0.038612 0.055556
5 0.081623 0.596296 0.022483 0.042593
5 0.134653 0.583796 0.029814 0.062037
5 0.173998 0.607407 0.014663 0.038889
5 0.155425 0.573148 0.018573 0.094444
5 0.165200 0.570370 0.031281 0.033333
5 0.092620 0.493519 0.050342 0.079630
5 0.121212 0.537963 0.018573 0.027778
5 0.129765 0.491667 0.033724 0.050000
5 0.257331 0.584259 0.034702 0.055556
5 0.337488 0.593519 0.014174 0.025926
5 0.318671 0.751852 0.024438 0.035185
5 0.284213 0.743056 0.024927 0.034259
5 0.271994 0.719907 0.014174 0.032407
5 0.296921 0.721296 0.033724 0.035185
5 0.288856 0.706019 0.020528 0.049074
5 0.308651 0.697222 0.027859 0.062963
5 0.246334 0.825000 0.018573 0.031481
5 0.273460 0.876852 0.039589 0.042593
5 0.269550 0.899074 0.015152 0.051852
5 0.274682 0.987963 0.039101 0.022222
5 0.045210 0.352778 0.043500 0.053704
5 0.137586 0.192130 0.022972 0.039815
5 0.168377 0.217130 0.024927 0.043519
5 0.160313 0.308333 0.034213 0.042593
5 0.151026 0.356019 0.016618 0.045370
5 0.170332 0.392130 0.034702 0.076852
5 0.270528 0.330556 0.028837 0.075926
5 0.179619 0.133333 0.021994 0.051852
5 0.305718 0.016667 0.032747 0.033333
5 0.298143 0.055556 0.028348 0.062963
5 0.316471 0.067130 0.023949 0.045370
5 0.282991 0.123611 0.021505 0.054630
5 0.317449 0.104630 0.028837 0.048148
5 0.315982 0.187963 0.032747 0.070370
5 0.343109 0.212500 0.011730 0.036111
5 0.317204 0.137500 0.021505 0.039815
5 0.304741 0.216204 0.032747 0.080556
5 0.303519 0.266667 0.031281 0.068519
5 0.291300 0.195370 0.032258 0.038889
5 0.293988 0.171759 0.013196 0.050926
5 0.286657 0.192593 0.021017 0.037037
5 0.325758 0.402315 0.021017 0.049074
5 0.274194 0.555093 0.017595 0.030556
5 0.403470 0.590741 0.016129 0.044444
5 0.402737 0.562963 0.020528 0.029630
5 0.463587 0.540278 0.016129 0.041667
5 0.474340 0.518056 0.013196 0.030556
5 0.527370 0.460648 0.022483 0.039815
5 0.442082 0.180556 0.025904 0.055556
5 0.536413 0.059722 0.045455 0.115741
5 0.453812 0.027315 0.034702 0.030556
5 0.621212 0.422685 0.023460 0.036111
5 0.576246 0.822222 0.018573 0.044444
5 0.644673 0.755093 0.025415 0.039815
5 0.632942 0.699074 0.021505 0.048148
5 0.652737 0.721296 0.026882 0.040741
5 0.674976 0.679630 0.008798 0.027778
5 0.661535 0.668981 0.017107 0.019444
5 0.645894 0.831019 0.035679 0.065741
5 0.661290 0.788426 0.018573 0.032407
5 0.738759 0.912963 0.026882 0.038889
5 0.744624 0.924074 0.009286 0.033333
5 0.778837 0.776389 0.033724 0.045370
5 0.775904 0.733796 0.025904 0.043519
5 0.733382 0.739352 0.016129 0.058333
5 0.774438 0.479167 0.051320 0.075000
5 0.760508 0.491204 0.009775 0.028704
5 0.788123 0.206944 0.042522 0.054630
5 0.772972 0.018519 0.026882 0.037037
5 0.792766 0.029167 0.020528 0.043519
5 0.834311 0.096759 0.025415 0.054630
5 0.764174 0.143519 0.014174 0.022222
5 0.945748 0.056019 0.043011 0.102778
5 0.991935 0.077778 0.015152 0.037037
5 0.961144 0.181481 0.021994 0.055556
5 0.947947 0.169444 0.018084 0.077778
5 0.965054 0.287037 0.013196 0.016667
5 0.943548 0.318519 0.023949 0.038889
5 0.910068 0.284259 0.036168 0.072222
5 0.919355 0.383796 0.019550 0.019444
5 0.935728 0.496759 0.030792 0.043519
5 0.956500 0.498148 0.014663 0.040741
5 0.953324 0.505093 0.019062 0.041667
5 0.982649 0.529167 0.014174 0.043519
5 0.884897 0.652315 0.015152 0.030556
5 0.908602 0.818056 0.017595 0.036111
5 0.898583 0.814815 0.010264 0.022222
5 0.936950 0.750463 0.022483 0.041667
5 0.943793 0.788426 0.029326 0.056481
5 0.923998 0.854630 0.032747 0.059259
5 0.936217 0.822222 0.009286 0.035185
5 0.955279 0.908333 0.021994 0.033333
5 0.967498 0.861574 0.016129 0.043519
5 0.979472 0.857870 0.029326 0.036111
5 0.994868 0.896296 0.006354 0.018519
5 0.978495 0.644907 0.017595 0.030556
5 0.975073 0.638889 0.013685 0.055556
5 0.981183 0.596759 0.011241 0.039815
5 0.992913 0.424074 0.012219 0.031481
5 0.989247 0.400000 0.020528 0.042593
5 0.995357 0.366667 0.008309 0.033333
5 0.991691 0.233333 0.014663 0.031481
5 0.984604 0.105556 0.021994 0.031481
5 0.948192 0.092130 0.013685 0.030556
5 0.893939 0.065278 0.007820 0.013889
5 0.046921 0.654630 0.028348 0.057407
5 0.008065 0.679167 0.015152 0.054630
5 0.014174 0.581944 0.011730 0.026852
5 0.003421 0.201389 0.006843 0.023148
5 0.135142 0.067593 0.020039 0.038889
5 0.167400 0.272222 0.017107 0.051852
5 0.158113 0.666667 0.029814 0.051852
5 0.260020 0.648611 0.018573 0.025000
0 0.545699 0.036111 0.178397 0.072222
4 0.583822 0.063426 0.044477 0.056481
0 0.633187 0.364815 0.124633 0.251852
0 0.542766 0.553241 0.253666 0.891667
0 0.509042 0.296296 0.468719 0.551852
0 0.565249 0.884722 0.171554 0.228704
5 0.565005 0.893981 0.008798 0.037963