5 0.118035 0.020833 0.028837 0.030556
1 0.269306 0.165741 0.189638 0.329630
1 0.236804 0.603704 0.109971 0.259259
1 0.269550 0.766204 0.090420 0.119444
5 0.127322 0.268056 0.026882 0.047222
5 0.117791 0.354630 0.037146 0.057407
5 0.083089 0.464815 0.031281 0.051852
5 0.029326 0.457407 0.032258 0.046296
5 0.011241 0.286574 0.019550 0.056481
5 0.048631 0.532870 0.021994 0.052778
5 0.106061 0.575000 0.039101 0.066667
5 0.017595 0.578241 0.032258 0.025000
5 0.449169 0.921296 0.044966 0.077778
5 0.551564 0.782870 0.047410 0.076852
5 0.640274 0.721296 0.053763 0.081481
5 0.704790 0.702778 0.052786 0.057407
5 0.691593 0.815741 0.025415 0.072222
5 0.675220 0.890741 0.032747 0.081481
1 0.783236 0.930093 0.113881 0.134259
5 0.536657 0.859259 0.043011 0.057407
5 0.480205 0.696759 0.039589 0.089815
5 0.141496 0.921296 0.059140 0.081481
5 0.073069 0.866667 0.052297 0.090741
5 0.140762 0.662037 0.039101 0.055556
5 0.021017 0.946759 0.042033 0.082407
1 0.276149 0.920370 0.107527 0.153704
5 0.235826 0.865278 0.039589 0.043519
5 0.449902 0.429167 0.029814 0.063889
5 0.412757 0.353704 0.032747 0.062963
5 0.525904 0.142593 0.064516 0.077778
5 0.408113 0.143519 0.042033 0.079630
5 0.453812 0.038889 0.040567 0.055556
5 0.414467 0.228704 0.029326 0.090741
5 0.366325 0.246296 0.032747 0.046296
5 0.276149 0.445833 0.047898 0.054630
5 0.225562 0.442593 0.034702 0.061111
5 0.304008 0.670370 0.024438 0.046296
5 0.584555 0.597222 0.018573 0.048148
5 0.880499 0.948611 0.034702 0.097222
5 0.975318 0.957870 0.042522 0.065741
5 0.960411 0.525463 0.043011 0.076852
5 0.852639 0.551389 0.027859 0.089815
5 0.915200 0.390278 0.096285 0.254630
5 0.983382 0.442593 0.026393 0.070370
5 0.906647 0.203241 0.036168 0.075000
5 0.901515 0.116667 0.027859 0.059259
5 0.936950 0.096296 0.029326 0.050000
5 0.883675 0.093056 0.038123 0.065741
5 0.651760 0.263426 0.039589 0.073148
1 0.793988 0.679167 0.096285 0.252778
5 0.726784 0.655556 0.034213 0.046296
1 0.787634 0.457407 0.107038 0.164815
5 0.860459 0.391204 0.026882 0.060185
1 0.803763 0.315278 0.151026 0.128704
1 0.787634 0.145833 0.113881 0.237963
5 0.827957 0.122685 0.038123 0.073148
5 0.668622 0.497222 0.036168 0.037037
5 0.396383 0.942593 0.027370 0.057407
5 0.893695 0.737037 0.065005 0.205556
5 0.961388 0.740741 0.070381 0.187037