5 0.029814 0.103241 0.043011 0.063889
5 0.099707 0.142593 0.053763 0.037037
5 0.185484 0.188426 0.045455 0.080556
5 0.212121 0.184259 0.039101 0.094444
5 0.313294 0.035185 0.037146 0.066667
5 0.273216 0.186574 0.028348 0.037963
5 0.312561 0.198611 0.025904 0.082407
5 0.293744 0.156944 0.058651 0.041667
5 0.286168 0.268981 0.048387 0.086111
5 0.274438 0.378241 0.036657 0.052778
5 0.277126 0.318056 0.030303 0.058333
5 0.029326 0.443981 0.047898 0.052778
5 0.104106 0.374537 0.037146 0.087963
5 0.111926 0.447685 0.025415 0.058333
5 0.132698 0.426852 0.046432 0.079630
5 0.171799 0.406481 0.035679 0.072222
5 0.088710 0.796759 0.029814 0.049074
5 0.038612 0.926852 0.026393 0.053704
5 0.095552 0.972685 0.070870 0.050926
5 0.124633 0.960648 0.037146 0.047222
5 0.258065 0.943519 0.037146 0.096296
5 0.272483 0.924537 0.056207 0.089815
5 0.310850 0.937037 0.043011 0.096296
5 0.400538 0.903704 0.040567 0.057407
5 0.418866 0.948611 0.039101 0.067593
5 0.261975 0.818056 0.039101 0.036111
5 0.259775 0.561111 0.044477 0.070370
5 0.430841 0.487037 0.039589 0.059259
5 0.445015 0.469444 0.022972 0.057407
0 0.555474 0.838426 0.301564 0.313889
0 0.591887 0.318056 0.355816 0.636111
3 0.512952 0.406481 0.099218 0.164815
5 0.741935 0.787037 0.034213 0.057407
5 0.774438 0.768981 0.049365 0.082407
5 0.907625 0.807407 0.028348 0.062963
5 0.967498 0.875926 0.032747 0.100000
5 0.912512 0.931481 0.040078 0.062963
5 0.864370 0.934259 0.027859 0.031481
5 0.890518 0.881944 0.023460 0.050926
5 0.763196 0.449074 0.034702 0.057407
5 0.780059 0.497222 0.032258 0.061111
5 0.891251 0.554630 0.024927 0.077778
5 0.922287 0.575926 0.032258 0.064815
5 0.980938 0.637037 0.035191 0.057407
5 0.967253 0.587500 0.033236 0.050926
5 0.882942 0.498611 0.021994 0.041667
5 0.903715 0.511111 0.029326 0.055556
5 0.973363 0.380093 0.034702 0.065741
5 0.958456 0.306481 0.036168 0.055556
5 0.922287 0.268056 0.039101 0.050926
5 0.923509 0.232407 0.025904 0.053704
5 0.764663 0.237037 0.045455 0.057407
5 0.766129 0.193519 0.045455 0.090741
5 0.798143 0.193519 0.018573 0.037037
5 0.805230 0.137963 0.031769 0.051852
5 0.857283 0.112500 0.037146 0.047222
5 0.809384 0.075926 0.039101 0.064815
5 0.762952 0.052315 0.027370 0.047222
5 0.778104 0.036574 0.064516 0.067593
5 0.862414 0.066667 0.036657 0.059259
5 0.915200 0.100463 0.047410 0.073148
5 0.904203 0.062500 0.063539 0.084259