5 0.346041 0.381019 0.068426 0.087963
5 0.325758 0.339352 0.039589 0.049074
5 0.317693 0.272222 0.055718 0.042593
5 0.261730 0.257870 0.055230 0.078704
5 0.248289 0.198611 0.024438 0.071296
5 0.199413 0.219907 0.054741 0.108333
1 0.240714 0.099537 0.169599 0.199074
5 0.183040 0.077778 0.047410 0.057407
5 0.018573 0.091204 0.031281 0.097222
5 0.329423 0.112963 0.038123 0.053704
5 0.343597 0.074537 0.049853 0.086111
5 0.385142 0.068981 0.043011 0.087963
5 0.320626 0.018981 0.043011 0.037963
5 0.603617 0.080556 0.031281 0.057407
5 0.643939 0.099537 0.053275 0.071296
5 0.662268 0.022685 0.039101 0.039815
5 0.627566 0.160185 0.035191 0.050000
5 0.543988 0.198148 0.046921 0.105556
5 0.595552 0.288426 0.057185 0.100926
5 0.595308 0.380556 0.055718 0.107407
5 0.602884 0.473611 0.046432 0.123148
5 0.539589 0.391204 0.043011 0.060185
5 0.525171 0.461574 0.053275 0.102778
5 0.539345 0.673611 0.071848 0.100926
5 0.590909 0.642130 0.036168 0.067593
5 0.640762 0.569907 0.054741 0.087963
5 0.680841 0.647685 0.048876 0.062037
5 0.716764 0.620833 0.046432 0.052778
5 0.668866 0.451389 0.038612 0.065741
5 0.676931 0.341667 0.043011 0.087037
5 0.644917 0.310648 0.025904 0.039815
5 0.725806 0.234722 0.044966 0.076852
5 0.691349 0.401389 0.039589 0.030556
5 0.711144 0.474074 0.048876 0.070370
1 0.791300 0.505556 0.132942 0.244444
1 0.778348 0.331019 0.108993 0.171296
1 0.764418 0.106019 0.111437 0.202778
5 0.828935 0.138889 0.036168 0.064815
5 0.924976 0.268056 0.039589 0.050926
5 0.903470 0.368519 0.062072 0.118519
5 0.933040 0.132870 0.025415 0.049074
5 0.979717 0.372685 0.027859 0.049074
5 0.966520 0.495370 0.046432 0.092593
5 0.972874 0.601852 0.045455 0.105556
5 0.982649 0.779630 0.027859 0.066667
5 0.882454 0.729630 0.038612 0.107407
5 0.888807 0.849074 0.048387 0.085185
5 0.857771 0.968056 0.058651 0.058333
5 0.571359 0.913889 0.047898 0.096296
5 0.475318 0.822222 0.037634 0.042593
5 0.561339 0.802778 0.030792 0.062963
5 0.540323 0.973148 0.046432 0.048148
5 0.506598 0.923611 0.039589 0.067593
5 0.402004 0.862500 0.046432 0.121296
5 0.402981 0.954167 0.040567 0.041667
5 0.448680 0.953241 0.048876 0.078704
5 0.329912 0.789352 0.024438 0.054630
5 0.369013 0.738426 0.029326 0.054630
5 0.392229 0.694907 0.038612 0.073148
5 0.264174 0.814815 0.039589 0.096296
5 0.199169 0.843519 0.022972 0.051852
5 0.298143 0.931019 0.044966 0.097222
1 0.242669 0.923611 0.089443 0.147222
5 0.229961 0.587037 0.064027 0.081481
5 0.185973 0.589815 0.028837 0.048148
5 0.142229 0.507870 0.032258 0.047222
5 0.161046 0.464815 0.028837 0.070370
5 0.026882 0.462500 0.037146 0.075000
5 0.064761 0.484722 0.035679 0.078704
1 0.244135 0.398148 0.081623 0.235185
5 0.200635 0.459722 0.045455 0.073148
1 0.255865 0.689815 0.132454 0.140741
1 0.761730 0.687037 0.168622 0.192593
1 0.795210 0.866204 0.103617 0.262037
5 0.956500 0.754167 0.037146 0.058333
5 0.412268 0.535648 0.017107 0.019444
5 0.368524 0.220370 0.028348 0.048148
5 0.479472 0.290741 0.024438 0.044444
5 0.606305 0.970370 0.033724 0.053704
5 0.354350 0.328704 0.025415 0.038889
5 0.375367 0.410185 0.030303 0.035185
5 0.162512 0.186111 0.038612 0.033333
5 0.168866 0.949074 0.034702 0.050000
5 0.163001 0.894907 0.032747 0.063889
5 0.462121 0.105556 0.036657 0.040741
5 0.431818 0.080093 0.030792 0.060185
5 0.523216 0.054167 0.069892 0.106481
5 0.450391 0.038889 0.064027 0.075926
5 0.467498 0.385648 0.021017 0.039815
5 0.456256 0.335648 0.042522 0.076852
5 0.446237 0.415278 0.062561 0.041667
5 0.410557 0.401852 0.038123 0.055556
5 0.944526 0.924537 0.055230 0.126852
5 0.904203 0.928704 0.026393 0.057407
5 0.901026 0.519444 0.012219 0.037037
5 0.702102 0.810185 0.025904 0.051852
5 0.676442 0.897222 0.063539 0.107407
5 0.701369 0.871296 0.029326 0.059259