5 0.973118 0.974537 0.027370 0.049074
5 0.869746 0.970833 0.030792 0.056481
5 0.424731 0.949537 0.034213 0.086111
5 0.191593 0.885185 0.020528 0.042593
5 0.234115 0.848148 0.027370 0.037037
5 0.966520 0.863426 0.032747 0.069444
5 0.793988 0.845370 0.050342 0.061111
5 0.897116 0.842593 0.027859 0.055556
5 0.114858 0.806944 0.031281 0.058333
5 0.757331 0.745370 0.030792 0.038889
5 0.273705 0.699074 0.013685 0.044444
5 0.761486 0.677315 0.020528 0.052778
5 0.973607 0.664815 0.030303 0.020370
4 0.642962 0.660185 0.021017 0.083333
3 0.325758 0.636574 0.031769 0.037963
5 0.850684 0.637500 0.021994 0.049074
5 0.801075 0.621296 0.014663 0.029630
5 0.385630 0.612037 0.030303 0.037037
5 0.057674 0.594907 0.037146 0.071296
5 0.864614 0.560185 0.029326 0.066667
5 0.658847 0.529167 0.033236 0.039815
3 0.193304 0.493519 0.032747 0.064815
5 0.862414 0.464352 0.032747 0.086111
5 0.569404 0.438889 0.037146 0.074074
5 0.641496 0.308796 0.026882 0.030556
5 0.547654 0.249074 0.032747 0.055556
5 0.095552 0.226852 0.049365 0.044444
5 0.424242 0.187037 0.032258 0.050000
5 0.893451 0.168981 0.018573 0.047222
5 0.319159 0.157870 0.042033 0.073148
5 0.049120 0.143519 0.020039 0.048148
5 0.276882 0.144444 0.057185 0.066667
5 0.256598 0.115278 0.028348 0.028704
5 0.971408 0.166667 0.029814 0.105556
5 0.908113 0.086111 0.030303 0.048148
0 0.676686 0.070833 0.027859 0.141667
5 0.640762 0.012963 0.022483 0.025926
0 0.550098 0.071759 0.150049 0.143519
0 0.455767 0.050000 0.033724 0.100000
5 0.121945 0.226389 0.030792 0.041667
5 0.260264 0.175463 0.033724 0.086111
5 0.102395 0.026852 0.030792 0.051852
5 0.269795 0.041667 0.031281 0.040741
5 0.288123 0.285185 0.042522 0.075926
5 0.322825 0.270833 0.043500 0.073148
5 0.407869 0.143981 0.031769 0.062037
5 0.017595 0.696759 0.035191 0.060185
5 0.113148 0.910185 0.021017 0.050000
5 0.092131 0.981019 0.026882 0.032407
5 0.100440 0.905556 0.029814 0.051852
5 0.079668 0.797222 0.025415 0.050000
5 0.271505 0.940741 0.033724 0.079630
5 0.327713 0.697685 0.024927 0.047222
5 0.425464 0.799074 0.038612 0.055556
5 0.422532 0.393056 0.048387 0.071296
5 0.417889 0.439352 0.037146 0.045370
5 0.406891 0.505556 0.021994 0.050000
5 0.430108 0.491667 0.037146 0.046296
5 0.435484 0.467593 0.026393 0.050000
5 0.649071 0.204630 0.039101 0.042593
5 0.663001 0.269907 0.028837 0.039815
5 0.746090 0.054630 0.035679 0.064815
5 0.779081 0.046296 0.043988 0.092593
5 0.784213 0.157870 0.027859 0.037963
0 0.597507 0.431019 0.282991 0.543519
0 0.561584 0.801389 0.222874 0.393519
5 0.568182 0.514815 0.029814 0.062963
5 0.659824 0.965741 0.028348 0.061111
5 0.724096 0.925926 0.045455 0.138889
5 0.694282 0.971296 0.038612 0.050000
5 0.767107 0.480093 0.030792 0.086111
5 0.755132 0.429167 0.035191 0.076852
5 0.798387 0.336574 0.027859 0.071296
5 0.755376 0.325463 0.022972 0.060185
5 0.770772 0.311574 0.019550 0.050926
5 0.913734 0.219444 0.030792 0.064815
5 0.887341 0.275000 0.027859 0.055556
5 0.881965 0.304167 0.018084 0.050926
5 0.896139 0.751852 0.026882 0.061111
5 0.916422 0.732870 0.030303 0.052778
5 0.917889 0.775000 0.027370 0.038889
5 0.947703 0.360185 0.027370 0.053704
5 0.982405 0.511574 0.026393 0.056481
5 0.914712 0.485648 0.039589 0.099074
5 0.921310 0.406481 0.020528 0.051852
5 0.973851 0.387037 0.022972 0.048148
5 0.978983 0.450463 0.030303 0.043519