5 0.729717 0.170370 0.045943 0.096296
5 0.597263 0.108333 0.030303 0.088889
5 0.501466 0.359259 0.033236 0.066667
5 0.504399 0.566204 0.020528 0.039815
5 0.367302 0.621759 0.027859 0.050926
5 0.854594 0.542593 0.038612 0.072222
5 0.773949 0.962037 0.039589 0.066667
5 0.866569 0.421759 0.043988 0.037963
1 0.843109 0.300926 0.133920 0.190741
1 0.855083 0.180093 0.104106 0.125000
5 0.863881 0.079167 0.026882 0.050926
1 0.958211 0.156944 0.077713 0.250926
5 0.975318 0.653241 0.021994 0.050926
5 0.932551 0.440741 0.031281 0.053704
5 0.581623 0.272685 0.026393 0.037963
5 0.737292 0.488426 0.024927 0.054630
5 0.663245 0.459722 0.024438 0.041667
5 0.564027 0.712037 0.031281 0.037037
5 0.179863 0.728704 0.036168 0.070370
5 0.206989 0.820833 0.044477 0.062037
1 0.304741 0.950926 0.069892 0.096296
1 0.327957 0.812963 0.173998 0.255556
5 0.249022 0.631019 0.041544 0.137963
5 0.019795 0.083796 0.026882 0.065741
5 0.011241 0.211111 0.022483 0.033333
5 0.021261 0.865278 0.029814 0.058333
5 0.052297 0.510185 0.031281 0.033333
5 0.420821 0.303241 0.028348 0.032407
1 0.317204 0.553241 0.092864 0.289815
1 0.304497 0.331481 0.192571 0.398148
1 0.318671 0.113889 0.224829 0.222222
1 0.830156 0.761574 0.133431 0.189815
1 0.814761 0.625000 0.080156 0.162963