5 0.216520 0.983796 0.013685 0.030556
5 0.020283 0.925000 0.011241 0.040741
5 0.216520 0.823148 0.014663 0.046296
5 0.935239 0.771759 0.027859 0.056481
5 0.180352 0.768519 0.077224 0.131481
5 0.119013 0.627315 0.021994 0.049074
5 0.923754 0.633796 0.006843 0.023148
5 0.927419 0.600000 0.015152 0.025926
5 0.260020 0.575463 0.008798 0.025000
5 0.725806 0.475463 0.066471 0.100926
5 0.324780 0.425000 0.017107 0.020370
5 0.593597 0.418056 0.040567 0.082407
5 0.722874 0.308333 0.009775 0.046296
5 0.938416 0.270370 0.029326 0.072222
5 0.178152 0.259722 0.044477 0.078704
5 0.347996 0.184259 0.019550 0.029630
5 0.990225 0.174537 0.018573 0.058333
5 0.982649 0.138889 0.008309 0.018519
5 0.154936 0.134259 0.009775 0.024074
5 0.710655 0.544907 0.056696 0.093519
5 0.706500 0.662500 0.062072 0.160185
5 0.662023 0.900926 0.093353 0.196296
5 0.737537 0.855556 0.096774 0.287037
5 0.778348 0.967130 0.016129 0.050926
0 0.414712 0.452315 0.488270 0.391667
0 0.433040 0.776389 0.304008 0.428704
0 0.481427 0.224074 0.227761 0.446296