3 0.738514 0.970370 0.038123 0.057407
3 0.888807 0.793056 0.043500 0.132407
5 0.991202 0.755556 0.016618 0.027778
5 0.626833 0.773148 0.047410 0.137037
0 0.392962 0.795370 0.402737 0.407407
5 0.994868 0.566204 0.009286 0.034259
5 0.313294 0.568519 0.035191 0.064815
5 0.382209 0.562963 0.030303 0.061111
5 0.299120 0.414352 0.022483 0.047222
3 0.762952 0.349074 0.057674 0.118519
5 0.511975 0.291204 0.044477 0.039815
5 0.492424 0.202778 0.030792 0.075926
5 0.185728 0.199074 0.065494 0.077778
5 0.280792 0.151852 0.067937 0.129630
0 0.487292 0.386574 0.446725 0.367593
0 0.448436 0.147222 0.195992 0.290741
5 0.122434 0.675463 0.021994 0.030556