5 0.328446 0.136111 0.068426 0.148148
5 0.195503 0.281019 0.048876 0.089815
5 0.092131 0.121296 0.067937 0.127778
1 0.024682 0.130556 0.049365 0.251852
5 0.007820 0.293519 0.015640 0.048148
1 0.029326 0.461574 0.057674 0.139815
5 0.005376 0.548611 0.010753 0.034259
5 0.099951 0.611574 0.070870 0.121296
1 0.022972 0.962963 0.041056 0.068519
5 0.102395 0.977315 0.051320 0.039815
5 0.221163 0.935648 0.078690 0.123148
5 0.297165 0.967593 0.049853 0.059259
5 0.273949 0.844444 0.028837 0.077778
5 0.228983 0.755093 0.090420 0.126852
5 0.271505 0.666204 0.045455 0.047222
5 0.229717 0.482407 0.045943 0.048148
5 0.248778 0.553241 0.020528 0.039815
5 0.224340 0.683796 0.025415 0.032407
5 0.356794 0.594444 0.035191 0.066667
5 0.403959 0.551389 0.042522 0.086111
5 0.462121 0.477315 0.047410 0.076852
5 0.497312 0.492130 0.029814 0.067593
5 0.518817 0.430556 0.023949 0.066667
5 0.584800 0.580556 0.027859 0.055556
1 0.502933 0.845370 0.160313 0.300000
5 0.394673 0.717593 0.021994 0.050000
5 0.608993 0.244907 0.048876 0.078704
5 0.472630 0.308796 0.056696 0.097222
5 0.442815 0.200926 0.023460 0.061111
5 0.427664 0.102778 0.035191 0.081481
5 0.291300 0.013889 0.024438 0.025926
1 0.506598 0.064352 0.125611 0.126852
1 0.514418 0.226389 0.077713 0.204630
5 0.542033 0.215278 0.022483 0.047222
5 0.889541 0.193056 0.041056 0.067593
5 0.838465 0.121759 0.022972 0.043519
5 0.762952 0.184259 0.041056 0.040741
5 0.701613 0.264352 0.031769 0.039815
5 0.831378 0.545370 0.036168 0.072222
5 0.884653 0.975000 0.038123 0.044444
5 0.284946 0.428704 0.072336 0.120370