5 0.203324 0.037037 0.018573 0.033333
5 0.228250 0.072685 0.024438 0.012037
5 0.247556 0.106019 0.020039 0.050926
5 0.232649 0.010648 0.021505 0.021296
2 0.238025 0.028241 0.033236 0.054630
2 0.275171 0.053704 0.067449 0.051852
5 0.270039 0.050926 0.028837 0.059259
2 0.250733 0.156944 0.086022 0.102778
1 0.262708 0.247685 0.065005 0.117593
5 0.284702 0.242130 0.029814 0.043519
2 0.223363 0.341204 0.074291 0.073148
2 0.251222 0.378241 0.031281 0.075000
5 0.278592 0.356481 0.013685 0.029630
5 0.248778 0.354167 0.009775 0.034259
5 0.245112 0.393056 0.018084 0.032407
5 0.238759 0.409722 0.018084 0.032407
2 0.226784 0.435648 0.076246 0.013889
4 0.267351 0.462963 0.024438 0.037037
5 0.244624 0.423611 0.016129 0.028704
2 0.246334 0.640278 0.053763 0.075000
5 0.337732 0.587963 0.028348 0.042593
5 0.271261 0.626389 0.019550 0.034259
2 0.279570 0.597222 0.012708 0.016667
1 0.226784 0.529167 0.085044 0.184259
2 0.280792 0.532870 0.020039 0.021296
2 0.237537 0.485648 0.062561 0.012037
1 0.244379 0.741667 0.106549 0.153704
2 0.188905 0.919444 0.092375 0.157407
1 0.224829 0.931481 0.069404 0.135185
5 0.032991 0.847222 0.021017 0.059259
5 0.180596 0.481944 0.021994 0.050926
5 0.204301 0.258333 0.024438 0.050000
5 0.347752 0.851389 0.035679 0.039815
5 0.379032 0.882407 0.014174 0.044444
5 0.365347 0.095833 0.022972 0.047222
5 0.453324 0.053704 0.026882 0.044444
5 0.459433 0.263426 0.028348 0.050926
5 0.362414 0.360185 0.025904 0.035185
5 0.370235 0.516204 0.018084 0.039815
5 0.462366 0.517130 0.022483 0.043519
5 0.476051 0.564352 0.018573 0.041667
5 0.457478 0.589815 0.016618 0.046296
5 0.468475 0.624537 0.025904 0.039815
5 0.446970 0.693519 0.028837 0.046296
5 0.474829 0.662037 0.035679 0.072222
5 0.472874 0.777778 0.030792 0.040741
5 0.469697 0.727778 0.018573 0.031481
5 0.477517 0.743519 0.017595 0.029630
5 0.466520 0.806019 0.013196 0.026852
5 0.456745 0.798148 0.012219 0.027778
5 0.538368 0.793056 0.030792 0.034259
5 0.566471 0.823611 0.025415 0.037963
5 0.619013 0.882407 0.024927 0.051852
5 0.560850 0.919444 0.015152 0.044444
5 0.652004 0.777778 0.025415 0.044444
5 0.662757 0.801389 0.024438 0.037963
5 0.537634 0.050463 0.018573 0.037963
5 0.647361 0.100000 0.022972 0.044444
5 0.645406 0.036574 0.021994 0.043519
5 0.661535 0.019907 0.015152 0.039815
5 0.700635 0.079167 0.014174 0.019444
5 0.568915 0.226389 0.020528 0.036111
5 0.531769 0.355093 0.028348 0.047222
5 0.640029 0.449537 0.017107 0.032407
5 0.544966 0.576389 0.014663 0.041667
5 0.691593 0.767130 0.036168 0.049074
5 0.702102 0.885185 0.020039 0.035185
5 0.669355 0.023611 0.014174 0.045370
1 0.738270 0.035185 0.100196 0.070370
5 0.826979 0.024074 0.022483 0.038889
5 0.847752 0.076852 0.024927 0.044444
5 0.836266 0.124537 0.013685 0.036111
1 0.744379 0.145370 0.094819 0.135185
3 0.784213 0.155093 0.038612 0.089815
5 0.768328 0.218519 0.021505 0.062963
1 0.745846 0.286574 0.132942 0.119444
1 0.748778 0.450463 0.156403 0.180556
5 0.796432 0.400463 0.022972 0.037963
5 0.839443 0.320833 0.020039 0.034259
5 0.809629 0.403704 0.011241 0.035185
5 0.843109 0.405093 0.020528 0.023148
5 0.820626 0.372222 0.011730 0.029630
5 0.837243 0.446759 0.025415 0.041667
5 0.820870 0.437500 0.020039 0.036111
1 0.736804 0.597685 0.150049 0.193519
2 0.718475 0.505093 0.051808 0.060185
4 0.714809 0.656944 0.035679 0.093519
5 0.824780 0.685648 0.022972 0.041667
5 0.832111 0.732870 0.019062 0.036111
5 0.899071 0.606481 0.027859 0.051852
1 0.751711 0.767130 0.104594 0.189815
1 0.766129 0.910185 0.127566 0.175926
5 0.706500 0.918981 0.013196 0.026852
5 0.879032 0.026389 0.021994 0.030556
5 0.933773 0.041667 0.021994 0.046296
5 0.948680 0.050926 0.013685 0.048148
5 0.927175 0.081481 0.023460 0.064815
5 0.992913 0.015278 0.009286 0.026852
5 0.980938 0.089352 0.022483 0.058333
5 0.963099 0.116667 0.014174 0.040741
5 0.987292 0.126389 0.022483 0.030556
5 0.993891 0.067593 0.011241 0.029630
5 0.993157 0.157407 0.012708 0.059259
5 0.982649 0.235648 0.032747 0.039815
5 0.930841 0.206944 0.025904 0.052778
5 0.960655 0.200463 0.020039 0.062037
5 0.940371 0.186111 0.014663 0.051852
5 0.948680 0.217130 0.023460 0.047222
5 0.939638 0.241204 0.012219 0.030556
5 0.986559 0.258333 0.012219 0.022222
5 0.981427 0.342593 0.020528 0.044444
5 0.956012 0.433796 0.018573 0.041667
5 0.943548 0.450000 0.018084 0.027778
5 0.914712 0.490278 0.024927 0.041667
5 0.927419 0.416667 0.018084 0.033333
5 0.902737 0.401389 0.029326 0.054630
5 0.945259 0.345833 0.016618 0.030556
5 0.921310 0.360648 0.013685 0.043519
5 0.902004 0.328241 0.013196 0.037963
5 0.942571 0.298611 0.015152 0.023148
5 0.908113 0.451852 0.011730 0.027778
5 0.940371 0.529167 0.017595 0.032407
5 0.987537 0.529167 0.022972 0.012037
5 0.990714 0.519444 0.017595 0.057407
5 0.894917 0.535185 0.018573 0.044444
5 0.909091 0.543981 0.020528 0.045370
5 0.939394 0.713426 0.022483 0.034259
5 0.955034 0.733333 0.021505 0.044444
5 0.940127 0.749074 0.016129 0.044444
5 0.937195 0.883333 0.018084 0.053704
5 0.990714 0.887037 0.016618 0.046296
5 0.896383 0.907870 0.016618 0.041667
5 0.885875 0.922685 0.030792 0.041667
5 0.934995 0.919444 0.028348 0.031481
5 0.948436 0.883333 0.022972 0.016667
5 0.942082 0.899537 0.016129 0.028704
5 0.956989 0.564352 0.010753 0.025000
5 0.934995 0.551389 0.014663 0.028704
5 0.963343 0.835185 0.010753 0.027778
5 0.952102 0.979167 0.014663 0.028704
5 0.277615 0.016204 0.029326 0.032407
5 0.527615 0.274537 0.021017 0.025000
5 0.527615 0.420833 0.013196 0.036111
5 0.942326 0.593519 0.015640 0.042593
5 0.933284 0.625000 0.026882 0.066667
5 0.921065 0.069444 0.020039 0.024074