5 0.034946 0.012037 0.014174 0.024074
5 0.058407 0.015278 0.021017 0.030556
5 0.008309 0.542593 0.016618 0.042593
5 0.008065 0.706944 0.011241 0.058333
5 0.077713 0.666204 0.005865 0.021296
5 0.031036 0.393981 0.011241 0.019444
5 0.003910 0.146296 0.007820 0.011111
5 0.260020 0.415278 0.012708 0.045370
5 0.319892 0.938426 0.021994 0.062037
5 0.363148 0.273148 0.025415 0.035185
5 0.724829 0.267593 0.015640 0.048148
5 0.626344 0.653704 0.031769 0.059259
5 0.661290 0.850926 0.010753 0.020370
5 0.739980 0.928241 0.026393 0.045370
5 0.758553 0.493519 0.115347 0.185185
5 0.645161 0.004167 0.011730 0.008333
5 0.655914 0.088426 0.008798 0.015741
0 0.515885 0.283333 0.255621 0.566667
0 0.507820 0.712037 0.153470 0.420370
0 0.452102 0.852315 0.131965 0.293519
0 0.524927 0.947222 0.066471 0.103704
5 0.956500 0.920370 0.024438 0.014815
4 0.943793 0.606019 0.003910 0.017593
5 0.950391 0.239815 0.013196 0.044444
5 0.086755 0.392593 0.005376 0.016667
5 0.001711 0.324074 0.003421 0.012963
5 0.021750 0.434259 0.011241 0.024074
5 0.019306 0.537500 0.011241 0.010185
5 0.035435 0.444444 0.011241 0.014815
4 0.031281 0.904630 0.033236 0.081481
5 0.003177 0.920833 0.006354 0.008333
5 0.831867 0.647685 0.015640 0.034259