2 0.900538 0.962500 0.028837 0.073148
5 0.086022 0.963889 0.068426 0.070370
3 0.666422 0.924074 0.023949 0.061111
5 0.369501 0.905093 0.018573 0.021296
5 0.053519 0.885185 0.013196 0.029630
2 0.904203 0.848148 0.012708 0.029630
5 0.859971 0.835185 0.012219 0.035185
5 0.541056 0.821759 0.023460 0.015741
5 0.569648 0.769907 0.028837 0.087963
5 0.064516 0.766667 0.011730 0.027778
5 0.536901 0.763426 0.011241 0.030556
5 0.059629 0.697685 0.036168 0.058333
5 0.064027 0.615278 0.029326 0.047222
5 0.568426 0.611574 0.011730 0.021296
1 0.015152 0.631019 0.030303 0.080556
5 0.102639 0.507870 0.042033 0.047222
3 0.920088 0.504630 0.029814 0.050000
2 0.935973 0.440741 0.043011 0.061111
5 0.175464 0.409722 0.057674 0.082407
5 0.528837 0.414352 0.015640 0.028704
5 0.495112 0.364352 0.018573 0.036111
5 0.337243 0.359722 0.013685 0.034259
5 0.538368 0.370833 0.043500 0.091667
5 0.555230 0.296759 0.014663 0.028704
5 0.943304 0.292130 0.033236 0.060185
5 0.300342 0.300926 0.055230 0.112963
5 0.326246 0.206481 0.014174 0.031481
5 0.170088 0.207870 0.062561 0.071296
5 0.530547 0.195833 0.016129 0.056481
5 0.883187 0.120370 0.009775 0.024074
5 0.407380 0.104167 0.027859 0.091667
5 0.535679 0.062037 0.009775 0.025926
5 0.660802 0.067593 0.048876 0.098148
5 0.165445 0.042130 0.039589 0.052778
5 0.218719 0.036574 0.027859 0.065741
5 0.103372 0.030093 0.053275 0.060185
5 0.296676 0.099074 0.044966 0.087037
5 0.340665 0.055556 0.044966 0.100000
5 0.487537 0.398611 0.031769 0.069444
1 0.477028 0.077315 0.096774 0.154630
1 0.448925 0.252778 0.121701 0.268519
5 0.528837 0.596759 0.024438 0.060185
1 0.442082 0.469907 0.093353 0.189815
1 0.444282 0.698611 0.156403 0.365741
1 0.465543 0.923148 0.128543 0.151852
5 0.289101 0.829167 0.062072 0.152778
5 0.324536 0.812037 0.043988 0.066667