5 0.908113 0.868056 0.019550 0.043519
5 0.880743 0.866204 0.034213 0.069444
5 0.890274 0.805093 0.021017 0.063889
2 0.983627 0.814352 0.021994 0.065741
5 0.353861 0.756019 0.016618 0.015741
2 0.930108 0.743519 0.034213 0.046296
2 0.843597 0.699537 0.021505 0.058333
0 0.454790 0.838426 0.096285 0.321296
5 0.939150 0.665741 0.029814 0.042593
5 0.488270 0.662037 0.019550 0.050000
5 0.295210 0.623148 0.015640 0.031481
5 0.992424 0.458796 0.014174 0.034259
2 0.918866 0.412963 0.029326 0.042593
5 0.520283 0.425463 0.033724 0.030556
0 0.510020 0.542130 0.413978 0.341667
2 0.079668 0.330093 0.060606 0.082407
5 0.204790 0.309722 0.020528 0.034259
5 0.811339 0.245370 0.010753 0.033333
5 0.295943 0.239815 0.018084 0.033333
5 0.469208 0.224537 0.082111 0.143519
2 0.284702 0.179630 0.030792 0.051852
2 0.857771 0.150463 0.039101 0.080556
5 0.947458 0.105556 0.033724 0.055556
5 0.888074 0.026389 0.010753 0.025000
0 0.438905 0.104167 0.077224 0.208333
2 0.235093 0.778704 0.042033 0.077778
5 0.217742 0.888426 0.017107 0.043519
2 0.220919 0.841667 0.027370 0.042593
5 0.157625 0.753241 0.018084 0.032407
5 0.123656 0.659722 0.021505 0.030556
0 0.593109 0.950463 0.151026 0.093519
1 0.524438 0.829630 0.118280 0.231481
5 0.636119 0.428241 0.009286 0.032407
5 0.682307 0.513426 0.011730 0.034259
5 0.490469 0.320833 0.118768 0.039815
0 0.491202 0.086111 0.046921 0.172222
2 0.521261 0.093981 0.032747 0.075000
5 0.928886 0.280093 0.025904 0.049074
5 0.940860 0.253704 0.014663 0.031481
5 0.956256 0.212963 0.012219 0.042593
5 0.972385 0.215741 0.016129 0.020370
5 0.960655 0.186111 0.012219 0.027778
5 0.974340 0.181481 0.021017 0.037037
5 0.856794 0.481019 0.016618 0.019444
2 0.972385 0.513889 0.021994 0.053704
2 0.958211 0.450000 0.022972 0.038889
2 0.709189 0.868519 0.043988 0.079630