5 0.401271 0.184259 0.022483 0.037037
5 0.132698 0.433796 0.014174 0.023148
5 0.176931 0.394907 0.008798 0.026852
5 0.118035 0.791667 0.007331 0.025926
5 0.122434 0.754167 0.011241 0.021296
5 0.253177 0.770370 0.017595 0.020370
0 0.462121 0.770833 0.291789 0.454630
0 0.473851 0.303241 0.256598 0.519444
0 0.497067 0.148611 0.202346 0.295370
5 0.925464 0.800000 0.011241 0.024074
5 0.847752 0.091204 0.011241 0.023148
5 0.243891 0.815278 0.010753 0.023148
5 0.309873 0.791667 0.005865 0.012963
2 0.362659 0.796296 0.013685 0.040741
5 0.432307 0.765741 0.007331 0.022222
5 0.354839 0.568519 0.005865 0.024074
5 0.223363 0.609259 0.008798 0.020370