5 0.614614 0.758333 0.007331 0.033333
5 0.653959 0.692593 0.007820 0.031481
5 0.877810 0.660648 0.026393 0.060185
5 0.726295 0.622685 0.007820 0.019444
5 0.802786 0.602315 0.012219 0.030556
5 0.203079 0.618981 0.038612 0.075000
5 0.394917 0.512500 0.017595 0.034259
5 0.500489 0.496759 0.008798 0.015741
5 0.370723 0.488889 0.021994 0.096296
5 0.413734 0.408333 0.013196 0.025926
5 0.657625 0.390278 0.018084 0.032407
5 0.598729 0.361111 0.054741 0.101852
5 0.413001 0.311111 0.011730 0.018519
5 0.832356 0.235185 0.020528 0.051852
5 0.135386 0.168519 0.057674 0.101852
5 0.657136 0.086111 0.021994 0.031481
5 0.156158 0.041667 0.111926 0.083333
5 0.155914 0.268056 0.028348 0.082407
5 0.265885 0.387500 0.050831 0.119444
5 0.138074 0.481481 0.042522 0.090741
5 0.195259 0.401389 0.033724 0.060185
5 0.211144 0.488889 0.019550 0.040741
5 0.253177 0.652315 0.025415 0.050926
5 0.256598 0.588426 0.020528 0.052778
5 0.217009 0.813426 0.039101 0.019444
5 0.222630 0.877778 0.028837 0.055556
5 0.194526 0.939815 0.046921 0.055556
5 0.314027 0.567593 0.027859 0.077778
1 0.391740 0.208796 0.143206 0.226852
1 0.406158 0.086111 0.145650 0.172222
5 0.293988 0.217593 0.039589 0.024074
5 0.509531 0.973148 0.018084 0.050000
5 0.598974 0.934259 0.033724 0.051852
5 0.615103 0.476389 0.026882 0.047222
5 0.626344 0.547685 0.024927 0.115741
5 0.789834 0.826852 0.056696 0.053704
5 0.991202 0.854167 0.016618 0.025000
5 0.991691 0.776852 0.015640 0.020370
5 0.958700 0.618519 0.029814 0.025926
5 0.807185 0.448611 0.034702 0.076852
1 0.964809 0.032870 0.067449 0.065741
1 0.983627 0.257870 0.031769 0.030556
1 0.976051 0.154630 0.046921 0.133333
5 0.455034 0.713426 0.025415 0.045370
5 0.389296 0.888889 0.013196 0.050000
5 0.423754 0.864815 0.043988 0.068519
1 0.408358 0.738426 0.067937 0.225000
5 0.367058 0.809722 0.049853 0.089815
1 0.427175 0.942593 0.055718 0.112963
5 0.407380 0.482870 0.036657 0.130556
5 0.544966 0.441204 0.033236 0.032407
5 0.684262 0.269907 0.016618 0.030556
5 0.512952 0.298611 0.042522 0.076852
5 0.556207 0.097222 0.018573 0.044444
5 0.591887 0.027315 0.022483 0.054630
5 0.645406 0.165741 0.061095 0.088889
5 0.668377 0.016204 0.030792 0.032407
5 0.705767 0.011111 0.029326 0.022222