5 0.428641 0.913426 0.024438 0.037963
5 0.566227 0.862037 0.009286 0.025926
5 0.074780 0.840741 0.027370 0.064815
5 0.053519 0.628704 0.023949 0.037037
5 0.605572 0.509259 0.009775 0.022222
5 0.633187 0.487963 0.008309 0.024074
5 0.059384 0.476389 0.028837 0.028704
5 0.985582 0.496296 0.026882 0.070370
5 0.003666 0.437037 0.007331 0.057407
5 0.659824 0.395370 0.017595 0.014815
5 0.348240 0.389815 0.011241 0.014815
5 0.474585 0.360648 0.019550 0.028704
5 0.982160 0.315278 0.028837 0.067593
5 0.875122 0.284259 0.020039 0.040741
5 0.021505 0.165741 0.021505 0.040741
2 0.502199 0.169907 0.056207 0.043519
5 0.932307 0.154630 0.024927 0.046296
5 0.171799 0.010185 0.033724 0.020370
5 0.021994 0.945370 0.021505 0.033333
5 0.065494 0.269907 0.030303 0.050926
5 0.271017 0.928241 0.022972 0.037963
5 0.279814 0.888889 0.032747 0.061111
5 0.147849 0.082870 0.026882 0.045370
5 0.161779 0.040741 0.010753 0.027778
5 0.211144 0.577315 0.037146 0.026852
5 0.218475 0.585648 0.019550 0.067593
5 0.238514 0.543056 0.028348 0.062037
5 0.244624 0.589815 0.014174 0.024074
0 0.537634 0.861111 0.149560 0.275926
0 0.559629 0.611574 0.327468 0.252778
5 0.520528 0.096759 0.045943 0.078704
0 0.529570 0.116667 0.090420 0.233333
5 0.982649 0.925463 0.024927 0.034259
5 0.971163 0.795833 0.013685 0.036111
5 0.989492 0.784722 0.017107 0.028704
5 0.914956 0.544444 0.031281 0.059259
5 0.774682 0.051852 0.020528 0.037037
5 0.790323 0.041667 0.013685 0.037037
5 0.775171 0.218519 0.029326 0.038889
5 0.770772 0.262500 0.030303 0.067593
5 0.801320 0.299537 0.011241 0.015741
5 0.738514 0.248611 0.028348 0.037963
5 0.750489 0.242593 0.018084 0.050000