5 0.965787 0.828241 0.044966 0.078704
4 0.977273 0.548611 0.040567 0.087963
5 0.940127 0.276852 0.013196 0.024074
5 0.793011 0.347222 0.121701 0.237037
5 0.768573 0.526852 0.042522 0.079630
5 0.803030 0.011574 0.029326 0.023148
5 0.684751 0.016204 0.015640 0.032407
5 0.688661 0.518981 0.033236 0.071296
5 0.656158 0.687500 0.086510 0.134259
0 0.418133 0.751852 0.349462 0.494444
5 0.560850 0.641204 0.087488 0.169444
0 0.473363 0.232407 0.184262 0.462963
0 0.423265 0.328241 0.268817 0.619444
5 0.019550 0.057870 0.039101 0.115741
5 0.024682 0.637500 0.049365 0.115741