5 0.626100 0.961574 0.018573 0.017593
5 0.076246 0.925463 0.023460 0.032407
5 0.905181 0.915278 0.018573 0.026852
5 0.714321 0.787963 0.018084 0.042593
5 0.056207 0.781944 0.036168 0.030556
5 0.545943 0.782870 0.020528 0.056481
5 0.652493 0.734722 0.019550 0.037963
5 0.828690 0.693056 0.021994 0.045370
5 0.038123 0.679630 0.066471 0.079630
4 0.317937 0.637037 0.019062 0.027778
5 0.561828 0.677315 0.052297 0.143519
5 0.714809 0.516204 0.017107 0.025000
5 0.226051 0.552778 0.052297 0.116667
5 0.054741 0.482407 0.030303 0.042593
5 0.823314 0.450000 0.019062 0.033333
5 0.583089 0.444907 0.024438 0.030556
5 0.692326 0.439815 0.015152 0.025926
5 0.415934 0.427315 0.018573 0.028704
5 0.775171 0.407870 0.011730 0.023148
5 0.250489 0.433333 0.069892 0.101852
5 0.922532 0.340278 0.021017 0.026852
5 0.190371 0.369444 0.064027 0.088889
5 0.995112 0.339815 0.008798 0.038889
5 0.963587 0.335648 0.024927 0.039815
5 0.355327 0.356944 0.022483 0.095370
5 0.528348 0.317130 0.045943 0.041667
5 0.201613 0.289815 0.015152 0.033333
2 0.890518 0.296759 0.068426 0.047222
1 0.009531 0.280093 0.019062 0.067593
5 0.074047 0.231019 0.030792 0.050926
5 0.163734 0.119907 0.020528 0.023148
5 0.066471 0.117130 0.050831 0.076852
5 0.827713 0.093519 0.021994 0.040741
5 0.312072 0.097685 0.067937 0.089815
5 0.170088 0.134259 0.019550 0.014815
5 0.244624 0.538889 0.018084 0.029630
5 0.288123 0.759259 0.042522 0.057407
5 0.317449 0.730093 0.032747 0.050926
5 0.231427 0.183333 0.034702 0.072222
5 0.266373 0.159722 0.030303 0.067593
5 0.280547 0.138889 0.028348 0.055556
1 0.392473 0.963889 0.069404 0.066667
1 0.461877 0.893519 0.106549 0.207407
5 0.393206 0.878241 0.043500 0.121296
5 0.371457 0.800463 0.064516 0.187963
5 0.357527 0.768981 0.035679 0.054630
1 0.432551 0.717593 0.107527 0.224074
1 0.465054 0.598148 0.131476 0.307407
1 0.475073 0.468056 0.099707 0.254630
1 0.454301 0.114352 0.167644 0.228704
5 0.419355 0.170833 0.043011 0.108333
5 0.521261 0.227778 0.050342 0.135185
5 0.527126 0.146296 0.046432 0.048148
5 0.582111 0.953704 0.046921 0.066667
5 0.584311 0.881944 0.056207 0.150926
5 0.595308 0.515278 0.050831 0.063889
5 0.950147 0.062963 0.013685 0.059259