5 0.463587 0.920370 0.022972 0.038889
5 0.933773 0.819907 0.016129 0.041667
5 0.384164 0.768519 0.039101 0.053704
5 0.613881 0.745370 0.018573 0.050000
1 0.761730 0.804167 0.099218 0.293519
5 0.695748 0.520370 0.038612 0.064815
1 0.775904 0.557870 0.148094 0.226852
5 0.599707 0.389352 0.041056 0.047222
5 0.552297 0.339352 0.017595 0.028704
1 0.784702 0.356019 0.077713 0.204630
5 0.390518 0.256019 0.023460 0.050926
5 0.575758 0.236111 0.035191 0.044444
5 0.982649 0.225463 0.017107 0.034259
5 0.661535 0.196759 0.014174 0.036111
5 0.550098 0.145833 0.032747 0.045370
5 0.622190 0.108333 0.016618 0.046296
5 0.483138 0.072222 0.017107 0.027778
5 0.601417 0.063426 0.028837 0.054630
1 0.757331 0.110185 0.172532 0.111111
5 0.700635 0.030556 0.030792 0.046296
5 0.440371 0.022685 0.027370 0.019444
5 0.622434 0.014352 0.030792 0.028704
5 0.033236 0.561574 0.031281 0.069444
5 0.076491 0.568981 0.041544 0.037963
3 0.092375 0.185185 0.014663 0.035185
5 0.403959 0.702778 0.014174 0.040741
5 0.371701 0.625926 0.015152 0.031481
5 0.393451 0.558333 0.028348 0.042593
5 0.380010 0.626852 0.029814 0.051852
2 0.301075 0.631481 0.033236 0.085185
1 0.231183 0.764815 0.117302 0.283333
5 0.357038 0.131481 0.023949 0.040741
5 0.409824 0.145370 0.016129 0.033333
5 0.324780 0.068519 0.044477 0.044444
5 0.256109 0.438889 0.035191 0.057407
1 0.244135 0.208333 0.096285 0.205556
1 0.238025 0.350000 0.217009 0.272222
5 0.575758 0.185185 0.020528 0.042593
5 0.526882 0.645370 0.015640 0.037037
5 0.543011 0.642130 0.022483 0.030556
5 0.515396 0.671296 0.024927 0.033333
5 0.565494 0.713889 0.030303 0.064815
5 0.573069 0.856944 0.014174 0.030556
5 0.568915 0.393056 0.015640 0.047222
5 0.569159 0.467593 0.015152 0.038889
5 0.452590 0.342593 0.021505 0.025926
5 0.487781 0.448148 0.018573 0.022222
5 0.543988 0.371296 0.015640 0.027778
5 0.611193 0.538889 0.021994 0.035185
5 0.620479 0.500926 0.018084 0.029630
5 0.660557 0.587500 0.023949 0.032407
5 0.617791 0.617130 0.017595 0.026852
5 0.608749 0.225000 0.015152 0.040741
5 0.720186 0.252315 0.013196 0.047222
5 0.710166 0.175926 0.017595 0.033333
5 0.706745 0.385185 0.024438 0.031481
5 0.710655 0.591667 0.019550 0.035185
5 0.829668 0.510648 0.017107 0.043519
5 0.847996 0.433796 0.022483 0.043519
5 0.839932 0.446296 0.014174 0.018519
5 0.681329 0.765741 0.015640 0.040741
5 0.725806 0.883333 0.029326 0.055556
5 0.716031 0.551852 0.020528 0.033333
5 0.734360 0.188426 0.020039 0.037963
2 0.751222 0.161574 0.032258 0.037963
5 0.680596 0.162963 0.021017 0.068519
5 0.746090 0.059722 0.026882 0.041667
5 0.865103 0.274074 0.013685 0.037037
5 0.849951 0.234259 0.018573 0.040741
5 0.812561 0.249537 0.017107 0.028704
5 0.855083 0.785185 0.013196 0.044444
5 0.986559 0.674537 0.016129 0.045370
5 0.982893 0.523611 0.015640 0.032407
5 0.958211 0.230556 0.019062 0.033333