5 0.456500 0.960648 0.037146 0.076852
5 0.334311 0.926852 0.037146 0.044444
5 0.262219 0.889352 0.017107 0.062037
1 0.975562 0.911111 0.047898 0.175926
5 0.329179 0.777778 0.021017 0.048148
5 0.375611 0.746759 0.041544 0.045370
5 0.438661 0.711111 0.013196 0.051852
5 0.393206 0.686111 0.027859 0.062963
5 0.061828 0.677778 0.018084 0.038889
5 0.197458 0.663889 0.037146 0.055556
5 0.373412 0.646759 0.042033 0.087963
5 0.112903 0.598148 0.014663 0.029630
5 0.340420 0.503704 0.016129 0.037037
5 0.366813 0.523148 0.033724 0.066667
5 0.986315 0.531019 0.026393 0.095370
5 0.055718 0.494444 0.043988 0.107407
5 0.903715 0.457407 0.050831 0.059259
5 0.553763 0.417593 0.009775 0.029630
5 0.972874 0.415278 0.051320 0.099074
5 0.694770 0.369444 0.031769 0.098148
5 0.375122 0.326852 0.064027 0.090741
3 0.852639 0.326389 0.042522 0.132407
5 0.096530 0.217593 0.039589 0.029630
5 0.805230 0.234722 0.047410 0.130556
5 0.010020 0.078241 0.017107 0.037963
5 0.735582 0.089815 0.033236 0.066667
5 0.714809 0.040278 0.042522 0.073148
5 0.018573 0.030556 0.036168 0.059259
1 0.028104 0.252315 0.053275 0.206481
1 0.017595 0.448148 0.035191 0.161111
5 0.040323 0.868981 0.042522 0.060185
5 0.040567 0.806019 0.039101 0.052778
5 0.057429 0.973611 0.031769 0.025000
5 0.272972 0.039815 0.040567 0.068519
5 0.330401 0.172222 0.026393 0.066667
5 0.338221 0.055556 0.041056 0.092593
5 0.391251 0.123611 0.042522 0.119444
5 0.390029 0.436111 0.053763 0.109259
5 0.418377 0.464815 0.037146 0.072222
5 0.493891 0.712500 0.078690 0.110185
5 0.528104 0.702778 0.024927 0.035185
1 0.566471 0.631944 0.164223 0.245370
4 0.661535 0.535185 0.048387 0.100000
5 0.651271 0.605093 0.024927 0.112037
5 0.696481 0.731019 0.044966 0.047222
5 0.662512 0.952315 0.028837 0.078704
1 0.574047 0.863889 0.171554 0.261111
5 0.780303 0.986111 0.044477 0.020370
5 0.811584 0.831481 0.064027 0.062963
5 0.804497 0.887037 0.023460 0.046296
5 0.484848 0.421759 0.048876 0.141667
5 0.536657 0.356944 0.025415 0.063889
1 0.515152 0.300000 0.114370 0.212963
1 0.577957 0.266667 0.084555 0.261111
1 0.584800 0.117593 0.183284 0.231481
3 0.854839 0.408796 0.057674 0.043519
5 0.898827 0.214352 0.039101 0.089815
5 0.874633 0.035185 0.067937 0.070370
5 0.924487 0.059722 0.034702 0.115741
5 0.985582 0.045370 0.026882 0.088889
5 0.958944 0.024537 0.032258 0.041667
5 0.892717 0.125926 0.098240 0.137037
5 0.979961 0.137037 0.038123 0.040741
5 0.985093 0.206481 0.025904 0.051852
5 0.829912 0.500926 0.048876 0.122222
5 0.819648 0.729630 0.023460 0.064815
5 0.878788 0.601389 0.070381 0.115741
2 0.862170 0.822685 0.090909 0.321296