5 0.748289 0.987500 0.042033 0.023148
5 0.526393 0.984722 0.032258 0.028704
5 0.429130 0.981019 0.022483 0.032407
5 0.591642 0.975926 0.037634 0.040741
5 0.942571 0.977315 0.036657 0.043519
5 0.635386 0.965278 0.012708 0.030556
5 0.484604 0.946296 0.026882 0.046296
5 0.294966 0.958796 0.023949 0.047222
5 0.543500 0.922222 0.020528 0.046296
5 0.509042 0.910185 0.012219 0.016667
5 0.586022 0.897685 0.022483 0.030556
5 0.517840 0.836111 0.019062 0.042593
5 0.832356 0.843981 0.007820 0.023148
5 0.407869 0.843056 0.043500 0.071296
5 0.027370 0.808333 0.006843 0.025926
5 0.482893 0.837037 0.050831 0.096296
5 0.657625 0.763426 0.027859 0.054630
5 0.948680 0.814352 0.047898 0.076852
5 0.130987 0.755093 0.012708 0.039815
5 0.565494 0.775000 0.011730 0.055556
5 0.471896 0.744907 0.036657 0.065741
5 0.944770 0.757407 0.026393 0.057407
1 0.787879 0.849537 0.178886 0.299074
5 0.463587 0.689352 0.027859 0.045370
5 0.900049 0.719444 0.033724 0.064815
5 0.711877 0.712500 0.037634 0.050926
5 0.970430 0.692130 0.015152 0.015741
5 0.793744 0.692593 0.027370 0.020370
5 0.151760 0.701852 0.037634 0.053704
5 0.743646 0.688889 0.021017 0.029630
5 0.544966 0.687500 0.021505 0.034259
5 0.680841 0.662037 0.018573 0.044444
5 0.573069 0.643056 0.037634 0.058333
5 0.829668 0.642593 0.020039 0.053704
5 0.655181 0.621296 0.039589 0.090741
5 0.517595 0.616204 0.019550 0.049074
5 0.143695 0.583796 0.021505 0.067593
5 0.107527 0.580556 0.031281 0.064815
5 0.396139 0.580556 0.019062 0.025926
5 0.333089 0.551389 0.031769 0.062037
5 0.671310 0.501852 0.042522 0.075926
5 0.158113 0.479167 0.027859 0.036111
1 0.222874 0.618981 0.177908 0.350926
5 0.931818 0.440278 0.028837 0.041667
5 0.715054 0.442593 0.008798 0.016667
5 0.502933 0.399537 0.025415 0.095370
5 0.921554 0.377778 0.012219 0.033333
5 0.054985 0.350000 0.016129 0.057407
5 0.225562 0.372685 0.024927 0.050926
5 0.664956 0.359722 0.028837 0.075000
5 0.332356 0.358333 0.025415 0.040741
5 0.571114 0.309722 0.017107 0.030556
5 0.941105 0.288426 0.028837 0.054630
5 0.733871 0.269444 0.027859 0.029630
5 0.446237 0.272222 0.040078 0.040741
5 0.986315 0.271296 0.020528 0.035185
5 0.391740 0.298148 0.065005 0.144444
5 0.684506 0.256481 0.018084 0.059259
5 0.976540 0.203241 0.012708 0.021296
5 0.640274 0.183796 0.028348 0.036111
5 0.601662 0.192130 0.031281 0.060185
1 0.254399 0.299074 0.125611 0.266667
5 0.008309 0.145370 0.016618 0.046296
5 0.912268 0.133796 0.024927 0.045370
5 0.568671 0.126852 0.021017 0.072222
5 0.609971 0.119907 0.033236 0.067593
1 0.409580 0.175463 0.091887 0.128704
5 0.657869 0.088889 0.008798 0.018519
5 0.570381 0.078704 0.015640 0.025926
5 0.982405 0.098611 0.034213 0.087963
5 0.513441 0.050000 0.033724 0.014815
5 0.458700 0.020833 0.044477 0.037963
5 0.380499 0.041204 0.044477 0.062037
2 0.201124 0.884722 0.039589 0.028704
5 0.227273 0.811111 0.023460 0.042593
3 0.264418 0.841204 0.023460 0.017593
5 0.289834 0.890278 0.037146 0.076852
5 0.320137 0.839815 0.024438 0.025926
1 0.250489 0.867130 0.046432 0.063889
5 0.254399 0.978704 0.026882 0.040741
5 0.232649 0.974537 0.018573 0.039815
5 0.929619 0.650463 0.016618 0.041667
5 0.506109 0.812037 0.023949 0.027778
5 0.564516 0.564815 0.018573 0.044444
5 0.158358 0.555093 0.018573 0.026852
5 0.772727 0.667593 0.046921 0.044444
1 0.770772 0.539352 0.097752 0.258333
1 0.795455 0.319444 0.147116 0.201852
1 0.772972 0.112037 0.145161 0.222222
1 0.257820 0.055556 0.119746 0.107407
5 0.162757 0.453704 0.037146 0.029630
5 0.262463 0.138889 0.041056 0.061111
5 0.187195 0.102315 0.040078 0.093519
5 0.229717 0.086574 0.058651 0.108333
5 0.522483 0.324074 0.033236 0.077778
5 0.499511 0.333333 0.017595 0.031481
5 0.398094 0.022222 0.025904 0.044444
5 0.402737 0.048148 0.020528 0.042593
5 0.488759 0.010185 0.021505 0.020370
5 0.628543 0.093056 0.015640 0.058333
5 0.635875 0.104630 0.027370 0.061111
5 0.657136 0.119907 0.020039 0.026852
5 0.927419 0.163889 0.020039 0.051852
5 0.950147 0.233796 0.016618 0.065741
5 0.945015 0.177778 0.025904 0.070370
5 0.944526 0.013889 0.018084 0.025926