5 0.128055 0.366667 0.062561 0.114815
5 0.103861 0.437037 0.028837 0.051852
5 0.021261 0.622222 0.009286 0.020370
5 0.168622 0.628241 0.062561 0.084259
5 0.271994 0.457870 0.025904 0.025000
5 0.251711 0.312037 0.008798 0.009259
5 0.298631 0.382407 0.010753 0.018519
5 0.266373 0.581944 0.065494 0.128704
5 0.303030 0.588426 0.052786 0.030556
5 0.269306 0.146296 0.016618 0.040741
5 0.294233 0.168519 0.009775 0.012963
5 0.378055 0.264815 0.017107 0.027778
5 0.402981 0.334259 0.009286 0.016667
5 0.394428 0.578241 0.015640 0.021296
5 0.289345 0.852315 0.025415 0.034259
0 0.292522 0.987037 0.016129 0.024074
5 0.504643 0.705556 0.031769 0.050000
5 0.483627 0.616204 0.034702 0.049074
5 0.459189 0.794907 0.061095 0.132407
5 0.485337 0.057870 0.005865 0.019444
5 0.379277 0.018056 0.020528 0.036111
5 0.637341 0.087037 0.025415 0.046296
5 0.685484 0.012037 0.006354 0.020370
5 0.657625 0.192130 0.035679 0.056481
5 0.681574 0.238889 0.053275 0.118519
5 0.651515 0.611574 0.005865 0.019444
5 0.690860 0.945370 0.037634 0.070370
5 0.990958 0.936111 0.017107 0.035185
5 0.926197 0.396759 0.005865 0.017593
3 0.872923 0.230556 0.009775 0.024074
5 0.906158 0.245833 0.061584 0.126852
5 0.749756 0.145833 0.026393 0.054630
5 0.754643 0.747685 0.063539 0.132407
5 0.888563 0.866204 0.005865 0.010185
0 0.399316 0.080093 0.271750 0.160185
0 0.460899 0.203241 0.374389 0.363889
0 0.423265 0.538889 0.276637 0.605556
0 0.475318 0.836111 0.474585 0.322222
0 0.416667 0.961574 0.022972 0.075000