5 0.019306 0.029167 0.020039 0.030556
5 0.036413 0.096759 0.064027 0.075000
1 0.027859 0.167130 0.055718 0.113889
5 0.066227 0.346759 0.031769 0.065741
5 0.049609 0.376389 0.019062 0.025000
5 0.053763 0.409722 0.031281 0.037963
5 0.045455 0.495370 0.022483 0.046296
5 0.141496 0.667593 0.039589 0.079630
5 0.289101 0.705093 0.037634 0.049074
5 0.295699 0.599537 0.023460 0.026852
5 0.237048 0.772222 0.054741 0.131481
5 0.179374 0.802315 0.068426 0.076852
5 0.125122 0.732870 0.025415 0.041667
5 0.136852 0.706019 0.022483 0.030556
5 0.054985 0.880093 0.038612 0.071296
5 0.036413 0.968056 0.030792 0.036111
1 0.019550 0.784722 0.038123 0.152778
1 0.017107 0.572222 0.034213 0.231481
5 0.033724 0.642130 0.016618 0.025000
5 0.106305 0.548611 0.017107 0.049074
5 0.211388 0.313889 0.017107 0.066667
5 0.240225 0.486574 0.026882 0.036111
5 0.324780 0.583333 0.015152 0.044444
5 0.253421 0.235185 0.014174 0.024074
5 0.169355 0.164815 0.010264 0.009259
5 0.096285 0.197222 0.019550 0.048148
5 0.140518 0.043519 0.021017 0.061111
5 0.205523 0.116667 0.045455 0.081481
5 0.217742 0.039352 0.042522 0.058333
5 0.185484 0.046759 0.045455 0.076852
5 0.294721 0.085185 0.098729 0.170370
5 0.178886 0.950926 0.021505 0.040741
5 0.308407 0.809722 0.043988 0.071296
5 0.371212 0.739352 0.009286 0.013889
5 0.344575 0.387963 0.025415 0.042593
5 0.383187 0.142593 0.019550 0.040741
5 0.426686 0.208796 0.011730 0.026852
1 0.517351 0.110648 0.116813 0.219444
5 0.450391 0.214352 0.005376 0.017593
5 0.461144 0.218056 0.008309 0.017593
5 0.590665 0.076389 0.021017 0.030556
5 0.506843 0.292130 0.026393 0.056481
5 0.503666 0.407870 0.023949 0.041667
5 0.518817 0.409722 0.012219 0.021296
5 0.383920 0.381481 0.020039 0.050000
5 0.450880 0.412500 0.030792 0.058333
5 0.439638 0.400463 0.033724 0.041667
5 0.417889 0.393056 0.016618 0.034259
1 0.507087 0.304630 0.088465 0.166667
5 0.480205 0.328241 0.027859 0.041667
1 0.521261 0.650463 0.128543 0.247222
5 0.568915 0.703704 0.024438 0.051852
5 0.554497 0.658333 0.016129 0.029630
5 0.578690 0.687963 0.011730 0.044444
5 0.649560 0.844907 0.011730 0.025000
5 0.657625 0.791204 0.011241 0.019444
5 0.638563 0.744907 0.010264 0.013889
5 0.559873 0.825926 0.021994 0.040741
5 0.395650 0.774537 0.019062 0.075000
5 0.387097 0.800000 0.016618 0.037037
5 0.431574 0.793519 0.058651 0.068519
1 0.507576 0.846759 0.121701 0.263889
5 0.623656 0.034259 0.008798 0.025926
5 0.931085 0.036574 0.009775 0.047222
5 0.918377 0.437963 0.013685 0.014815
5 0.913978 0.462500 0.018573 0.032407
5 0.988270 0.440741 0.021505 0.037037
5 0.896383 0.569444 0.016618 0.044444
5 0.915689 0.522222 0.038612 0.051852
5 0.684995 0.903241 0.011241 0.019444
5 0.694037 0.800000 0.015640 0.033333
5 0.641740 0.602778 0.011730 0.016667
5 0.642473 0.634259 0.026882 0.042593
5 0.677175 0.568981 0.007331 0.021296
5 0.734360 0.448611 0.010264 0.013889
5 0.850684 0.472222 0.010264 0.025926
5 0.332600 0.942593 0.009286 0.027778
5 0.570137 0.375463 0.024927 0.039815
5 0.585533 0.533796 0.029326 0.050926