5 0.149071 0.012500 0.030303 0.025000
5 0.117546 0.066667 0.048387 0.074074
5 0.146628 0.141204 0.028348 0.056481
5 0.092864 0.132870 0.054741 0.087963
5 0.101417 0.324074 0.051320 0.118519
5 0.154692 0.325463 0.044477 0.067593
5 0.155181 0.256019 0.026882 0.056481
5 0.010997 0.278241 0.021017 0.043519
5 0.198925 0.380093 0.027370 0.037963
5 0.161290 0.514815 0.075269 0.129630
5 0.127322 0.544907 0.021994 0.037963
5 0.044477 0.636574 0.040078 0.082407
5 0.085288 0.714815 0.034702 0.068519
5 0.019306 0.630556 0.038612 0.129630
5 0.080890 0.791667 0.028837 0.050000
5 0.108993 0.816667 0.036168 0.048148
5 0.090909 0.947685 0.043988 0.076852
5 0.021750 0.881944 0.043500 0.086111
5 0.223851 0.560648 0.033236 0.089815
5 0.295943 0.558333 0.062072 0.116667
5 0.305474 0.671759 0.105572 0.104630
5 0.341153 0.803704 0.112414 0.144444
5 0.430108 0.803704 0.039101 0.109259
5 0.421310 0.938889 0.034213 0.055556
5 0.449658 0.894444 0.032258 0.057407
1 0.256843 0.790741 0.242913 0.405556
5 0.374633 0.506944 0.033724 0.039815
1 0.274927 0.429630 0.184262 0.157407
1 0.271017 0.203241 0.141251 0.343519
5 0.349218 0.353704 0.040567 0.062963
5 0.338710 0.393519 0.049853 0.077778
5 0.468475 0.491204 0.053275 0.078704
5 0.468231 0.587963 0.062561 0.162963
5 0.511486 0.611111 0.063050 0.218519
5 0.500733 0.731944 0.051320 0.067593
5 0.522483 0.846759 0.056696 0.182407
5 0.565738 0.713426 0.065005 0.193519
5 0.608260 0.535648 0.091398 0.206481
5 0.607771 0.689352 0.036657 0.069444
5 0.638074 0.763426 0.069892 0.099074
5 0.645894 0.885185 0.051320 0.105556
5 0.626833 0.961111 0.040567 0.064815
5 0.554008 0.961111 0.119746 0.075926
5 0.649804 0.431019 0.058162 0.121296
5 0.718719 0.401852 0.052297 0.090741
5 0.651271 0.343981 0.080645 0.071296
5 0.726295 0.536111 0.055718 0.085185
5 0.691593 0.647685 0.055718 0.132407
5 0.682063 0.788426 0.044477 0.128704
5 0.728495 0.746759 0.044477 0.065741
5 0.740225 0.842130 0.085533 0.160185
1 0.831378 0.936574 0.107527 0.121296
5 0.892473 0.909259 0.053763 0.137037
5 0.960166 0.891667 0.070870 0.157407
5 0.951613 0.961574 0.046921 0.063889
5 0.922532 0.676852 0.093353 0.248148
5 0.871212 0.829167 0.069892 0.187963
5 0.835288 0.862037 0.035191 0.085185
1 0.795455 0.718981 0.143206 0.210185
1 0.818182 0.469444 0.134897 0.303704
5 0.940616 0.547222 0.077713 0.094444
5 0.902981 0.463426 0.090420 0.147222
5 0.752933 0.267130 0.056207 0.097222
1 0.809384 0.268981 0.080156 0.104630
5 0.843842 0.346296 0.046432 0.092593
5 0.780059 0.147685 0.056696 0.132407
5 0.819892 0.058796 0.072825 0.115741
5 0.715054 0.041667 0.044966 0.072222
5 0.757576 0.062963 0.039101 0.068519
5 0.875367 0.270370 0.059629 0.094444
5 0.872678 0.172685 0.032747 0.065741
5 0.974096 0.275926 0.043011 0.140741
5 0.943793 0.363426 0.054741 0.087963
5 0.985582 0.512963 0.021994 0.083333
5 0.992424 0.740278 0.014174 0.062037
5 0.925709 0.156019 0.104594 0.134259
5 0.967498 0.082870 0.059140 0.160185
5 0.936950 0.282407 0.022483 0.087037
5 0.681329 0.069907 0.031281 0.058333
5 0.637830 0.075463 0.062561 0.141667
5 0.590420 0.025926 0.042033 0.046296
5 0.542033 0.045370 0.038123 0.081481
5 0.567693 0.150000 0.064027 0.109259
5 0.533724 0.117593 0.037146 0.048148
5 0.583822 0.256944 0.035679 0.063889
5 0.520772 0.204167 0.021017 0.045370
5 0.529326 0.277778 0.033236 0.114815
5 0.530059 0.393056 0.053275 0.099074
5 0.483138 0.398148 0.047410 0.059259
5 0.487537 0.017130 0.030792 0.034259
5 0.476295 0.112037 0.076735 0.161111
5 0.471652 0.203704 0.055718 0.081481
5 0.377810 0.246759 0.090909 0.193519
5 0.376588 0.149074 0.046432 0.055556
5 0.301075 0.065741 0.028348 0.072222
5 0.262219 0.025463 0.061095 0.050926
1 0.378299 0.078704 0.161290 0.157407
5 0.916911 0.020370 0.023460 0.040741
5 0.991202 0.828241 0.011730 0.030556
5 0.636119 0.282870 0.035679 0.041667
1 0.678886 0.220370 0.111437 0.175926
5 0.490714 0.306481 0.057674 0.150000
5 0.436217 0.295370 0.065982 0.179630