5 0.072092 0.066667 0.029814 0.074074
5 0.164467 0.064815 0.038612 0.044444
5 0.108260 0.243981 0.022972 0.065741
5 0.034946 0.422222 0.020039 0.051852
5 0.309873 0.481019 0.063539 0.130556
5 0.194037 0.321296 0.035191 0.088889
5 0.221896 0.363426 0.071359 0.119444
5 0.373656 0.143519 0.041544 0.094444
5 0.432307 0.115741 0.046432 0.118519
5 0.468719 0.467130 0.027370 0.075000
5 0.156647 0.681481 0.020039 0.046296
5 0.274438 0.804630 0.041544 0.057407
5 0.299853 0.837500 0.008309 0.028704
2 0.047165 0.822222 0.046432 0.144444
5 0.625855 0.088426 0.020039 0.043519
5 0.576246 0.081481 0.040078 0.035185
5 0.635630 0.512037 0.046432 0.133333
5 0.693793 0.442130 0.034702 0.100926
5 0.552542 0.709722 0.016129 0.034259
5 0.678886 0.818981 0.024438 0.063889
5 0.705767 0.970370 0.052786 0.055556
5 0.787634 0.917593 0.029814 0.050000
0 0.526149 0.316667 0.173509 0.633333
5 0.450147 0.076852 0.021505 0.050000
0 0.396628 0.779167 0.309384 0.436111
0 0.345064 0.903704 0.105572 0.190741
0 0.546188 0.863889 0.275171 0.270370
4 0.200147 0.067593 0.043500 0.090741
5 0.993646 0.084259 0.009775 0.018519