5 0.069404 0.130556 0.024438 0.072222
5 0.223118 0.141204 0.035679 0.087963
5 0.247312 0.030093 0.053763 0.060185
5 0.159824 0.897685 0.038123 0.076852
5 0.144184 0.718519 0.025415 0.044444
5 0.328690 0.756019 0.045455 0.037963
5 0.401760 0.787500 0.058651 0.141667
5 0.437683 0.693056 0.015152 0.034259
5 0.430352 0.645833 0.029814 0.073148
5 0.464321 0.549074 0.033236 0.077778
5 0.446970 0.607407 0.028837 0.033333
5 0.321359 0.494444 0.021017 0.046296
5 0.325024 0.457870 0.021505 0.034259
5 0.355083 0.267593 0.024927 0.033333
5 0.361193 0.246759 0.021505 0.058333
5 0.423998 0.553704 0.031769 0.031481
5 0.478983 0.469444 0.056696 0.088889
5 0.491202 0.425926 0.042033 0.059259
5 0.522483 0.522222 0.032258 0.127778
0 0.640518 0.534259 0.224340 0.548148
0 0.628299 0.798148 0.269306 0.401852
5 0.472630 0.742130 0.016618 0.060185
5 0.488270 0.653704 0.040078 0.031481
5 0.536657 0.637963 0.030303 0.033333
5 0.528348 0.706481 0.025415 0.094444
5 0.551564 0.708796 0.029814 0.052778
5 0.678886 0.959722 0.036168 0.067593
5 0.687439 0.917130 0.043500 0.065741
5 0.665934 0.814815 0.014174 0.029630
5 0.764907 0.938889 0.021505 0.051852
5 0.749511 0.927315 0.021994 0.067593
5 0.826002 0.950463 0.039101 0.065741
5 0.839932 0.919444 0.028837 0.037037
5 0.765885 0.677315 0.035191 0.100926
5 0.815249 0.704630 0.060606 0.118519
5 0.766129 0.541667 0.039589 0.042593
5 0.791789 0.587963 0.030303 0.053704
5 0.791789 0.551852 0.030303 0.048148
5 0.778104 0.614352 0.007820 0.050926
5 0.861437 0.576389 0.049365 0.058333
5 0.822092 0.597685 0.018573 0.034259
5 0.823558 0.502315 0.050831 0.067593
5 0.859482 0.414352 0.042522 0.071296
5 0.914956 0.753704 0.037146 0.055556
5 0.950391 0.810648 0.021994 0.063889
5 0.961877 0.744907 0.042033 0.058333
5 0.825269 0.556481 0.024927 0.035185
5 0.850684 0.129167 0.067937 0.102778
5 0.824536 0.057870 0.020528 0.047222
5 0.857771 0.050463 0.029326 0.039815
5 0.815005 0.125000 0.023949 0.061111
5 0.943304 0.059722 0.043988 0.086111
5 0.966520 0.216667 0.043500 0.074074
5 0.949658 0.344444 0.030303 0.066667
5 0.933284 0.430556 0.041544 0.092593
5 0.963587 0.542130 0.027859 0.056481
5 0.901515 0.607870 0.015152 0.045370
5 0.986070 0.416667 0.026882 0.046296
5 0.485582 0.218519 0.029814 0.027778
5 0.491691 0.197222 0.030303 0.020370
0 0.606794 0.194444 0.295699 0.381481
5 0.472874 0.043519 0.024927 0.051852
5 0.602151 0.088889 0.016618 0.062963
5 0.630010 0.038426 0.037146 0.069444
5 0.688661 0.087500 0.017595 0.026852
5 0.738759 0.049537 0.037634 0.078704
5 0.706745 0.178241 0.063539 0.110185
5 0.716031 0.254630 0.043988 0.125926
5 0.727028 0.310185 0.039589 0.062963
5 0.628055 0.378241 0.021505 0.043519
5 0.958944 0.902778 0.040078 0.077778
5 0.983627 0.116667 0.031769 0.044444