1 0.229717 0.122222 0.151515 0.148148
1 0.249756 0.038889 0.054741 0.077778
1 0.202835 0.351852 0.183773 0.361111
1 0.211388 0.604167 0.109971 0.352778
1 0.226295 0.889352 0.084066 0.210185
5 0.039834 0.435648 0.079668 0.115741
5 0.325024 0.250463 0.034213 0.050926
5 0.447947 0.097685 0.052297 0.099074
5 0.421799 0.031481 0.030303 0.062963
5 0.514174 0.066204 0.056696 0.126852
5 0.558651 0.033796 0.043988 0.067593
5 0.975562 0.034722 0.047898 0.069444
1 0.766129 0.026389 0.031769 0.052778
5 0.774927 0.054167 0.071848 0.108333
5 0.803763 0.119444 0.033724 0.077778
5 0.762708 0.221296 0.063050 0.127778
5 0.703079 0.557870 0.072825 0.108333
5 0.550831 0.723611 0.084066 0.125000
5 0.596530 0.576852 0.036657 0.062963
5 0.373656 0.854167 0.039589 0.086111
5 0.390762 0.823148 0.060117 0.068519
5 0.473363 0.895833 0.031769 0.084259
5 0.453568 0.950926 0.041056 0.064815
5 0.507087 0.974537 0.048387 0.049074
5 0.582356 0.914815 0.065982 0.148148
5 0.628543 0.944907 0.049853 0.108333
5 0.369013 0.497222 0.069404 0.087037
5 0.403715 0.493056 0.043988 0.047222
5 0.397361 0.587963 0.040078 0.066667
5 0.469208 0.649074 0.044966 0.088889
1 0.779814 0.936574 0.141251 0.125000
1 0.791544 0.812963 0.123656 0.244444
1 0.763196 0.637037 0.103128 0.212963
5 0.821114 0.466204 0.064516 0.102778
5 0.619990 0.217130 0.049365 0.108333
5 0.628299 0.269907 0.048387 0.097222
5 0.651026 0.379167 0.041056 0.039815
5 0.971408 0.350463 0.056207 0.126852
5 0.921065 0.609259 0.071848 0.096296
5 0.923509 0.492130 0.029814 0.054630
5 0.942082 0.465741 0.036657 0.066667
5 0.896139 0.378241 0.036657 0.106481
5 0.936950 0.213426 0.019550 0.095370
5 0.961632 0.531481 0.074780 0.092593
5 0.967253 0.587500 0.063539 0.163889
5 0.961144 0.683796 0.066960 0.060185
5 0.874633 0.753241 0.047410 0.119444
5 0.935239 0.772685 0.058162 0.117593
5 0.962366 0.902315 0.054741 0.087963
5 0.978006 0.850000 0.042033 0.116667
5 0.570626 0.269907 0.027859 0.054630
5 0.617302 0.383796 0.034213 0.041667
1 0.766862 0.358333 0.108504 0.175926
5 0.824780 0.274537 0.056207 0.193519