1 0.220186 0.023148 0.067937 0.046296
1 0.237048 0.119907 0.088954 0.191667
1 0.199658 0.289352 0.144184 0.189815
5 0.145894 0.370833 0.020039 0.045370
4 0.241935 0.581481 0.173998 0.198148
1 0.213343 0.735185 0.092375 0.181481
1 0.265396 0.830093 0.093842 0.269444
4 0.079912 0.580093 0.047410 0.047222
4 0.507576 0.859259 0.046432 0.087037
5 0.500489 0.606019 0.015640 0.021296
4 0.456989 0.369444 0.018573 0.059259
5 0.628299 0.450000 0.038612 0.062963
5 0.489492 0.016667 0.020039 0.033333
1 0.728006 0.109259 0.084555 0.103704
5 0.824047 0.111574 0.022483 0.050926
1 0.751466 0.351852 0.068915 0.137037
5 0.771750 0.491204 0.027370 0.049074
4 0.745357 0.540741 0.091887 0.170370
4 0.662268 0.503241 0.056696 0.058333
4 0.744624 0.658796 0.038612 0.102778
1 0.760997 0.736574 0.042033 0.141667
1 0.771505 0.880556 0.059140 0.161111
4 0.840176 0.240278 0.043011 0.063889
5 0.862659 0.160648 0.032258 0.058333
5 0.940616 0.135648 0.023949 0.037963
5 0.961632 0.197222 0.018084 0.024074
5 0.992424 0.117130 0.013196 0.026852