5 0.983382 0.962963 0.032258 0.072222
4 0.728250 0.801852 0.011730 0.048148
5 0.536413 0.802315 0.022972 0.032407
5 0.478495 0.767130 0.039101 0.073148
5 0.519062 0.734259 0.037146 0.038889
5 0.453568 0.721296 0.015640 0.025926
5 0.555718 0.593056 0.004888 0.021296
5 0.988514 0.421296 0.015152 0.027778
5 0.887586 0.410185 0.008798 0.027778
5 0.749511 0.395833 0.025904 0.054630
5 0.400782 0.261574 0.026393 0.032407
5 0.489736 0.260648 0.032258 0.050926
1 0.791056 0.172685 0.061095 0.093519
5 0.060606 0.111111 0.026393 0.024074
4 0.984848 0.006019 0.013685 0.012037
1 0.331134 0.006019 0.054252 0.012037
5 0.019550 0.146296 0.032258 0.055556
5 0.144184 0.330093 0.040078 0.069444
4 0.045455 0.249074 0.023460 0.037037
5 0.082845 0.239815 0.021017 0.029630
5 0.046921 0.632407 0.036168 0.066667
5 0.012708 0.797222 0.025415 0.038889
5 0.052786 0.914352 0.017595 0.037963
5 0.063783 0.958333 0.022972 0.057407
5 0.022972 0.984259 0.030303 0.029630
5 0.035191 0.968981 0.030303 0.058333
5 0.199902 0.763889 0.044966 0.081481
5 0.199902 0.808796 0.031281 0.041667
1 0.273949 0.879630 0.140274 0.238889
1 0.275415 0.646296 0.216520 0.222222
3 0.265885 0.540741 0.124145 0.094444
1 0.261241 0.368056 0.100196 0.323148
3 0.310117 0.379630 0.039589 0.127778
5 0.347752 0.315278 0.042522 0.067593
1 0.293255 0.222685 0.146628 0.182407
1 0.282258 0.092593 0.152981 0.185185
5 0.647361 0.363889 0.032747 0.048148
5 0.601662 0.288426 0.042033 0.100926
5 0.581378 0.307407 0.012219 0.050000
5 0.605327 0.331481 0.016129 0.031481
5 0.647361 0.311111 0.018084 0.040741
5 0.542033 0.331019 0.020528 0.054630
4 0.571848 0.356019 0.034213 0.086111
5 0.440860 0.236574 0.014663 0.039815
5 0.426197 0.206944 0.012708 0.021296
5 0.420088 0.130556 0.033724 0.062963
5 0.390274 0.213889 0.026882 0.042593
5 0.382698 0.377778 0.020528 0.044444
5 0.426442 0.436574 0.045455 0.032407
5 0.433284 0.353241 0.021994 0.045370
5 0.379032 0.515741 0.017107 0.037037
5 0.384897 0.683796 0.013196 0.030556
5 0.410557 0.930093 0.026393 0.030556
5 0.510020 0.389352 0.020039 0.025000
5 0.488025 0.487500 0.014174 0.036111
5 0.528104 0.522685 0.025904 0.054630
5 0.538123 0.868981 0.020528 0.043519
5 0.549120 0.954630 0.017107 0.035185
5 0.650538 0.896759 0.021505 0.043519
5 0.617791 0.681019 0.028348 0.052778
5 0.622923 0.729167 0.037634 0.058333
5 0.673509 0.562500 0.036168 0.069444
5 0.712366 0.596759 0.039589 0.058333
5 0.731427 0.736111 0.016129 0.038889
5 0.564761 0.205093 0.022972 0.062037
5 0.670577 0.210185 0.033236 0.061111
1 0.783236 0.963426 0.055230 0.067593
1 0.825024 0.970370 0.034213 0.057407
1 0.811584 0.822685 0.155914 0.284259
1 0.785435 0.631019 0.092864 0.128704
5 0.840909 0.599074 0.022972 0.057407
1 0.814761 0.480556 0.129032 0.211111
5 0.813294 0.374537 0.027370 0.056481
1 0.811828 0.292130 0.131965 0.167593
5 0.871212 0.131019 0.017107 0.050926
5 0.882209 0.143056 0.014663 0.047222
1 0.840420 0.083796 0.105083 0.167593
1 0.863148 0.927315 0.113392 0.143519
5 0.927664 0.737963 0.037146 0.077778
5 0.945748 0.254630 0.018573 0.040741
5 0.929619 0.303241 0.043011 0.099074
5 0.978495 0.833796 0.011730 0.041667