0 0.511241 0.872685 0.332356 0.252778
5 0.336999 0.952778 0.034702 0.070370
5 0.254643 0.791204 0.023460 0.041667
5 0.221652 0.806481 0.023949 0.053704
5 0.285924 0.671296 0.023460 0.070370
5 0.289589 0.606481 0.029814 0.050000
5 0.323558 0.593519 0.036168 0.050000
5 0.281525 0.378241 0.037146 0.089815
5 0.230938 0.343981 0.021994 0.056481
5 0.275660 0.190741 0.028348 0.046296
5 0.288368 0.131019 0.040078 0.052778
5 0.229717 0.112037 0.026393 0.046296
5 0.049120 0.383796 0.069892 0.132407
5 0.089687 0.113426 0.032747 0.052778
5 0.043988 0.017130 0.031281 0.034259
5 0.127322 0.512037 0.033724 0.081481
5 0.104839 0.577315 0.041544 0.065741
5 0.095797 0.673148 0.048876 0.072222
5 0.058651 0.555093 0.043988 0.043519
5 0.086999 0.896759 0.031281 0.041667
5 0.034457 0.902778 0.021994 0.038889
5 0.014418 0.858333 0.027859 0.083333
5 0.054985 0.855093 0.027859 0.054630
5 0.102884 0.780556 0.021994 0.040741
5 0.413245 0.207407 0.028837 0.079630
5 0.391007 0.058796 0.105572 0.117593
5 0.315494 0.037963 0.035679 0.074074
5 0.728250 0.355556 0.037146 0.094444
5 0.771505 0.453704 0.022972 0.057407
5 0.735093 0.467130 0.019550 0.106481
5 0.742913 0.578241 0.054741 0.093519
5 0.770283 0.637963 0.030303 0.059259
5 0.670577 0.480093 0.018573 0.049074
5 0.632942 0.439352 0.038123 0.054630
5 0.641496 0.529630 0.029814 0.098148
5 0.594819 0.592593 0.067449 0.111111
5 0.652493 0.633333 0.026393 0.068519
5 0.666422 0.698148 0.024927 0.051852
5 0.757576 0.287500 0.030303 0.054630
5 0.815005 0.182407 0.028837 0.068519
5 0.851417 0.270833 0.052786 0.087963
5 0.860215 0.686111 0.061584 0.116667
5 0.851417 0.790741 0.043011 0.079630
5 0.858260 0.857870 0.036168 0.054630
5 0.806452 0.871759 0.043988 0.084259
5 0.868035 0.924074 0.046921 0.068519
5 0.794233 0.754167 0.022483 0.054630
5 0.919599 0.544444 0.045455 0.070370
5 0.948925 0.654167 0.052297 0.078704
5 0.919599 0.792593 0.038612 0.053704
5 0.987048 0.781481 0.020039 0.105556
5 0.968964 0.865278 0.053275 0.106481
5 0.968964 0.575926 0.030792 0.050000
5 0.979961 0.538426 0.034213 0.067593
5 0.966764 0.424074 0.039101 0.081481
5 0.937195 0.296296 0.028837 0.059259
5 0.953568 0.228241 0.049853 0.060185
5 0.949902 0.147222 0.028837 0.046296
5 0.903959 0.171759 0.032747 0.052778
5 0.965543 0.077315 0.055230 0.075000
5 0.979472 0.144907 0.025415 0.086111
5 0.976051 0.023611 0.042033 0.045370
5 0.624145 0.103704 0.023460 0.044444
5 0.411535 0.699074 0.023460 0.046296
5 0.399316 0.607407 0.021505 0.057407
5 0.718719 0.710185 0.026882 0.059259
5 0.539345 0.736574 0.029814 0.054630
0 0.504399 0.347222 0.255132 0.351852
0 0.521261 0.585648 0.218475 0.673148