5 0.015640 0.465741 0.014663 0.016667
5 0.014418 0.587963 0.027859 0.037037
5 0.047898 0.674074 0.046921 0.129630
5 0.033969 0.741204 0.014174 0.043519
5 0.054741 0.963426 0.029326 0.071296
5 0.163001 0.033796 0.037634 0.058333
5 0.298387 0.016667 0.038612 0.033333
5 0.303763 0.237963 0.066960 0.125926
5 0.403959 0.469907 0.008309 0.019444
5 0.435728 0.383333 0.015152 0.014815
5 0.461144 0.360185 0.035679 0.075926
5 0.458456 0.384722 0.019550 0.023148
5 0.508553 0.406944 0.015152 0.026852
5 0.416667 0.110648 0.007331 0.025000
5 0.430596 0.009259 0.015640 0.018519
5 0.346774 0.147685 0.087488 0.167593
5 0.492669 0.200000 0.061584 0.100000
5 0.601662 0.207407 0.037146 0.050000
5 0.521017 0.619907 0.026393 0.063889
5 0.501222 0.599537 0.030792 0.021296
5 0.738270 0.230556 0.035679 0.062963
5 0.714321 0.450000 0.061095 0.127778
5 0.808162 0.024074 0.041544 0.048148
5 0.769550 0.781481 0.008309 0.009259
5 0.903959 0.945370 0.023949 0.040741
5 0.853128 0.235185 0.010264 0.016667
5 0.930108 0.489352 0.027370 0.063889
5 0.958211 0.498148 0.018084 0.044444
5 0.920577 0.370833 0.019062 0.036111
5 0.938905 0.361574 0.016618 0.030556
5 0.982405 0.181944 0.034213 0.134259
5 0.991202 0.374537 0.016618 0.025000
0 0.672532 0.809722 0.393939 0.378704
0 0.554252 0.486574 0.293255 0.269444
5 0.424731 0.544444 0.008798 0.029630
0 0.666178 0.239815 0.354839 0.479630