5 0.217253 0.971759 0.009286 0.010185
5 0.160068 0.841204 0.013196 0.013889
5 0.842620 0.825463 0.043011 0.065741
5 0.257331 0.733333 0.012219 0.027778
5 0.767107 0.768981 0.057185 0.130556
5 0.434751 0.669907 0.013196 0.012037
5 0.711632 0.674074 0.025415 0.027778
5 0.403715 0.665278 0.023460 0.028704
5 0.373900 0.575000 0.009775 0.022222
5 0.419110 0.494444 0.045455 0.087037
5 0.951857 0.391204 0.016129 0.047222
5 0.796676 0.230556 0.038123 0.066667
5 0.823803 0.112037 0.038612 0.062963
5 0.257087 0.056481 0.016618 0.050000
5 0.247801 0.022685 0.014663 0.045370
5 0.231183 0.531481 0.024438 0.020370
5 0.123900 0.293519 0.049365 0.062963
5 0.170577 0.082870 0.034213 0.106481
5 0.171799 0.148611 0.070870 0.065741
5 0.522483 0.458796 0.025415 0.062037
5 0.623412 0.669907 0.065005 0.102778
5 0.662023 0.859722 0.056207 0.100926
2 0.676442 0.171296 0.031281 0.324074
0 0.516862 0.295833 0.187195 0.425000
5 0.446725 0.297685 0.022483 0.045370
0 0.644673 0.629167 0.310850 0.665741
0 0.515396 0.762037 0.267351 0.362963
0 0.619257 0.892593 0.251222 0.211111
5 0.853372 0.976389 0.014663 0.030556