5 0.417155 0.363426 0.034702 0.062037
5 0.427419 0.335185 0.021994 0.025926
5 0.437439 0.409722 0.019550 0.030556
5 0.460166 0.612500 0.048387 0.087963
5 0.358993 0.528704 0.058162 0.057407
5 0.362659 0.609722 0.083089 0.145370
5 0.340665 0.706019 0.039101 0.050926
5 0.319892 0.646759 0.027859 0.043519
5 0.285679 0.634722 0.033724 0.069444
5 0.314761 0.814815 0.024438 0.064815
5 0.291789 0.984259 0.023460 0.022222
5 0.264418 0.989352 0.019550 0.019444
5 0.220430 0.482870 0.033236 0.039815
5 0.279814 0.462963 0.040567 0.057407
5 0.270772 0.521296 0.023460 0.037037
5 0.309873 0.524537 0.038123 0.049074
5 0.295699 0.376852 0.038123 0.064815
5 0.105083 0.624537 0.067449 0.108333
5 0.149804 0.715741 0.029814 0.053704
5 0.171065 0.765278 0.042033 0.076852
5 0.012952 0.627778 0.021017 0.074074
5 0.009531 0.939352 0.016129 0.073148
5 0.075269 0.219907 0.024438 0.050926
5 0.129277 0.203241 0.029814 0.052778
5 0.155914 0.333333 0.037146 0.048148
5 0.224340 0.140278 0.042033 0.047222
5 0.167155 0.054630 0.047898 0.055556
5 0.304985 0.022685 0.031281 0.036111
5 0.323803 0.044907 0.023949 0.043519
5 0.308651 0.184259 0.033724 0.046296
5 0.332600 0.228704 0.025904 0.033333
5 0.306207 0.232870 0.017107 0.032407
5 0.411290 0.130093 0.021017 0.043519
5 0.349951 0.340278 0.021505 0.041667
5 0.381232 0.278704 0.020528 0.037037
5 0.348974 0.266204 0.018573 0.019444
5 0.428397 0.032407 0.038612 0.064815
5 0.443548 0.743519 0.033724 0.059259
5 0.418622 0.872685 0.107038 0.147222
5 0.366569 0.875000 0.031281 0.037037
5 0.732649 0.813426 0.068426 0.086111
5 0.791789 0.744444 0.024438 0.044444
5 0.789834 0.806019 0.037146 0.069444
5 0.790323 0.885185 0.030303 0.057407
5 0.719941 0.961111 0.033236 0.068519
5 0.770772 0.525926 0.086999 0.094444
5 0.815249 0.570833 0.036168 0.078704
5 0.672776 0.487037 0.041544 0.124074
5 0.645161 0.593056 0.067449 0.063889
5 0.774438 0.445833 0.018084 0.041667
5 0.779570 0.382407 0.016618 0.064815
5 0.725806 0.361111 0.017595 0.044444
5 0.647849 0.362963 0.043500 0.068519
5 0.650782 0.418056 0.041544 0.041667
5 0.650293 0.297222 0.035679 0.048148
5 0.728495 0.237037 0.074780 0.164815
5 0.793988 0.112963 0.021994 0.057407
5 0.746579 0.021759 0.042522 0.041667
5 0.782747 0.017130 0.020039 0.032407
5 0.787879 0.066667 0.018573 0.035185
5 0.833578 0.039352 0.020039 0.063889
5 0.893695 0.099537 0.027859 0.049074
5 0.900782 0.228704 0.024438 0.037037
5 0.927419 0.242593 0.021017 0.035185
5 0.928152 0.088426 0.014663 0.039815
5 0.950880 0.103241 0.021994 0.032407
5 0.952590 0.139815 0.025415 0.035185
5 0.956745 0.175463 0.059140 0.082407
5 0.985337 0.078241 0.023460 0.063889
5 0.885875 0.372685 0.031769 0.065741
1 0.966764 0.281944 0.065494 0.123148
5 0.958456 0.562037 0.016618 0.048148
1 0.970919 0.893981 0.057185 0.113889
5 0.916667 0.942130 0.041544 0.062037
5 0.874389 0.956481 0.036168 0.062963
5 0.967498 0.973148 0.059140 0.040741
5 0.758798 0.592593 0.019062 0.025926
5 0.795455 0.289815 0.021994 0.046296
5 0.868035 0.248148 0.013685 0.024074
5 0.836266 0.259259 0.018573 0.037037
5 0.988514 0.170833 0.016129 0.076852
5 0.983382 0.016204 0.024438 0.030556
5 0.853372 0.050926 0.017595 0.035185
5 0.011975 0.279167 0.018084 0.032407
5 0.106549 0.372685 0.024438 0.049074
5 0.176931 0.521759 0.043988 0.043519
5 0.174976 0.909722 0.024438 0.052778
5 0.167400 0.973148 0.034702 0.048148
5 0.058895 0.120370 0.017107 0.033333
5 0.570626 0.547685 0.046432 0.073148
5 0.647849 0.679167 0.049365 0.102778
5 0.643695 0.077778 0.027370 0.038889
5 0.874633 0.546296 0.027859 0.044444
5 0.706500 0.464352 0.022972 0.041667
5 0.286413 0.769444 0.019550 0.037037
5 0.920332 0.759722 0.046921 0.162037
1 0.967986 0.661574 0.063050 0.252778
1 0.971408 0.465278 0.056207 0.236111
5 0.624878 0.837963 0.179374 0.311111
1 0.481427 0.947222 0.175953 0.103704
1 0.494624 0.790278 0.064516 0.232407
5 0.532747 0.717593 0.038123 0.100000
1 0.517107 0.844444 0.080156 0.168519
1 0.523949 0.446296 0.128055 0.222222
1 0.513930 0.323611 0.124633 0.212037
1 0.526393 0.125926 0.216031 0.251852
5 0.606549 0.176389 0.038123 0.052778