5 0.007331 0.973148 0.014663 0.051852
5 0.524438 0.853704 0.009775 0.025926
5 0.092864 0.821759 0.014663 0.032407
5 0.698192 0.839352 0.038612 0.076852
5 0.636119 0.793056 0.040567 0.097222
1 0.457967 0.856944 0.144673 0.284259
5 0.478983 0.705556 0.016618 0.018519
5 0.352639 0.679630 0.024927 0.040741
5 0.427664 0.661574 0.007820 0.025000
5 0.686706 0.689815 0.043011 0.088889
5 0.853861 0.667130 0.017595 0.052778
5 0.820381 0.615741 0.021017 0.042593
5 0.339932 0.606944 0.013196 0.034259
5 0.255376 0.600926 0.030792 0.037037
5 0.477517 0.603704 0.028348 0.070370
5 0.911779 0.563889 0.023949 0.029630
5 0.732893 0.562963 0.034702 0.088889
5 0.451369 0.502778 0.023949 0.027778
5 0.911046 0.437963 0.013685 0.020370
5 0.161290 0.437500 0.082111 0.163889
5 0.018573 0.359259 0.030303 0.046296
5 0.400782 0.312500 0.023460 0.037963
5 0.749756 0.285648 0.013685 0.028704
5 0.570137 0.269907 0.034702 0.052778
5 0.744624 0.233796 0.009286 0.023148
5 0.805718 0.201389 0.010264 0.030556
5 0.737537 0.182407 0.013685 0.035185
5 0.608993 0.096296 0.015640 0.031481
5 0.685973 0.084259 0.018084 0.037037
1 0.435973 0.113426 0.101662 0.226852
5 0.042522 0.066204 0.039101 0.025000
5 0.017840 0.147222 0.023949 0.057407
5 0.121212 0.951852 0.033236 0.090741
5 0.098240 0.547685 0.116325 0.189815
5 0.044966 0.635648 0.089932 0.162037
5 0.949413 0.877778 0.030792 0.051852
5 0.932551 0.947685 0.021505 0.039815
5 0.985582 0.865278 0.010264 0.015741
1 0.981427 0.775926 0.035191 0.101852
5 0.854106 0.894444 0.029814 0.072222
5 0.521750 0.400000 0.016129 0.029630
1 0.474340 0.425926 0.037634 0.105556