4 0.428152 0.983796 0.048876 0.028704
5 0.015885 0.944444 0.031769 0.068519
5 0.368280 0.887037 0.080645 0.120370
5 0.121701 0.626389 0.024438 0.025000
4 0.190371 0.613426 0.060117 0.069444
4 0.743157 0.446296 0.016129 0.031481
5 0.213343 0.343981 0.013196 0.025000
5 0.988025 0.356019 0.022972 0.056481
5 0.119013 0.170833 0.034702 0.060185
4 0.113148 0.063889 0.020039 0.042593
4 0.146628 0.833333 0.022483 0.018519
5 0.315738 0.579630 0.015640 0.033333
5 0.822092 0.306944 0.023460 0.054630
0 0.588954 0.784259 0.301075 0.225926
0 0.630743 0.442130 0.160802 0.306481
0 0.583822 0.175463 0.204790 0.350926