1 0.225562 0.081944 0.069892 0.163889
1 0.231427 0.174537 0.070870 0.102778
1 0.237292 0.269444 0.084555 0.124074
5 0.190371 0.239352 0.026882 0.047222
1 0.244624 0.620370 0.080645 0.153704
1 0.229228 0.467130 0.158358 0.262037
1 0.223607 0.898611 0.113881 0.197222
5 0.532502 0.717593 0.038612 0.107407
3 0.613881 0.635185 0.037146 0.050000
5 0.448192 0.544907 0.029326 0.043519
5 0.510020 0.518056 0.020039 0.050926
5 0.557185 0.467130 0.030303 0.050926
5 0.528348 0.566204 0.022483 0.028704
5 0.539589 0.565278 0.018573 0.036111
5 0.567449 0.551852 0.021505 0.057407
5 0.580645 0.524074 0.022483 0.038889
5 0.695503 0.570833 0.030303 0.047222
5 0.677419 0.542130 0.023460 0.032407
4 0.513441 0.881944 0.036657 0.062037
5 0.506109 0.912500 0.017107 0.037963
3 0.434262 0.343519 0.025904 0.037037
5 0.501955 0.390741 0.022483 0.038889
5 0.511975 0.356944 0.030792 0.065741
5 0.568671 0.256481 0.027859 0.066667
5 0.600440 0.025000 0.022972 0.038889
5 0.567204 0.120833 0.017107 0.045370
5 0.501222 0.111574 0.026882 0.047222
5 0.481672 0.108333 0.019062 0.055556
5 0.428152 0.046759 0.030303 0.045370
1 0.749511 0.907407 0.147116 0.177778
1 0.753421 0.730093 0.150049 0.276852
1 0.762708 0.525926 0.148094 0.225926
1 0.740958 0.366667 0.142717 0.162963
1 0.739492 0.254167 0.161290 0.180556
1 0.758065 0.125463 0.089932 0.226852
5 0.962610 0.530093 0.022972 0.047222
5 0.977028 0.716204 0.025415 0.043519
5 0.982160 0.687963 0.024927 0.035185
5 0.971408 0.803704 0.025904 0.040741
4 0.918377 0.907870 0.031281 0.021296
5 0.920088 0.869907 0.030792 0.043519
5 0.959189 0.428241 0.022972 0.052778
5 0.974096 0.430093 0.020528 0.052778
5 0.871701 0.483333 0.023949 0.027778
5 0.947214 0.291204 0.023460 0.047222
5 0.983138 0.207407 0.022972 0.046296
5 0.914712 0.333333 0.019062 0.033333
5 0.916422 0.252315 0.032258 0.041667