5 0.377810 0.817593 0.052786 0.131481
5 0.680841 0.741204 0.034213 0.032407
5 0.453079 0.748611 0.047898 0.091667
5 0.371701 0.719444 0.063050 0.101852
1 0.013685 0.681481 0.027370 0.092593
5 0.495357 0.591667 0.040567 0.087037
5 0.679130 0.565741 0.034702 0.064815
5 0.810117 0.397222 0.027859 0.074074
5 0.496579 0.412037 0.055718 0.122222
1 0.993157 0.355556 0.012708 0.048148
5 0.286413 0.297222 0.036168 0.068519
5 0.377322 0.284722 0.046921 0.069444
5 0.933773 0.310648 0.074780 0.169444
5 0.730694 0.209722 0.056696 0.099074
5 0.666422 0.175000 0.044477 0.068519
5 0.422532 0.189352 0.054252 0.126852
5 0.780303 0.157407 0.039589 0.085185
5 0.821603 0.054167 0.046921 0.097222
5 0.104594 0.313426 0.037146 0.049074
5 0.218475 0.412500 0.043011 0.100926
5 0.215054 0.348148 0.020528 0.050000
5 0.032502 0.507870 0.020039 0.043519
5 0.028348 0.550000 0.019550 0.038889
5 0.190127 0.700000 0.029326 0.059259
5 0.209677 0.873611 0.030303 0.036111
5 0.221896 0.943519 0.019550 0.037037
1 0.025415 0.848611 0.050831 0.073148
5 0.067449 0.807870 0.058651 0.110185
5 0.292522 0.095833 0.080645 0.130556
1 0.581867 0.134722 0.218475 0.269444
5 0.576002 0.287500 0.062072 0.073148
5 0.326979 0.559722 0.091887 0.084259
3 0.415200 0.579167 0.062072 0.154630
5 0.320626 0.693056 0.040078 0.073148
5 0.384409 0.947222 0.081623 0.103704
5 0.642962 0.926389 0.203812 0.145370
1 0.500489 0.790741 0.048876 0.103704
1 0.555963 0.813889 0.100196 0.244444
5 0.545943 0.929630 0.043011 0.092593
5 0.799609 0.956019 0.070381 0.086111
5 0.930841 0.951852 0.115836 0.094444
5 0.924487 0.906019 0.033724 0.073148
3 0.812072 0.843056 0.051320 0.108333
4 0.845797 0.881481 0.054252 0.083333
5 0.894428 0.771759 0.041056 0.063889
5 0.840665 0.608333 0.128055 0.237037
5 0.915934 0.633333 0.078201 0.127778
5 0.977273 0.818981 0.036657 0.104630
5 0.874633 0.152778 0.048387 0.105556
5 0.923509 0.086574 0.069892 0.108333
5 0.857283 0.286111 0.035191 0.040741
5 0.590176 0.413426 0.078690 0.162037
5 0.653226 0.422685 0.069892 0.167593
1 0.576735 0.602778 0.089932 0.168519
5 0.602884 0.544444 0.043500 0.094444
5 0.734604 0.612963 0.034213 0.081481
5 0.755376 0.557407 0.057185 0.081481
5 0.432551 0.945370 0.030303 0.061111
5 0.417155 0.981944 0.037634 0.034259
5 0.742180 0.361574 0.084555 0.191667
5 0.707478 0.285185 0.066960 0.111111