5 0.928397 0.841204 0.052297 0.078704
5 0.964809 0.781944 0.020528 0.047222
1 0.729472 0.785648 0.050342 0.121296
5 0.643451 0.410185 0.016129 0.029630
5 0.934506 0.399537 0.019550 0.041667
5 0.552542 0.358333 0.029814 0.044444
5 0.905425 0.284259 0.030792 0.059259
5 0.693548 0.229630 0.023460 0.042593
1 0.730694 0.125926 0.109482 0.187037
5 0.702102 0.018981 0.021017 0.037963
2 0.280303 0.025000 0.032747 0.050000
1 0.225073 0.073611 0.154936 0.147222
1 0.223363 0.271759 0.135875 0.365741
1 0.256354 0.481019 0.155914 0.213889
2 0.249267 0.589815 0.056696 0.057407
2 0.283969 0.707407 0.061584 0.074074
2 0.265396 0.757407 0.102639 0.161111
2 0.224340 0.916667 0.083089 0.151852
5 0.895650 0.013426 0.017107 0.026852
5 0.916911 0.056481 0.023460 0.048148
5 0.924242 0.014352 0.033236 0.026852
5 0.954790 0.054630 0.019062 0.037037
5 0.932551 0.150926 0.019550 0.031481
5 0.923265 0.194907 0.019550 0.045370
5 0.978983 0.384259 0.036168 0.055556
5 0.891007 0.565278 0.024438 0.050926
5 0.937683 0.616204 0.021994 0.037963
5 0.979472 0.619907 0.017595 0.025000
5 0.546432 0.429167 0.026393 0.060185
5 0.580156 0.402315 0.023460 0.054630
5 0.507087 0.510185 0.032747 0.042593
5 0.593597 0.526852 0.028837 0.035185
5 0.541056 0.652778 0.017595 0.046296
5 0.546188 0.695833 0.019062 0.030556
5 0.536413 0.201852 0.026882 0.044444
5 0.529326 0.155093 0.014663 0.030556
5 0.551808 0.045370 0.024438 0.018519
5 0.509042 0.189352 0.016129 0.025000
5 0.540567 0.239815 0.019550 0.033333
5 0.587243 0.331019 0.019062 0.034259
5 0.430841 0.335185 0.020039 0.029630
5 0.451124 0.325926 0.017595 0.033333
5 0.572825 0.106019 0.022483 0.047222
5 0.589687 0.090278 0.031769 0.041667
5 0.628788 0.150463 0.020039 0.043519
1 0.764174 0.340741 0.133431 0.124074
1 0.728739 0.489815 0.147605 0.270370
5 0.750489 0.890278 0.042522 0.086111