5 0.402248 0.989815 0.021505 0.018519
5 0.728495 0.983333 0.014174 0.031481
5 0.217009 0.951389 0.010753 0.025000
5 0.522972 0.866667 0.011730 0.016667
5 0.871212 0.762500 0.011241 0.028704
5 0.956012 0.661111 0.014663 0.020370
5 0.020039 0.684722 0.035191 0.075000
5 0.104106 0.568056 0.009775 0.019444
5 0.076735 0.476389 0.017595 0.017593
5 0.813294 0.418981 0.005865 0.019444
5 0.645650 0.019907 0.008798 0.023148
5 0.400049 0.008333 0.009286 0.016667
5 0.463099 0.150000 0.041544 0.074074
0 0.429863 0.200926 0.397361 0.398148
5 0.862659 0.013426 0.014663 0.026852
5 0.816960 0.293056 0.008309 0.056481
5 0.762463 0.212500 0.006843 0.015741
5 0.819159 0.634722 0.016618 0.037963
5 0.833822 0.617593 0.020528 0.027778
5 0.651271 0.594907 0.023949 0.034259
5 0.338954 0.992130 0.024927 0.013889
5 0.150049 0.499537 0.016618 0.052778
0 0.461877 0.800463 0.286413 0.397222
2 0.010020 0.060648 0.020039 0.121296