0 0.559629 0.338426 0.340176 0.236111
0 0.530547 0.771296 0.219453 0.444444
5 0.349951 0.836111 0.032258 0.033333
5 0.467498 0.555093 0.034702 0.062037
3 0.107771 0.567593 0.045455 0.142593
5 0.036413 0.578241 0.019062 0.050926
5 0.076002 0.300000 0.032747 0.038889
5 0.060117 0.361111 0.034213 0.035185
5 0.209922 0.793056 0.028837 0.065741
5 0.200391 0.543519 0.031281 0.050000
2 0.554252 0.102315 0.035191 0.049074
5 0.690127 0.110185 0.030303 0.057407
5 0.872190 0.344907 0.021994 0.045370
5 0.830401 0.419907 0.024438 0.025000
2 0.520283 0.511574 0.047410 0.030556
5 0.521261 0.579167 0.062072 0.052778
5 0.034213 0.952315 0.018573 0.050926