5 0.007087 0.029630 0.014174 0.016667
5 0.041789 0.037963 0.029814 0.048148
5 0.067693 0.018056 0.024927 0.036111
5 0.115347 0.018981 0.026393 0.037963
5 0.104350 0.029167 0.014174 0.058333
5 0.085777 0.025000 0.015152 0.024074
5 0.091642 0.027315 0.012219 0.034259
5 0.113881 0.055093 0.045943 0.069444
5 0.116813 0.084722 0.035191 0.047222
5 0.108016 0.111574 0.024438 0.041667
5 0.110948 0.149074 0.035191 0.055556
5 0.011486 0.172685 0.019062 0.032407
5 0.025660 0.053241 0.014174 0.030556
5 0.020528 0.336574 0.017595 0.049074
5 0.053275 0.330556 0.036168 0.046296
5 0.083578 0.381481 0.025415 0.038889
5 0.025660 0.375000 0.017107 0.025926
5 0.025171 0.424537 0.033724 0.063889
5 0.049853 0.470370 0.028348 0.061111
5 0.052786 0.425463 0.028348 0.043519
5 0.018573 0.525463 0.029326 0.054630
5 0.033969 0.479630 0.018084 0.048148
5 0.031036 0.461574 0.026882 0.047222
5 0.040811 0.437500 0.013196 0.052778
5 0.004399 0.503704 0.008798 0.033333
5 0.019306 0.496296 0.020039 0.044444
5 0.012219 0.483333 0.011730 0.020370
5 0.044233 0.581481 0.026882 0.029630
5 0.048143 0.575926 0.011241 0.038889
5 0.015152 0.598611 0.025415 0.045370
5 0.007820 0.622222 0.015640 0.035185
5 0.022239 0.616667 0.020039 0.046296
5 0.055718 0.656481 0.028348 0.053704
5 0.015885 0.694444 0.029814 0.046296
5 0.008798 0.743981 0.017595 0.032407
5 0.039589 0.748148 0.031281 0.048148
5 0.013685 0.955556 0.026393 0.027778
5 0.047654 0.923148 0.027859 0.053704
5 0.026882 0.934722 0.023460 0.054630
5 0.018817 0.796296 0.019062 0.035185
5 0.083333 0.234722 0.028837 0.047222
5 0.107038 0.252778 0.019550 0.053704
5 0.119013 0.264815 0.016129 0.027778
5 0.126588 0.333333 0.013685 0.025926
5 0.099707 0.446759 0.012708 0.043519
5 0.087488 0.487037 0.053763 0.098148
5 0.120968 0.501389 0.021994 0.036111
5 0.139296 0.474074 0.031281 0.035185
5 0.153226 0.172222 0.024927 0.029630
5 0.109971 0.659722 0.046921 0.069444
5 0.136608 0.648611 0.017107 0.030556
5 0.149316 0.637037 0.015152 0.033333
5 0.138807 0.730093 0.043011 0.047222
5 0.080156 0.760185 0.039101 0.075926
5 0.088221 0.710648 0.021994 0.036111
5 0.084800 0.975463 0.018084 0.045370
5 0.102884 0.983796 0.021994 0.030556
5 0.121945 0.891204 0.027859 0.087963
5 0.301564 0.027315 0.030303 0.047222
5 0.279570 0.053241 0.023460 0.043519
5 0.298387 0.055093 0.025904 0.054630
5 0.297654 0.196759 0.021505 0.032407
5 0.279081 0.167593 0.043011 0.046296
5 0.249267 0.111574 0.042033 0.084259
5 0.224829 0.139352 0.039101 0.073148
5 0.239247 0.279167 0.021994 0.036111
5 0.284213 0.353241 0.021017 0.041667
5 0.250000 0.302778 0.021994 0.044444
5 0.262708 0.242130 0.030792 0.073148
5 0.256354 0.254167 0.034702 0.069444
5 0.290078 0.253704 0.029814 0.046296
5 0.271994 0.278241 0.033724 0.063889
5 0.272972 0.555556 0.038612 0.044444
5 0.239492 0.577315 0.024438 0.032407
5 0.255865 0.566204 0.019062 0.026852
5 0.248778 0.601852 0.018573 0.037037
5 0.283969 0.621296 0.064516 0.100000
5 0.283969 0.668519 0.015640 0.044444
5 0.298143 0.631481 0.020528 0.046296
5 0.318915 0.624537 0.023949 0.052778
5 0.254399 0.623611 0.025904 0.056481
5 0.260753 0.735185 0.024927 0.048148
5 0.246334 0.821759 0.030303 0.058333
5 0.275171 0.828704 0.023460 0.029630
5 0.212854 0.806481 0.019062 0.044444
5 0.196237 0.767593 0.037634 0.042593
5 0.175220 0.812963 0.036657 0.053704
5 0.193060 0.789352 0.010753 0.049074
5 0.151026 0.960648 0.033236 0.067593
5 0.418622 0.922222 0.045455 0.092593
5 0.378788 0.818056 0.026393 0.041667
5 0.369990 0.782407 0.033236 0.057407
5 0.399316 0.712963 0.015640 0.018519
5 0.480694 0.740278 0.031769 0.043519
5 0.403470 0.308333 0.022972 0.061111
5 0.288123 0.142593 0.019062 0.038889
5 0.496823 0.095833 0.020039 0.045370
5 0.520528 0.013426 0.019550 0.026852
5 0.501711 0.231481 0.027859 0.048148
5 0.536413 0.158333 0.035679 0.053704
5 0.493157 0.441204 0.021505 0.025000
5 0.567937 0.420370 0.026393 0.050000
5 0.501711 0.636574 0.031769 0.056481
5 0.510753 0.668519 0.029326 0.050000
5 0.518573 0.698611 0.033236 0.043519
5 0.520283 0.716204 0.030792 0.065741
5 0.468475 0.836111 0.021994 0.055556
5 0.512952 0.971759 0.043500 0.054630
5 0.559629 0.851389 0.027370 0.049074
5 0.559384 0.633796 0.021994 0.037963
5 0.622434 0.477315 0.015152 0.030556
5 0.599951 0.437963 0.027859 0.053704
5 0.625122 0.397685 0.019550 0.028704
5 0.589198 0.313889 0.016129 0.024074
5 0.605083 0.193981 0.026393 0.056481
5 0.621701 0.201852 0.026393 0.038889
5 0.642229 0.228704 0.025415 0.044444
5 0.635875 0.170370 0.021505 0.050000
5 0.630743 0.025926 0.034702 0.051852
5 0.599462 0.692130 0.034702 0.060185
5 0.642473 0.656944 0.021017 0.043519
5 0.600929 0.527315 0.020039 0.034259
5 0.736559 0.029630 0.026393 0.046296
5 0.727028 0.062500 0.024927 0.050926
5 0.765640 0.073611 0.026882 0.060185
5 0.746334 0.093056 0.016618 0.032407
5 0.729228 0.107870 0.019550 0.028704
5 0.746334 0.054630 0.014663 0.035185
5 0.746334 0.207870 0.022483 0.036111
5 0.734848 0.248611 0.027859 0.073148
5 0.654692 0.202315 0.019062 0.030556
5 0.760508 0.251389 0.033236 0.062037
5 0.777370 0.290741 0.019062 0.037037
5 0.774682 0.323611 0.024438 0.039815
5 0.830401 0.255093 0.016618 0.050926
5 0.786413 0.364352 0.015640 0.025000
5 0.749022 0.364815 0.030792 0.055556
5 0.741447 0.407407 0.026393 0.038889
5 0.762219 0.435648 0.036657 0.073148
5 0.753666 0.396296 0.016618 0.035185
5 0.750489 0.477315 0.024927 0.047222
5 0.725806 0.490278 0.014663 0.019444
5 0.716276 0.540741 0.021017 0.038889
5 0.776149 0.619444 0.022483 0.037037
5 0.767595 0.590278 0.015152 0.026852
5 0.757331 0.581481 0.030792 0.050000
5 0.759531 0.671296 0.024438 0.027778
5 0.765396 0.689815 0.032258 0.027778
5 0.783724 0.699074 0.040567 0.035185
5 0.714809 0.843519 0.009286 0.014815
5 0.741447 0.868981 0.016618 0.030556
5 0.748289 0.819444 0.029326 0.037037
5 0.777615 0.843519 0.026393 0.044444
5 0.801075 0.877315 0.017595 0.028704
5 0.771261 0.869444 0.023460 0.037037
5 0.749022 0.932407 0.035679 0.050000
5 0.784457 0.965741 0.035191 0.057407
5 0.906891 0.824537 0.021017 0.052778
5 0.913490 0.863426 0.020528 0.023148
5 0.924487 0.872222 0.015152 0.031481
5 0.874389 0.684259 0.030303 0.051852
5 0.887586 0.542130 0.014663 0.041667
5 0.903959 0.524074 0.031769 0.064815
5 0.979961 0.524074 0.022483 0.046296
5 0.902981 0.398148 0.015152 0.025926
5 0.945748 0.334722 0.009775 0.041667
5 0.958456 0.336111 0.023460 0.048148
5 0.934506 0.276389 0.016618 0.028704
5 0.852639 0.206481 0.014174 0.035185
5 0.919110 0.098611 0.023949 0.028704
5 0.883187 0.154167 0.019550 0.021296
5 0.977517 0.027315 0.043011 0.034259
5 0.935239 0.005556 0.022972 0.011111
2 0.639541 0.738426 0.025904 0.045370
0 0.533236 0.787037 0.147605 0.424074
5 0.616080 0.975000 0.032747 0.048148
0 0.548143 0.226852 0.208700 0.350000
5 0.554252 0.339352 0.024438 0.032407
0 0.499511 0.650000 0.224829 0.488889
4 0.542766 0.431481 0.022972 0.038889
5 0.564516 0.444907 0.010753 0.023148
5 0.358993 0.883333 0.013196 0.027778