5 0.152737 0.204630 0.022972 0.046296
5 0.135875 0.321759 0.018573 0.026852
5 0.307185 0.761111 0.017107 0.012963
5 0.073314 0.761111 0.027370 0.035185
5 0.121945 0.563426 0.017107 0.023148
5 0.042278 0.543519 0.011241 0.011111
5 0.358260 0.758333 0.038123 0.059259
5 0.386608 0.742593 0.054741 0.090741
5 0.419355 0.478704 0.032258 0.057407
5 0.519062 0.533796 0.027370 0.049074
5 0.366080 0.009722 0.013685 0.019444
5 0.466520 0.075926 0.066960 0.090741
5 0.515640 0.295833 0.034213 0.050926
5 0.544721 0.093519 0.032747 0.077778
5 0.609238 0.338889 0.045455 0.062963
5 0.582356 0.395370 0.029814 0.024074
5 0.609726 0.400926 0.020039 0.044444
5 0.774194 0.728704 0.035191 0.090741
5 0.746823 0.034259 0.044966 0.068519
0 0.661290 0.011574 0.041056 0.023148
0 0.689883 0.069907 0.012219 0.139815
5 0.949169 0.116667 0.034213 0.068519
5 0.979472 0.352778 0.025415 0.061111
5 0.883920 0.470370 0.021994 0.031481
0 0.449902 0.156019 0.061095 0.312037
0 0.469208 0.085185 0.058651 0.170370
0 0.646139 0.342593 0.269795 0.594444
0 0.641984 0.725000 0.279081 0.546296
0 0.677175 0.852315 0.343597 0.293519
0 0.495601 0.970370 0.058651 0.057407