5 0.756843 0.850463 0.013196 0.030556
5 0.580401 0.771759 0.024927 0.032407
2 0.868768 0.693519 0.020039 0.029630
5 0.975562 0.503704 0.028348 0.048148
5 0.918133 0.363889 0.029814 0.040741
2 0.484360 0.263426 0.059629 0.119444
2 0.709189 0.138889 0.046921 0.094444
2 0.074291 0.114815 0.016618 0.035185
5 0.657380 0.101852 0.018573 0.053704
5 0.684751 0.069907 0.016618 0.037963
5 0.765152 0.020833 0.032747 0.041667
1 0.227028 0.016667 0.083578 0.033333
5 0.065494 0.168981 0.034213 0.039815
5 0.126833 0.319444 0.017107 0.042593
2 0.018084 0.306481 0.036168 0.105556
2 0.071848 0.299074 0.043988 0.070370
5 0.095308 0.245370 0.016618 0.024074
2 0.364370 0.153704 0.034702 0.088889
2 0.247067 0.102778 0.129521 0.183333
2 0.203812 0.066204 0.033236 0.050926
1 0.248534 0.292130 0.092375 0.158333
5 0.175464 0.371759 0.030303 0.063889
5 0.182796 0.459722 0.030303 0.023148
5 0.184262 0.417130 0.016618 0.030556
2 0.375855 0.515741 0.048876 0.083333
2 0.256109 0.466204 0.048876 0.017593
2 0.262708 0.384722 0.056207 0.065741
2 0.363148 0.381019 0.022483 0.060185
5 0.195992 0.689352 0.045943 0.030556
2 0.198436 0.635648 0.044966 0.067593
5 0.033969 0.713889 0.024927 0.027778
2 0.116325 0.793981 0.032258 0.117593
2 0.136364 0.697685 0.026393 0.043519
2 0.126833 0.523148 0.022972 0.031481
2 0.038856 0.611111 0.019062 0.064815
2 0.293500 0.572685 0.117791 0.086111
2 0.285435 0.614815 0.041056 0.066667
2 0.223607 0.664815 0.137341 0.072222
2 0.351662 0.925463 0.028837 0.073148
1 0.236070 0.772685 0.100684 0.097222
1 0.194037 0.884722 0.156403 0.141667
2 0.297898 0.833333 0.040567 0.042593
2 0.587243 0.577315 0.047410 0.084259
2 0.766373 0.503241 0.058651 0.065741
2 0.740225 0.555556 0.048387 0.061111
2 0.736804 0.604630 0.028837 0.035185
2 0.778104 0.608796 0.037146 0.045370
5 0.621457 0.274074 0.032747 0.044444
5 0.686217 0.346759 0.023460 0.050926
2 0.575758 0.439815 0.029326 0.055556
2 0.738514 0.289815 0.028348 0.048148
5 0.780059 0.222222 0.058651 0.157407