5 0.127566 0.358333 0.055718 0.072222
5 0.252688 0.294444 0.017595 0.033333
5 0.289345 0.623611 0.078201 0.075000
5 0.331134 0.627778 0.037634 0.072222
5 0.280547 0.893056 0.038123 0.069444
5 0.350196 0.845833 0.018084 0.043519
5 0.352151 0.964815 0.030792 0.066667
5 0.365836 0.710185 0.047410 0.046296
0 0.575269 0.098611 0.197458 0.195370
5 0.679130 0.139815 0.018084 0.022222
2 0.669110 0.218519 0.073314 0.042593
0 0.500733 0.386111 0.265396 0.266667
5 0.923021 0.032407 0.030792 0.061111
5 0.827713 0.706019 0.017107 0.045370
5 0.417644 0.876852 0.028837 0.044444
5 0.507087 0.715278 0.026882 0.028704
0 0.561339 0.896296 0.073803 0.205556
5 0.630254 0.923148 0.036657 0.098148
5 0.674731 0.968981 0.067937 0.058333
5 0.986070 0.629167 0.025904 0.095370
5 0.613636 0.539815 0.015152 0.083333