5 0.379032 0.081019 0.021994 0.043519
5 0.452346 0.054167 0.031769 0.069444
5 0.465054 0.132407 0.029814 0.081481
5 0.534213 0.097222 0.012708 0.053704
5 0.486804 0.185185 0.022483 0.053704
5 0.525660 0.281481 0.029814 0.046296
5 0.523949 0.327315 0.024438 0.043519
5 0.459433 0.302315 0.035191 0.052778
5 0.485337 0.337500 0.029326 0.030556
5 0.362414 0.368056 0.026882 0.041667
5 0.472141 0.433796 0.034213 0.056481
5 0.307918 0.460185 0.028348 0.044444
5 0.288368 0.650926 0.023460 0.059259
5 0.407380 0.594907 0.013196 0.026852
5 0.371457 0.881019 0.030303 0.060185
5 0.478495 0.728241 0.021505 0.032407
2 0.212366 0.081481 0.088465 0.077778
1 0.249756 0.053704 0.122190 0.107407
1 0.248289 0.218056 0.182796 0.182407
2 0.223363 0.169444 0.037146 0.011111
2 0.263441 0.146759 0.002933 0.050926
1 0.228006 0.543519 0.142229 0.214815
5 0.239980 0.592593 0.016618 0.040741
1 0.266618 0.793056 0.108993 0.215741
1 0.234604 0.950926 0.102639 0.094444
5 0.663734 0.783333 0.038123 0.061111
5 0.652981 0.942593 0.042033 0.107407
5 0.693793 0.825000 0.022972 0.037037
5 0.673754 0.070370 0.018084 0.020370
5 0.678397 0.101389 0.040078 0.054630
5 0.669844 0.159259 0.031769 0.051852
5 0.660068 0.217130 0.025904 0.041667
5 0.699169 0.210648 0.024927 0.041667
5 0.673754 0.482407 0.019062 0.037037
5 0.589687 0.603241 0.019062 0.049074
5 0.599462 0.652778 0.027859 0.066667
5 0.544233 0.663889 0.021994 0.037037
5 0.517840 0.620370 0.020039 0.033333
5 0.684995 0.561111 0.021994 0.031481
5 0.682551 0.648611 0.019062 0.041667
5 0.653470 0.620370 0.006843 0.040741
5 0.535924 0.905556 0.023949 0.066667
5 0.554008 0.914815 0.021994 0.048148
5 0.641740 0.727315 0.014663 0.028704
5 0.580156 0.856944 0.012708 0.021296
5 0.699658 0.712500 0.017107 0.032407
1 0.778592 0.051389 0.062561 0.102778
1 0.796432 0.200463 0.152004 0.175000
5 0.864125 0.191204 0.031281 0.054630
5 0.912512 0.152778 0.026393 0.048148
5 0.942326 0.017593 0.018573 0.035185
5 0.963099 0.032870 0.025904 0.039815
5 0.935484 0.082407 0.013685 0.016667
5 0.985337 0.032407 0.017595 0.042593
5 0.989736 0.058796 0.017595 0.039815
5 0.848240 0.104630 0.014174 0.037037
5 0.941593 0.158796 0.016129 0.030556
5 0.973851 0.220833 0.021017 0.050926
5 0.973851 0.247685 0.028837 0.049074
5 0.912757 0.273148 0.021017 0.027778
5 0.967253 0.406019 0.028348 0.052778
5 0.921554 0.389352 0.039589 0.052778
5 0.967009 0.463426 0.019062 0.025000
5 0.711388 0.472222 0.021017 0.044444
5 0.730450 0.476389 0.024927 0.039815
5 0.840176 0.594444 0.024438 0.050000
5 0.839932 0.637500 0.025904 0.058333
5 0.732649 0.619907 0.077224 0.119444
1 0.769306 0.770833 0.067449 0.230556
1 0.764418 0.903704 0.107527 0.187037
5 0.917644 0.604167 0.020039 0.036111
5 0.967742 0.772222 0.022483 0.046296
5 0.912268 0.916204 0.024927 0.028704
5 0.834066 0.917130 0.019062 0.036111