5 0.742424 0.987037 0.011730 0.024074
5 0.876344 0.983333 0.018573 0.031481
5 0.877566 0.658796 0.006354 0.030556
5 0.690860 0.574074 0.011241 0.014815
2 0.967009 0.564352 0.041544 0.036111
5 0.160557 0.526852 0.010264 0.020370
5 0.120723 0.562963 0.049853 0.101852
5 0.747067 0.351852 0.033724 0.057407
5 0.030792 0.337500 0.043011 0.082407
5 0.620479 0.293981 0.009286 0.019444
5 0.779326 0.260648 0.018084 0.045370
5 0.583089 0.215741 0.022483 0.037037
5 0.448925 0.148611 0.008309 0.026852
5 0.986315 0.102315 0.008798 0.019444
5 0.906891 0.036574 0.039589 0.060185
0 0.511241 0.095833 0.141740 0.191667
5 0.087243 0.924074 0.049365 0.042593
5 0.133187 0.938426 0.026882 0.026852
5 0.065249 0.937500 0.014174 0.023148
5 0.381476 0.967593 0.041544 0.057407
0 0.441349 0.931481 0.184751 0.133333
0 0.496579 0.605093 0.227761 0.775000
5 0.425953 0.306944 0.020039 0.043519
5 0.470430 0.739352 0.011241 0.047222
0 0.475318 0.377778 0.266373 0.479630