5 0.010508 0.929167 0.021017 0.041667
3 0.310606 0.809722 0.009286 0.021296
5 0.020039 0.790741 0.018573 0.048148
5 0.749267 0.800463 0.036168 0.050926
5 0.823803 0.782407 0.023949 0.038889
0 0.607527 0.865278 0.316716 0.267593
5 0.101906 0.761111 0.022972 0.044444
5 0.984360 0.753704 0.026393 0.079630
5 0.653470 0.711111 0.013685 0.044444
5 0.150782 0.693056 0.035679 0.060185
5 0.984848 0.654167 0.029326 0.025000
5 0.768573 0.650000 0.020039 0.044444
5 0.105327 0.584722 0.024927 0.047222
5 0.033724 0.566204 0.010753 0.026852
5 0.313294 0.563426 0.024438 0.052778
5 0.165445 0.541204 0.006354 0.023148
5 0.790078 0.474537 0.033724 0.049074
2 0.562072 0.454167 0.046921 0.026852
0 0.493157 0.579630 0.424242 0.309259
5 0.834555 0.441204 0.019062 0.036111
5 0.899316 0.456481 0.020528 0.072222
3 0.462610 0.427778 0.014174 0.024074
5 0.069648 0.400463 0.013196 0.023148
3 0.168622 0.382407 0.013685 0.024074
3 0.574780 0.371296 0.007820 0.016667
3 0.737292 0.357870 0.011241 0.023148
5 0.620235 0.342130 0.028348 0.062037
5 0.873656 0.342130 0.022972 0.060185
5 0.935484 0.326389 0.026393 0.062037
5 0.913978 0.290741 0.023460 0.050000
3 0.141740 0.276852 0.016618 0.022222
3 0.655425 0.242593 0.009775 0.011111
5 0.189883 0.213889 0.032747 0.048148
5 0.686706 0.187500 0.020528 0.025000
5 0.886364 0.180093 0.025904 0.041667
5 0.095308 0.140741 0.024438 0.051852
5 0.142229 0.116204 0.017595 0.023148
5 0.137097 0.061111 0.009286 0.016667
0 0.644184 0.022222 0.010753 0.044444
0 0.600929 0.205093 0.141251 0.410185
5 0.117791 0.124074 0.020528 0.029630
3 0.204545 0.168519 0.011241 0.018519
5 0.035191 0.177315 0.021505 0.049074
5 0.064027 0.217593 0.015640 0.042593
5 0.293255 0.304167 0.026393 0.067593
3 0.315738 0.291667 0.016618 0.048148
5 0.125611 0.524537 0.040078 0.050926
5 0.243891 0.773611 0.026393 0.021296
5 0.176442 0.829630 0.018573 0.027778
5 0.190371 0.465278 0.018084 0.025000
2 0.573069 0.716204 0.061095 0.028704
5 0.520528 0.079630 0.018573 0.020370
5 0.519795 0.106019 0.015152 0.015741
5 0.882454 0.894907 0.021994 0.050926
5 0.928152 0.901852 0.031281 0.048148
5 0.968231 0.610648 0.036168 0.058333
5 0.979717 0.574537 0.021017 0.039815
5 0.912512 0.359722 0.021505 0.028704
5 0.919599 0.401389 0.019062 0.049074
5 0.984848 0.369907 0.029326 0.054630
5 0.984848 0.146759 0.023460 0.045370
5 0.929374 0.020833 0.023949 0.036111
5 0.957722 0.031481 0.027859 0.053704
5 0.932796 0.077778 0.033724 0.068519
5 0.789345 0.033796 0.032258 0.060185