5 0.968964 0.981019 0.014174 0.036111
1 0.785191 0.970370 0.169599 0.057407
5 0.442082 0.943519 0.024927 0.044444
5 0.486070 0.887037 0.012219 0.022222
5 0.638807 0.838889 0.024438 0.055556
5 0.439638 0.852315 0.023949 0.052778
5 0.571848 0.814352 0.016618 0.045370
5 0.923021 0.785648 0.020039 0.060185
5 0.488270 0.777778 0.038123 0.057407
5 0.792522 0.760648 0.021017 0.049074
5 0.341887 0.684259 0.040567 0.088889
5 0.681329 0.687500 0.032258 0.058333
5 0.213099 0.604167 0.022483 0.028704
5 0.646628 0.468981 0.011730 0.023148
5 0.155670 0.453704 0.020039 0.051852
5 0.479717 0.474074 0.025904 0.042593
5 0.432063 0.443056 0.022483 0.058333
5 0.300587 0.462500 0.021505 0.060185
5 0.899560 0.360185 0.025904 0.035185
5 0.445259 0.320833 0.014663 0.045370
5 0.974096 0.258796 0.007820 0.021296
2 0.660802 0.259259 0.016618 0.022222
5 0.543988 0.235185 0.011730 0.059259
5 0.469208 0.262037 0.035191 0.066667
5 0.895650 0.213889 0.021017 0.025926
5 0.205279 0.198148 0.015640 0.033333
5 0.662757 0.056944 0.008798 0.019444
5 0.346530 0.086574 0.047898 0.086111
5 0.158847 0.030093 0.034213 0.043519
5 0.376100 0.025000 0.027859 0.050000
5 0.268328 0.677315 0.015640 0.052778
5 0.243891 0.695370 0.019550 0.074074
5 0.200147 0.787963 0.025904 0.020370
1 0.258553 0.820833 0.169110 0.356481
5 0.315494 0.647685 0.017107 0.045370
5 0.327224 0.584722 0.016129 0.036111
1 0.220430 0.470370 0.168133 0.314815
1 0.277370 0.260185 0.063050 0.101852
5 0.161535 0.328704 0.022972 0.044444
1 0.251222 0.165741 0.092864 0.151852
1 0.267107 0.069444 0.118768 0.138889
5 0.330401 0.012963 0.028348 0.022222
5 0.293988 0.100463 0.021994 0.050926
5 0.600684 0.895370 0.027370 0.029630
5 0.539345 0.643519 0.028837 0.055556
5 0.502688 0.662500 0.029814 0.076852
5 0.553519 0.237963 0.019062 0.024074
5 0.765396 0.819907 0.028348 0.087963
1 0.763685 0.864815 0.102151 0.148148
5 0.826491 0.766667 0.033236 0.037037
1 0.805474 0.646296 0.123167 0.244444
1 0.790078 0.510185 0.136364 0.166667
5 0.783480 0.541667 0.022483 0.040741
5 0.993646 0.036574 0.011730 0.045370
1 0.812317 0.300463 0.125122 0.295370
1 0.811095 0.114352 0.122678 0.228704
1 0.781036 0.040278 0.105572 0.078704
1 0.834800 0.049537 0.062561 0.043519