5 0.122678 0.349537 0.038123 0.067593
5 0.145650 0.403704 0.022483 0.040741
5 0.042522 0.475926 0.045943 0.070370
5 0.430841 0.142130 0.022972 0.045370
5 0.466276 0.219907 0.019550 0.032407
5 0.208211 0.566204 0.014663 0.036111
5 0.137097 0.653704 0.021994 0.031481
5 0.347752 0.715741 0.014174 0.027778
0 0.508553 0.877778 0.309384 0.238889
5 0.703812 0.850463 0.020528 0.056481
0 0.525415 0.584722 0.259042 0.373148
3 0.489980 0.407870 0.055230 0.102778
0 0.535191 0.205556 0.201369 0.411111
5 0.896139 0.194907 0.022972 0.050926
5 0.897361 0.084259 0.022483 0.057407
5 0.868035 0.468056 0.030303 0.054630
5 0.773705 0.568519 0.026393 0.061111
5 0.967253 0.623611 0.012708 0.026852
5 0.987781 0.618981 0.021505 0.069444
5 0.904692 0.784259 0.040078 0.050000
5 0.874145 0.697685 0.024927 0.030556
5 0.757576 0.945833 0.037146 0.067593
5 0.979472 0.951389 0.039101 0.075000
5 0.955767 0.975926 0.013196 0.031481
5 0.983382 0.822685 0.019550 0.071296