5 0.252444 0.052778 0.036657 0.081481
5 0.127077 0.086574 0.030303 0.052778
5 0.169599 0.224074 0.043011 0.125926
5 0.254399 0.222685 0.021994 0.065741
5 0.294233 0.311111 0.030303 0.109259
5 0.097019 0.422222 0.039589 0.068519
5 0.140274 0.381019 0.022483 0.039815
5 0.007820 0.420833 0.015640 0.084259
5 0.011975 0.511111 0.021017 0.035185
5 0.070626 0.614815 0.059140 0.061111
5 0.028592 0.601389 0.057185 0.119444
5 0.013441 0.693056 0.026882 0.054630
5 0.140762 0.754167 0.032258 0.099074
5 0.122434 0.788426 0.016129 0.078704
5 0.236804 0.794907 0.052297 0.058333
5 0.244135 0.900000 0.048387 0.116667
5 0.260020 0.591204 0.056696 0.060185
5 0.193304 0.579167 0.051320 0.087963
5 0.196237 0.655093 0.052297 0.063889
5 0.146872 0.573611 0.039589 0.076852
5 0.253421 0.485185 0.041544 0.055556
5 0.227761 0.466204 0.023460 0.041667
5 0.344575 0.159259 0.080156 0.162963
5 0.406403 0.545833 0.017107 0.065741
1 0.456745 0.717593 0.153959 0.261111
1 0.456012 0.346759 0.135875 0.313889
5 0.538856 0.273611 0.028837 0.058333
1 0.448680 0.094907 0.138807 0.189815
5 0.489247 0.010648 0.025415 0.019444
5 0.534213 0.016204 0.024438 0.030556
5 0.677908 0.204167 0.036168 0.060185
5 0.649560 0.375463 0.058651 0.086111
5 0.543011 0.121296 0.018573 0.044444
5 0.581623 0.568056 0.031281 0.043519
5 0.546188 0.457407 0.034702 0.059259
5 0.687928 0.657870 0.030792 0.050926
5 0.304741 0.617593 0.016129 0.037037
5 0.876588 0.747685 0.028837 0.050926
5 0.977028 0.645370 0.037146 0.051852
5 0.744135 0.029167 0.028837 0.049074
5 0.884897 0.086574 0.021994 0.039815
5 0.865103 0.184259 0.026393 0.072222
5 0.900049 0.204167 0.026882 0.058333
5 0.891984 0.359722 0.024438 0.039815
5 0.780792 0.164352 0.019062 0.032407
5 0.768573 0.127315 0.021994 0.041667
5 0.788368 0.037037 0.031281 0.037037
5 0.864370 0.317593 0.031769 0.038889
5 0.558407 0.214352 0.023949 0.049074
5 0.330645 0.017593 0.026882 0.033333
5 0.381720 0.081481 0.017595 0.024074
5 0.400049 0.158333 0.022972 0.033333
5 0.273460 0.986574 0.032747 0.021296
5 0.012463 0.969907 0.020039 0.047222
5 0.048631 0.009259 0.015152 0.018519
5 0.797654 0.720833 0.021505 0.041667
5 0.065982 0.417593 0.019550 0.050000
5 0.429863 0.299537 0.016129 0.036111
5 0.424976 0.112037 0.029814 0.062963
5 0.430108 0.946759 0.055718 0.082407
1 0.455279 0.919907 0.043500 0.158333