5 0.570626 0.990741 0.013196 0.016667
5 0.858749 0.928241 0.008798 0.036111
5 0.643451 0.905556 0.024927 0.040741
3 0.080156 0.887500 0.018573 0.021296
5 0.613881 0.824537 0.015640 0.023148
1 0.712610 0.840278 0.052786 0.089815
5 0.209189 0.780093 0.026393 0.054630
5 0.098729 0.770370 0.022483 0.037037
5 0.751466 0.765741 0.011241 0.024074
4 0.974585 0.742593 0.049853 0.070370
3 0.501711 0.672222 0.024927 0.031481
3 0.102884 0.650463 0.024927 0.037963
5 0.198436 0.648148 0.012708 0.037037
5 0.007820 0.630556 0.008798 0.027778
1 0.738025 0.647222 0.038123 0.103704
5 0.048143 0.625463 0.010264 0.052778
3 0.420332 0.616667 0.020528 0.040741
3 0.601173 0.608796 0.015640 0.032407
5 0.074536 0.605093 0.016129 0.041667
5 0.295455 0.608333 0.050342 0.070370
5 0.570137 0.586574 0.022972 0.047222
5 0.487292 0.567130 0.024438 0.039815
5 0.403226 0.554167 0.012708 0.034259
5 0.042522 0.527778 0.019550 0.042593
5 0.430596 0.542130 0.032258 0.056481
5 0.129032 0.477315 0.016618 0.017593
5 0.007331 0.488426 0.014663 0.056481
3 0.661046 0.476852 0.025904 0.029630
5 0.468964 0.455093 0.024927 0.026852
5 0.397849 0.451852 0.023460 0.038889
3 0.154203 0.415278 0.016129 0.019444
3 0.546921 0.402778 0.012708 0.031481
5 0.115836 0.392593 0.041056 0.044444
3 0.564516 0.350926 0.018573 0.029630
5 0.929863 0.352315 0.019062 0.034259
5 0.823558 0.325000 0.006843 0.024074
5 0.834066 0.304630 0.013196 0.012963
3 0.482160 0.318056 0.015152 0.041667
1 0.433773 0.338889 0.042522 0.103704
5 0.038612 0.204167 0.009775 0.030556
1 0.410068 0.160185 0.179863 0.109259
5 0.737292 0.092593 0.025904 0.053704
5 0.054741 0.045833 0.027370 0.025000
5 0.736315 0.047222 0.021017 0.024074
5 0.706012 0.034722 0.012219 0.052778
5 0.599951 0.051389 0.032747 0.063889
5 0.952835 0.015278 0.011241 0.021296
1 0.429374 0.048148 0.097263 0.096296
1 0.394917 0.885185 0.109482 0.224074
5 0.466276 0.921296 0.043988 0.064815
1 0.412023 0.752778 0.115347 0.309259
5 0.212610 0.912963 0.029326 0.057407
5 0.146872 0.989352 0.018084 0.015741
5 0.177175 0.988426 0.015152 0.017593
5 0.108504 0.592593 0.046921 0.059259
3 0.289834 0.787500 0.027370 0.045370
5 0.198925 0.425000 0.030303 0.101852
5 0.176197 0.426852 0.024927 0.040741
5 0.103128 0.467593 0.023460 0.037037
5 0.094086 0.429630 0.038612 0.046296
5 0.132698 0.302315 0.020039 0.049074
5 0.109971 0.331019 0.022483 0.034259
5 0.221652 0.218981 0.028837 0.065741
5 0.109971 0.017593 0.037146 0.033333
5 0.125855 0.029630 0.024927 0.033333
1 0.203812 0.027778 0.075269 0.055556
5 0.468964 0.339352 0.019062 0.043519
5 0.564761 0.131019 0.037634 0.054630
3 0.540567 0.126852 0.014663 0.031481
5 0.341398 0.525000 0.008309 0.050000
4 0.905181 0.179167 0.023460 0.043519
1 0.263441 0.124537 0.062561 0.080556
1 0.315494 0.068519 0.089443 0.137037
5 0.204057 0.708796 0.037634 0.071296
5 0.238025 0.745833 0.064516 0.069444
5 0.186461 0.812037 0.036657 0.062963
5 0.255132 0.831019 0.022483 0.025000
5 0.201613 0.524074 0.019062 0.033333
5 0.206500 0.484722 0.027859 0.041667
5 0.222141 0.498148 0.020039 0.025926
5 0.017351 0.145370 0.025904 0.035185
5 0.014663 0.184259 0.017595 0.037037
3 0.036413 0.143981 0.019062 0.026852
5 0.321359 0.416667 0.019062 0.031481
5 0.874389 0.169444 0.006843 0.025926
1 0.772483 0.133796 0.025904 0.097222
5 0.798631 0.237037 0.027370 0.040741
5 0.810850 0.270370 0.021505 0.037037
5 0.823803 0.278704 0.014174 0.031481