5 0.651271 0.989815 0.013196 0.018519
5 0.594330 0.985185 0.010753 0.018519
5 0.222141 0.960648 0.012219 0.015741
5 0.341887 0.947685 0.008309 0.030556
5 0.825024 0.943519 0.021505 0.037037
5 0.429374 0.927315 0.009286 0.032407
5 0.533724 0.905556 0.011730 0.025926
5 0.831623 0.884722 0.014174 0.013889
5 0.382698 0.833796 0.013685 0.017593
5 0.579423 0.835648 0.007331 0.025000
5 0.766618 0.817130 0.008309 0.019444
5 0.931329 0.823148 0.025904 0.033333
5 0.566227 0.797222 0.009286 0.037037
5 0.909580 0.775463 0.017595 0.015741
5 0.443060 0.781019 0.019062 0.037963
5 0.161290 0.756481 0.009775 0.037037
5 0.941349 0.669907 0.028348 0.052778
5 0.810362 0.650000 0.025415 0.037037
5 0.218719 0.633796 0.011241 0.025000
5 0.600929 0.655556 0.037634 0.068519
5 0.627566 0.597685 0.016618 0.043519
5 0.419355 0.563426 0.007820 0.015741
5 0.719697 0.543056 0.027859 0.039815
5 0.580156 0.522685 0.013685 0.013889
5 0.833822 0.481944 0.012708 0.032407
5 0.481916 0.483333 0.018573 0.029630
5 0.334066 0.453241 0.018084 0.023148
5 0.857038 0.336574 0.024927 0.047222
5 0.973851 0.324074 0.021017 0.037037
5 0.171310 0.240741 0.042522 0.083333
5 0.935239 0.191204 0.029814 0.052778
5 0.989003 0.030093 0.021017 0.060185
5 0.013685 0.050463 0.027370 0.050926
5 0.944770 0.038426 0.013685 0.036111
5 0.194037 0.390278 0.022483 0.034259
2 0.115103 0.205093 0.230205 0.410185
5 0.093109 0.158796 0.016129 0.034259
5 0.420332 0.490741 0.006843 0.025926
5 0.413978 0.191667 0.004888 0.022222
5 0.489247 0.330556 0.019550 0.027778
5 0.962121 0.870370 0.015152 0.024074
5 0.905425 0.801852 0.012219 0.048148
5 0.845797 0.156944 0.017107 0.039815
5 0.607771 0.204167 0.017107 0.050926
5 0.601173 0.442593 0.032258 0.072222
0 0.656891 0.358796 0.246334 0.312037
0 0.643695 0.766204 0.246334 0.287963
0 0.550587 0.871759 0.084555 0.254630