5 0.333578 0.987500 0.020039 0.023148
5 0.749022 0.951389 0.018084 0.032407
5 0.671310 0.955093 0.023949 0.045370
5 0.611681 0.930093 0.011241 0.019444
5 0.227028 0.895370 0.021017 0.048148
5 0.255621 0.888426 0.030303 0.036111
5 0.092131 0.856481 0.021994 0.037037
5 0.567693 0.899074 0.103128 0.200000
5 0.195748 0.799074 0.017107 0.040741
5 0.198925 0.695370 0.013685 0.027778
5 0.569892 0.658796 0.018573 0.034259
5 0.864125 0.617593 0.020528 0.016667
5 0.754154 0.556481 0.021505 0.038889
5 0.564761 0.531944 0.013196 0.017593
5 0.591398 0.520370 0.019550 0.066667
5 0.869501 0.443519 0.026393 0.038889
5 0.636364 0.470833 0.024438 0.102778
5 0.569404 0.398148 0.038123 0.048148
5 0.420088 0.368056 0.009286 0.021296
5 0.940127 0.352315 0.016129 0.021296
5 0.884409 0.344907 0.016129 0.047222
5 0.818915 0.347685 0.037634 0.052778
5 0.334066 0.317593 0.071848 0.122222
5 0.500978 0.264352 0.008798 0.028704
5 0.647605 0.125463 0.009775 0.017593
5 0.124145 0.081944 0.029326 0.043519
5 0.673998 0.063426 0.016618 0.030556
5 0.639052 0.021296 0.020039 0.042593
5 0.519550 0.014352 0.038123 0.028704
5 0.273705 0.939352 0.034213 0.065741
1 0.258553 0.959722 0.052786 0.078704
5 0.293744 0.988426 0.020528 0.021296
5 0.307429 0.718519 0.052786 0.140741
5 0.356549 0.681944 0.075758 0.071296
5 0.331378 0.200926 0.027370 0.050000
1 0.778592 0.041667 0.049853 0.083333
5 0.796676 0.058796 0.021505 0.030556
5 0.068426 0.019444 0.031281 0.037037
5 0.185484 0.127315 0.032747 0.065741
5 0.193793 0.060185 0.032747 0.101852
5 0.128543 0.146759 0.024438 0.045370
5 0.112414 0.634259 0.039101 0.090741
5 0.086266 0.506019 0.023949 0.047222
5 0.137830 0.889815 0.044966 0.066667
5 0.207234 0.562500 0.064516 0.078704
5 0.111193 0.460185 0.060117 0.053704
2 0.244135 0.085648 0.075758 0.171296
1 0.274682 0.068056 0.075269 0.136111
5 0.330156 0.034259 0.049365 0.068519
5 0.368768 0.017130 0.031769 0.034259
5 0.342620 0.088426 0.026393 0.039815
5 0.320137 0.450000 0.082111 0.146296
5 0.269306 0.463426 0.061584 0.132407
5 0.283969 0.404167 0.022483 0.026852
5 0.306940 0.442130 0.027370 0.082407
5 0.371212 0.480556 0.019062 0.035185
5 0.364858 0.500000 0.019062 0.037037
5 0.336999 0.547685 0.092375 0.180556
5 0.414956 0.669444 0.038123 0.098148
5 0.398583 0.771296 0.029814 0.085185
5 0.352884 0.877315 0.049853 0.108333
5 0.082356 0.906019 0.047410 0.060185
1 0.226295 0.189815 0.136852 0.183333
5 0.298387 0.231944 0.021017 0.060185
5 0.420821 0.059722 0.044966 0.119444
5 0.458700 0.096759 0.141251 0.193519
5 0.397116 0.053241 0.016129 0.041667
5 0.540811 0.139352 0.037634 0.152778
5 0.462366 0.272685 0.060606 0.165741
5 0.441593 0.380556 0.036657 0.103704
5 0.447458 0.308796 0.033724 0.071296
5 0.487537 0.309259 0.013196 0.022222
5 0.498289 0.321296 0.016129 0.031481
5 0.650293 0.833333 0.033724 0.083333
5 0.423998 0.822685 0.126588 0.230556
5 0.519795 0.779167 0.063050 0.115741
5 0.530303 0.695370 0.041056 0.120370
5 0.507820 0.718981 0.057674 0.086111
5 0.465787 0.496759 0.049853 0.145370
5 0.446725 0.599074 0.035191 0.075926
5 0.442082 0.729630 0.029814 0.042593
5 0.488759 0.841204 0.051808 0.063889
5 0.515152 0.883333 0.046921 0.088889
5 0.701857 0.631019 0.065494 0.136111
5 0.691593 0.754630 0.048876 0.138889
5 0.720674 0.843056 0.035679 0.108333
1 0.789345 0.792130 0.112414 0.236111
1 0.785191 0.920833 0.107038 0.154630
5 0.870479 0.781944 0.044966 0.076852
5 0.838710 0.560185 0.019550 0.057407
5 0.275171 0.674537 0.032258 0.039815
5 0.239247 0.573611 0.039589 0.030556
1 0.253910 0.730556 0.094330 0.279630
1 0.794477 0.196759 0.115836 0.206481
5 0.833822 0.070370 0.036168 0.105556
1 0.774194 0.391204 0.143695 0.219444
5 0.807918 0.548611 0.034213 0.063889
5 0.837243 0.515278 0.048876 0.119444
5 0.890274 0.031019 0.018084 0.062037
5 0.918133 0.019907 0.029814 0.039815
5 0.951613 0.162500 0.094819 0.204630
5 0.904448 0.100000 0.050342 0.048148
5 0.927908 0.076852 0.060117 0.038889
5 0.990469 0.255556 0.018084 0.040741
5 0.960166 0.667593 0.043500 0.062963
5 0.963343 0.711574 0.023460 0.060185
5 0.918866 0.518519 0.130010 0.125926
5 0.957722 0.481019 0.081623 0.125000
5 0.943793 0.637500 0.086022 0.160185
5 0.514174 0.434259 0.032258 0.055556
5 0.551075 0.508333 0.056207 0.044444
5 0.518573 0.554630 0.042033 0.050000
5 0.506354 0.498148 0.062561 0.161111
5 0.734848 0.062500 0.020039 0.047222
5 0.695015 0.045370 0.015640 0.024074
5 0.638807 0.637037 0.026393 0.055556
5 0.653470 0.676852 0.045943 0.027778
5 0.728495 0.151852 0.013196 0.027778
5 0.717009 0.123611 0.029326 0.039815
5 0.599462 0.177778 0.046432 0.112963
5 0.624389 0.096296 0.036657 0.074074
5 0.775904 0.130556 0.018084 0.037037
5 0.932063 0.821296 0.073314 0.129630
5 0.900538 0.765741 0.077713 0.198148
5 0.892962 0.924537 0.033236 0.091667
5 0.907136 0.967130 0.033236 0.060185
5 0.928641 0.944907 0.029326 0.049074
5 0.943304 0.909722 0.085044 0.173148
5 0.928641 0.784722 0.044966 0.095370
5 0.992913 0.503241 0.013196 0.165741
5 0.964565 0.743519 0.069892 0.198148
5 0.989247 0.775000 0.019550 0.042593
5 0.949658 0.887963 0.027370 0.068519
5 0.934751 0.858333 0.021017 0.068519
5 0.978983 0.847685 0.039101 0.095370