5 0.374878 0.219907 0.043988 0.100926
5 0.364125 0.098611 0.039101 0.045370
5 0.342620 0.031481 0.054741 0.053704
5 0.466276 0.049074 0.067449 0.098148
5 0.520283 0.051852 0.040567 0.077778
0 0.610948 0.399074 0.250244 0.355556
0 0.609238 0.850000 0.383675 0.285185
5 0.590909 0.641204 0.036168 0.071296
5 0.626833 0.570833 0.039589 0.063889
5 0.701124 0.493981 0.044477 0.093519
5 0.729717 0.364352 0.042033 0.067593
5 0.774927 0.700463 0.085533 0.125000
5 0.821848 0.771759 0.101173 0.173148
5 0.830645 0.577778 0.100196 0.116667
5 0.909824 0.553241 0.066960 0.047222
5 0.793011 0.225463 0.064027 0.086111
5 0.648094 0.046296 0.114370 0.090741
5 0.823558 0.281481 0.045943 0.125926
5 0.813294 0.100000 0.034213 0.087037
5 0.928397 0.254630 0.045455 0.105556
5 0.971408 0.368519 0.049365 0.101852
5 0.980450 0.501852 0.031281 0.125926
5 0.969453 0.727315 0.057185 0.106481