5 0.083333 0.015278 0.021017 0.028704
5 0.159580 0.068056 0.018084 0.041667
5 0.174731 0.031019 0.012219 0.026852
5 0.111926 0.073148 0.012708 0.025926
5 0.007576 0.079167 0.015152 0.015741
5 0.014174 0.295370 0.018573 0.037037
5 0.172776 0.301389 0.018084 0.043519
5 0.037879 0.222685 0.029814 0.050926
5 0.051075 0.163426 0.020039 0.045370
5 0.081623 0.137963 0.029326 0.051852
5 0.214321 0.327315 0.012219 0.025000
5 0.230450 0.504630 0.021994 0.025926
5 0.038612 0.575463 0.028348 0.049074
5 0.218475 0.583333 0.008798 0.018519
5 0.009775 0.881481 0.013685 0.038889
5 0.035191 0.771296 0.019550 0.048148
5 0.241447 0.878241 0.012708 0.017593
5 0.305718 0.367593 0.008309 0.044444
5 0.341887 0.151389 0.011241 0.026852
4 0.333822 0.076852 0.032258 0.068519
4 0.278348 0.622685 0.058162 0.121296
5 0.281281 0.667130 0.014174 0.023148
5 0.293255 0.657407 0.008798 0.014815
0 0.404936 0.863889 0.239980 0.270370
5 0.516373 0.712037 0.013196 0.035185
2 0.463832 0.741667 0.030303 0.050000
2 0.481916 0.676852 0.047898 0.044444
2 0.578935 0.748611 0.039589 0.062037
2 0.487048 0.750926 0.028837 0.037037
5 0.634653 0.647222 0.021994 0.044444
4 0.571603 0.601852 0.013196 0.068519
4 0.563539 0.329630 0.061584 0.079630
5 0.610215 0.134259 0.020039 0.031481
5 0.413490 0.423148 0.023460 0.048148
5 0.440860 0.443519 0.014663 0.031481
5 0.435973 0.405093 0.015640 0.034259
4 0.426931 0.500000 0.026882 0.031481
2 0.453079 0.307870 0.069404 0.052778
5 0.537146 0.210185 0.017595 0.062963
2 0.464076 0.057870 0.028837 0.041667
2 0.458700 0.181019 0.073803 0.169444
2 0.461632 0.019907 0.026882 0.039815
0 0.490958 0.146296 0.191105 0.292593
0 0.453079 0.502315 0.168133 0.560185
2 0.520283 0.478704 0.015152 0.098148
5 0.392717 0.696759 0.017107 0.049074
5 0.667889 0.117593 0.021017 0.051852
5 0.677175 0.221759 0.022972 0.037963
5 0.741202 0.196759 0.013196 0.026852
5 0.706745 0.298148 0.038123 0.059259
5 0.753666 0.254167 0.038123 0.062037
4 0.708944 0.023611 0.033724 0.047222
4 0.769795 0.058333 0.036168 0.079630
4 0.827957 0.093519 0.015640 0.016667
5 0.907380 0.020370 0.035679 0.040741
5 0.898338 0.051389 0.016618 0.021296
5 0.990469 0.021296 0.018084 0.040741
4 0.981427 0.060185 0.029326 0.038889
4 0.966520 0.026852 0.011241 0.053704
5 0.931818 0.050926 0.015152 0.037037
5 0.940860 0.058796 0.038123 0.037963
5 0.919599 0.062037 0.014174 0.024074
5 0.957234 0.151389 0.021017 0.034259
5 0.872190 0.283796 0.021994 0.030556
5 0.899560 0.316667 0.033724 0.053704
4 0.872190 0.335648 0.013196 0.028704
4 0.919355 0.250463 0.024438 0.025000
5 0.930596 0.463426 0.016618 0.032407
5 0.955034 0.466667 0.013685 0.020370
5 0.981427 0.445833 0.014663 0.021296
4 0.990958 0.397222 0.017107 0.029630
5 0.843353 0.541204 0.016129 0.054630
4 0.906158 0.477778 0.017595 0.027778
4 0.903470 0.496296 0.017107 0.016667
4 0.897605 0.534722 0.018084 0.041667
4 0.929130 0.502315 0.019550 0.045370
4 0.944770 0.492130 0.021505 0.043519
5 0.985582 0.669444 0.021017 0.016667
4 0.792278 0.297222 0.029326 0.066667
5 0.797410 0.527315 0.015152 0.036111
4 0.811339 0.596759 0.037146 0.047222
5 0.790811 0.685648 0.005865 0.025000
5 0.807429 0.753704 0.015640 0.038889
5 0.815982 0.787963 0.014174 0.025926
4 0.696725 0.518981 0.020039 0.058333
5 0.677175 0.663889 0.007331 0.024074
4 0.685239 0.792130 0.020528 0.045370
5 0.755376 0.847222 0.021994 0.057407
4 0.802053 0.875463 0.019550 0.063889
5 0.741447 0.934259 0.019550 0.025926
4 0.853128 0.905093 0.028837 0.039815
5 0.937439 0.801852 0.016618 0.025926
5 0.959677 0.775000 0.019062 0.050000
5 0.974340 0.749537 0.009286 0.021296
5 0.995846 0.662963 0.007331 0.018519
5 0.970919 0.837037 0.011241 0.029630
5 0.984360 0.901852 0.011730 0.029630
5 0.936461 0.829167 0.014663 0.026852
4 0.916667 0.747685 0.028837 0.047222
5 0.908847 0.771296 0.016129 0.040741
4 0.893451 0.797685 0.038123 0.041667
4 0.933529 0.917130 0.018573 0.054630
4 0.925953 0.874537 0.042522 0.089815
4 0.850684 0.222222 0.036657 0.050000
4 0.878788 0.141667 0.032258 0.051852