5 0.183284 0.204167 0.028348 0.045370
5 0.195748 0.181944 0.013196 0.019444
5 0.050098 0.492130 0.018084 0.032407
5 0.119990 0.471759 0.031769 0.043519
5 0.176931 0.468056 0.025415 0.041667
5 0.132454 0.556019 0.018573 0.030556
5 0.073803 0.623611 0.033236 0.045370
5 0.058407 0.721296 0.013196 0.059259
5 0.066227 0.717130 0.039589 0.023148
5 0.114125 0.767593 0.029814 0.033333
5 0.051320 0.869444 0.004888 0.016667
5 0.200147 0.628704 0.028837 0.051852
5 0.210899 0.685185 0.022972 0.048148
5 0.175709 0.009722 0.013196 0.019444
5 0.420821 0.877778 0.007820 0.016667
5 0.345064 0.675463 0.035191 0.065741
5 0.333089 0.554630 0.062072 0.100000
5 0.295455 0.589815 0.021017 0.029630
5 0.372678 0.397222 0.012219 0.012963
5 0.346041 0.181481 0.019550 0.027778
5 0.525171 0.400463 0.007331 0.026852
5 0.471896 0.125000 0.017107 0.038889
5 0.466764 0.534722 0.005865 0.034259
5 0.464321 0.747685 0.029326 0.047222
5 0.469453 0.778704 0.011241 0.022222
5 0.748045 0.744444 0.013196 0.011111
5 0.747067 0.770833 0.014174 0.023148
5 0.814516 0.850926 0.015152 0.024074
5 0.816960 0.867593 0.015152 0.022222
5 0.812072 0.497222 0.029814 0.046296
5 0.802542 0.382870 0.025415 0.060185
5 0.842620 0.340741 0.010753 0.011111
5 0.779570 0.300000 0.006843 0.016667
5 0.734360 0.292593 0.011241 0.014815
5 0.966031 0.037963 0.025904 0.055556
5 0.950880 0.127315 0.032747 0.078704
5 0.967253 0.113889 0.018573 0.059259
5 0.964321 0.088889 0.012708 0.018519
5 0.976540 0.117130 0.015640 0.036111
5 0.918377 0.343056 0.018573 0.054630
5 0.929130 0.279167 0.016618 0.026852
5 0.934018 0.661111 0.027370 0.048148
5 0.944526 0.932870 0.012219 0.012037
5 0.710655 0.063889 0.014663 0.031481
5 0.676197 0.224537 0.011241 0.025000
5 0.697214 0.182870 0.027859 0.052778
0 0.607038 0.116667 0.221896 0.233333
2 0.540811 0.336111 0.036657 0.094444
5 0.620479 0.410185 0.021017 0.040741
5 0.578690 0.404167 0.043011 0.071296
0 0.627322 0.668981 0.160802 0.563889
5 0.655670 0.476852 0.013196 0.027778
5 0.545210 0.759259 0.017107 0.029630
5 0.551808 0.993519 0.010753 0.011111
0 0.605083 0.891204 0.328446 0.213889
5 0.536901 0.931481 0.014174 0.018519
5 0.539101 0.877315 0.012708 0.037963