5 0.026149 0.013889 0.013196 0.024074
5 0.278104 0.181019 0.051808 0.089815
5 0.227028 0.305556 0.031769 0.085185
5 0.342131 0.590278 0.031281 0.076852
5 0.054741 0.556019 0.021505 0.060185
5 0.339687 0.705093 0.041056 0.073148
5 0.374145 0.662037 0.031769 0.066667
5 0.442326 0.275000 0.032258 0.050000
5 0.489736 0.443519 0.070381 0.075926
0 0.573558 0.115741 0.088465 0.229630
0 0.612170 0.199537 0.275171 0.347222
0 0.680352 0.042593 0.053763 0.083333
5 0.754643 0.046759 0.048876 0.060185
0 0.571848 0.600463 0.330401 0.521296
0 0.560850 0.869444 0.405181 0.257407
5 0.820626 0.973611 0.035191 0.039815
5 0.854106 0.898611 0.033724 0.095370
5 0.820870 0.751389 0.032747 0.089815
5 0.812805 0.694444 0.031281 0.037037
5 0.843353 0.668519 0.017107 0.064815
5 0.837732 0.468981 0.084066 0.137963
5 0.934262 0.596296 0.023949 0.040741
5 0.914956 0.487963 0.039101 0.044444
5 0.927175 0.385185 0.019550 0.053704
5 0.947214 0.136111 0.035191 0.055556