5 0.825513 0.987963 0.024438 0.022222
5 0.617791 0.984259 0.017595 0.029630
5 0.340909 0.975926 0.028837 0.046296
2 0.555963 0.975000 0.072825 0.048148
5 0.429130 0.963889 0.071359 0.070370
5 0.873412 0.946759 0.026393 0.063889
5 0.559384 0.906019 0.036657 0.047222
5 0.847507 0.884259 0.008798 0.035185
5 0.907625 0.881019 0.037146 0.039815
5 0.088465 0.872685 0.046921 0.039815
5 0.794477 0.901852 0.036657 0.111111
5 0.873656 0.830556 0.024927 0.055556
5 0.203079 0.817130 0.031769 0.043519
5 0.652493 0.792130 0.030303 0.043519
5 0.058162 0.773611 0.017595 0.037963
5 0.439638 0.747685 0.048387 0.073148
5 0.299120 0.722222 0.029326 0.035185
5 0.067693 0.699074 0.034702 0.038889
5 0.130743 0.646759 0.023949 0.037963
5 0.581867 0.654167 0.021994 0.056481
5 0.885142 0.636111 0.008798 0.029630
5 0.104350 0.627315 0.014174 0.041667
5 0.677664 0.631944 0.020039 0.078704
5 0.285191 0.586574 0.027859 0.017593
5 0.376833 0.591667 0.018573 0.038889
2 0.864614 0.560648 0.008798 0.019444
5 0.063294 0.557407 0.052297 0.057407
5 0.108260 0.549074 0.021017 0.029630
5 0.079179 0.509259 0.050831 0.051852
5 0.292033 0.514815 0.041544 0.070370
5 0.111681 0.491667 0.012219 0.046296
5 0.427175 0.475463 0.025415 0.052778
5 0.017351 0.452315 0.033724 0.032407
5 0.934995 0.449537 0.021505 0.036111
5 0.329179 0.433333 0.007331 0.016667
5 0.732649 0.417130 0.013685 0.026852
5 0.029570 0.418981 0.009286 0.037963
5 0.899071 0.400463 0.021994 0.021296
5 0.252199 0.394907 0.009775 0.019444
5 0.634409 0.367593 0.012708 0.022222
5 0.076979 0.389352 0.021994 0.082407
5 0.121701 0.368981 0.019550 0.054630
5 0.281036 0.337963 0.010753 0.035185
5 0.056696 0.333796 0.023460 0.026852
5 0.912023 0.332870 0.021505 0.025000
5 0.196237 0.343981 0.044477 0.045370
5 0.408358 0.362963 0.049365 0.120370
5 0.777126 0.334722 0.034213 0.063889
5 0.936461 0.312500 0.011730 0.037963
5 0.503421 0.311111 0.030303 0.035185
5 0.220919 0.300000 0.031281 0.035185
5 0.621945 0.285648 0.006354 0.023148
5 0.101662 0.306481 0.032258 0.075926
5 0.778592 0.243981 0.039101 0.076852
5 0.284946 0.273611 0.064516 0.091667
5 0.665445 0.252778 0.018084 0.051852
5 0.862414 0.191204 0.009286 0.025000
5 0.144428 0.179630 0.015152 0.020370
5 0.920577 0.174074 0.044477 0.057407
5 0.128788 0.158333 0.023949 0.022222
5 0.407625 0.131019 0.013685 0.019444
5 0.443548 0.135648 0.033724 0.095370
5 0.372434 0.085185 0.019550 0.064815
5 0.276637 0.059259 0.040078 0.051852
5 0.249022 0.025463 0.036657 0.045370
5 0.115591 0.020833 0.022972 0.041667
5 0.058895 0.200926 0.071848 0.087037
3 0.035191 0.098148 0.070381 0.185185
5 0.092375 0.138889 0.028348 0.020370
5 0.298387 0.819444 0.085533 0.129630
5 0.260753 0.802315 0.058162 0.075000
5 0.219697 0.488426 0.058162 0.093519
5 0.265152 0.470833 0.007331 0.015741
5 0.433529 0.315278 0.028348 0.063889
5 0.459433 0.272685 0.036168 0.045370
5 0.432063 0.226389 0.039101 0.119444
5 0.368280 0.200926 0.057185 0.050000
5 0.398338 0.238426 0.056696 0.071296
5 0.365591 0.872685 0.049853 0.075000
5 0.406403 0.885185 0.039589 0.064815
5 0.453079 0.620833 0.085044 0.150926
5 0.176931 0.638889 0.053763 0.088889
5 0.192571 0.625463 0.023460 0.043519
5 0.021994 0.766204 0.041056 0.075000
5 0.509775 0.116204 0.039101 0.141667
5 0.526393 0.603241 0.051808 0.102778
5 0.773216 0.500463 0.037146 0.067593
5 0.758309 0.444907 0.045455 0.150926
5 0.754399 0.398148 0.018084 0.033333
5 0.711144 0.457870 0.042033 0.041667
5 0.699902 0.325926 0.046921 0.107407
5 0.690616 0.408796 0.034213 0.078704
5 0.706500 0.566204 0.023949 0.052778
5 0.743646 0.606944 0.069892 0.097222
5 0.612659 0.881481 0.055230 0.088889
5 0.724585 0.713889 0.016129 0.050000
5 0.712366 0.768519 0.039589 0.053704
1 0.569648 0.518056 0.218475 0.206481
1 0.558162 0.304167 0.097752 0.315741
1 0.570137 0.134722 0.088465 0.217593
5 0.617058 0.234722 0.040567 0.071296
5 0.636364 0.218981 0.011730 0.023148
5 0.634653 0.148611 0.050342 0.110185
5 0.662757 0.151852 0.018573 0.040741
1 0.576002 0.030093 0.124633 0.060185
5 0.693548 0.087500 0.091887 0.171296
5 0.659335 0.023611 0.055718 0.047222
5 0.617791 0.197222 0.021505 0.050000
5 0.769062 0.073148 0.059140 0.124074
5 0.770528 0.017130 0.033724 0.034259
5 0.816471 0.024074 0.023949 0.048148
5 0.826002 0.060648 0.033236 0.082407
5 0.869013 0.145833 0.031281 0.060185
5 0.835533 0.124074 0.028837 0.081481
5 0.856549 0.022222 0.028837 0.044444
5 0.830645 0.242130 0.036657 0.117593
5 0.862903 0.262500 0.024927 0.047222
5 0.803519 0.295370 0.019550 0.031481
5 0.896628 0.258796 0.040567 0.100926
5 0.883431 0.459259 0.018084 0.055556
5 0.844330 0.468981 0.058162 0.069444
5 0.852151 0.418056 0.039589 0.076852
5 0.839198 0.342593 0.049853 0.079630
5 0.849707 0.287500 0.018084 0.032407
5 0.940127 0.915278 0.018084 0.069444
5 0.825024 0.941204 0.032258 0.049074
5 0.851417 0.945833 0.020528 0.062037
1 0.566960 0.830556 0.076246 0.112963
5 0.512708 0.719907 0.041056 0.065741
5 0.581134 0.796296 0.057674 0.085185
5 0.615347 0.728704 0.027370 0.070370
5 0.549609 0.740278 0.030792 0.052778
5 0.576246 0.714815 0.031281 0.079630
5 0.541300 0.712037 0.038612 0.035185
5 0.651271 0.987500 0.044477 0.023148
5 0.670821 0.959722 0.013196 0.030556
5 0.679863 0.952778 0.016618 0.042593
5 0.719697 0.933796 0.058162 0.130556
5 0.745601 0.892130 0.048387 0.100926
5 0.804497 0.720833 0.072336 0.084259
5 0.821359 0.808796 0.021994 0.087963
5 0.816960 0.861574 0.012219 0.043519
5 0.826979 0.881481 0.017595 0.077778
5 0.858504 0.645370 0.034702 0.072222
5 0.990469 0.906481 0.018084 0.079630
5 0.883675 0.703704 0.023460 0.042593
5 0.908847 0.662500 0.030792 0.076852
5 0.968475 0.496296 0.034702 0.055556
5 0.972385 0.551389 0.052297 0.062037
5 0.934751 0.700000 0.023949 0.079630
5 0.960411 0.610185 0.075269 0.070370
5 0.973851 0.663889 0.048387 0.135185
5 0.973363 0.311111 0.051320 0.081481
5 0.988025 0.393519 0.022972 0.029630
5 0.955279 0.235185 0.031769 0.037037
5 0.985582 0.244444 0.025904 0.048148
5 0.969697 0.140741 0.045943 0.131481
5 0.919844 0.101389 0.029326 0.065741
1 0.978495 0.081481 0.040078 0.098148
5 0.970430 0.020833 0.027859 0.041667