5 0.018328 0.106944 0.036657 0.110185
5 0.032747 0.807407 0.057674 0.111111
5 0.028837 0.956481 0.049853 0.070370
5 0.088221 0.930556 0.079668 0.098148
5 0.123412 0.629167 0.034702 0.089815
5 0.258065 0.918519 0.056696 0.064815
5 0.312072 0.837500 0.046432 0.110185
5 0.401760 0.900463 0.093842 0.097222
5 0.381965 0.744444 0.051320 0.153704
5 0.394428 0.508796 0.062561 0.071296
5 0.443793 0.689352 0.054741 0.060185
5 0.463343 0.631019 0.036168 0.112037
5 0.499022 0.597685 0.062561 0.100926
5 0.252933 0.125000 0.039589 0.062963
5 0.336755 0.169907 0.107527 0.158333
5 0.352639 0.195833 0.055230 0.123148
5 0.387830 0.087037 0.086510 0.064815
5 0.441838 0.459722 0.034213 0.075000
5 0.397849 0.396759 0.033236 0.058333
5 0.453079 0.344907 0.036168 0.080556
5 0.561584 0.084722 0.075269 0.086111
1 0.607038 0.052778 0.080156 0.103704
1 0.571114 0.320370 0.110948 0.220370
5 0.617791 0.162500 0.035191 0.078704
5 0.644673 0.135648 0.061584 0.067593
5 0.659580 0.080556 0.038612 0.120370
5 0.715298 0.188426 0.033724 0.115741
5 0.752444 0.185185 0.035679 0.083333
5 0.738514 0.273611 0.033236 0.028704
5 0.801808 0.200463 0.050342 0.087963
5 0.871457 0.108333 0.061584 0.142593
5 0.916911 0.268056 0.054741 0.069444
5 0.795699 0.295370 0.042033 0.050000
5 0.630987 0.552315 0.111437 0.152778
1 0.588710 0.732870 0.123656 0.428704
5 0.510264 0.809722 0.034213 0.075000
5 0.517840 0.948148 0.038612 0.092593
5 0.731183 0.834722 0.075269 0.137963
5 0.828201 0.912500 0.072825 0.108333
5 0.688905 0.445370 0.065982 0.198148
5 0.783724 0.467593 0.088465 0.155556
5 0.778592 0.723148 0.139785 0.251852
5 0.826979 0.635648 0.077224 0.115741
5 0.880743 0.785648 0.056696 0.062037
5 0.866569 0.522685 0.069404 0.110185
5 0.844086 0.452315 0.032258 0.099074
5 0.880499 0.381019 0.059140 0.086111
5 0.957478 0.748148 0.035191 0.103704
5 0.963343 0.667593 0.051808 0.064815
5 0.831623 0.290741 0.048387 0.062963