5 0.221408 0.374074 0.026393 0.061111
4 0.037634 0.965741 0.065494 0.066667
4 0.191838 0.595370 0.050342 0.114815
4 0.226051 0.116667 0.018084 0.055556
4 0.289101 0.052778 0.034702 0.055556
5 0.460411 0.386574 0.012708 0.025000
4 0.453812 0.496296 0.045455 0.074074
5 0.631232 0.641667 0.018084 0.027778
4 0.548876 0.402315 0.064516 0.041667
5 0.504643 0.054167 0.015152 0.032407
4 0.812317 0.051852 0.041056 0.057407
4 0.797165 0.240741 0.053763 0.092593
2 0.711877 0.593056 0.024927 0.060185
5 0.714565 0.589352 0.007820 0.023148
2 0.747801 0.490741 0.013685 0.033333
5 0.904203 0.843981 0.017595 0.039815
5 0.926686 0.873611 0.014663 0.032407
5 0.957234 0.886574 0.025904 0.036111
5 0.991935 0.848148 0.014174 0.035185
5 0.953812 0.641204 0.009286 0.025000
4 0.978006 0.751852 0.041056 0.062963
4 0.989736 0.733796 0.019550 0.060185
5 0.990469 0.595833 0.016129 0.026852
5 0.953812 0.471759 0.027859 0.017593
5 0.940860 0.366667 0.015640 0.035185
5 0.873412 0.361111 0.018573 0.035185
4 0.990225 0.278241 0.018573 0.049074
4 0.923021 0.066204 0.032747 0.063889
4 0.842375 0.089352 0.033724 0.043519
0 0.421799 0.613889 0.326491 0.770370
0 0.527370 0.833796 0.300098 0.328704
0 0.519795 0.122685 0.359238 0.245370
0 0.474340 0.032407 0.096285 0.064815
0 0.539345 0.028704 0.015152 0.057407
0 0.563783 0.021296 0.013196 0.042593
2 0.520283 0.306944 0.039589 0.030556
2 0.330401 0.139352 0.037146 0.026852