5 0.123900 0.347685 0.032747 0.045370
5 0.058162 0.399074 0.044966 0.068519
5 0.040078 0.360185 0.027370 0.031481
5 0.048876 0.380093 0.024438 0.030556
5 0.013685 0.786574 0.017595 0.036111
5 0.033236 0.849537 0.034213 0.032407
5 0.042522 0.935648 0.031281 0.052778
5 0.156647 0.907870 0.031769 0.065741
5 0.151515 0.737963 0.035191 0.055556
5 0.302786 0.768056 0.032747 0.121296
5 0.364125 0.776852 0.048876 0.090741
3 0.305718 0.901389 0.024927 0.058333
1 0.217253 0.875926 0.125611 0.246296
3 0.240225 0.796759 0.114858 0.226852
3 0.268328 0.966204 0.033236 0.065741
5 0.303275 0.671296 0.028837 0.055556
1 0.226540 0.517593 0.142229 0.348148
5 0.245601 0.408796 0.015152 0.036111
5 0.268328 0.542593 0.021505 0.046296
3 0.248534 0.272685 0.059140 0.143519
1 0.190371 0.236111 0.122678 0.329630
5 0.222141 0.109259 0.195015 0.192593
1 0.212121 0.008333 0.007820 0.016667
1 0.260508 0.012500 0.069404 0.025000
5 0.311828 0.706019 0.016618 0.039815
5 0.382942 0.929167 0.021017 0.034259
5 0.621457 0.830556 0.008309 0.024074
5 0.645894 0.842593 0.013196 0.020370
5 0.656403 0.689815 0.018573 0.031481
5 0.631232 0.612500 0.021994 0.034259
5 0.675464 0.623148 0.044966 0.094444
5 0.720674 0.631019 0.035679 0.060185
5 0.610704 0.448611 0.021017 0.049074
5 0.652248 0.440278 0.026882 0.047222
5 0.646383 0.330556 0.026882 0.048148
5 0.674976 0.162500 0.018573 0.039815
5 0.418377 0.225000 0.015640 0.027778
5 0.426931 0.214815 0.013196 0.035185
5 0.393206 0.405093 0.029814 0.052778
5 0.432063 0.393519 0.018573 0.033333
5 0.381965 0.453704 0.010264 0.025926
5 0.476051 0.467593 0.023460 0.033333
5 0.441349 0.487500 0.011730 0.026852
5 0.935728 0.748611 0.025904 0.045370
5 0.980205 0.768056 0.013196 0.032407
5 0.989247 0.846759 0.013685 0.037963
5 0.977761 0.209722 0.012219 0.034259
1 0.759286 0.087963 0.125611 0.175926
5 0.821848 0.015741 0.020039 0.031481
5 0.703812 0.231019 0.017595 0.030556
5 0.752933 0.166667 0.032747 0.048148
1 0.736559 0.236111 0.058651 0.125926
1 0.767595 0.475463 0.181329 0.421296
5 0.771994 0.279630 0.019062 0.057407
1 0.773705 0.689352 0.141740 0.271296
3 0.824047 0.678704 0.034213 0.042593
3 0.782502 0.838426 0.130010 0.226852
1 0.765396 0.923611 0.125122 0.150926