5 0.381720 0.984722 0.030303 0.028704
5 0.586755 0.936574 0.021994 0.052778
5 0.546432 0.882870 0.031281 0.052778
5 0.270528 0.901852 0.073803 0.181481
5 0.943548 0.822685 0.013196 0.025000
2 0.271261 0.756481 0.072336 0.100000
5 0.980205 0.727315 0.028837 0.078704
5 0.445992 0.624074 0.025904 0.059259
5 0.980450 0.567593 0.033236 0.051852
5 0.005621 0.486111 0.011241 0.038889
5 0.885875 0.381019 0.020039 0.052778
5 0.859726 0.354630 0.010753 0.024074
5 0.428641 0.343056 0.033236 0.073148
2 0.762708 0.192593 0.020039 0.040741
5 0.505865 0.057407 0.015640 0.020370
5 0.557185 0.018056 0.023460 0.036111
5 0.711877 0.033796 0.015152 0.054630
1 0.263930 0.284722 0.110459 0.226852
1 0.294233 0.119444 0.120235 0.238889
1 0.266618 0.586574 0.173509 0.123148
5 0.520528 0.014352 0.023460 0.025000
5 0.571359 0.270833 0.024438 0.071296
5 0.585777 0.273611 0.022972 0.021296
5 0.472874 0.628704 0.025904 0.046296
5 0.576979 0.092130 0.032747 0.060185
5 0.599951 0.128241 0.021994 0.034259
5 0.617302 0.207870 0.034213 0.047222
5 0.625122 0.085185 0.020528 0.048148
5 0.671554 0.237500 0.013685 0.045370
5 0.689394 0.150463 0.030792 0.065741
5 0.544233 0.220370 0.016129 0.040741
5 0.530303 0.256944 0.019550 0.021296
5 0.587488 0.516204 0.017595 0.030556
5 0.688905 0.531019 0.023949 0.039815
5 0.710655 0.593519 0.017595 0.033333
5 0.702590 0.462037 0.026882 0.035185
5 0.626588 0.919444 0.024438 0.025926
5 0.641984 0.754630 0.019062 0.040741
5 0.686217 0.780556 0.014663 0.037037
5 0.671799 0.897685 0.027859 0.032407
5 0.739980 0.134722 0.049853 0.065741
5 0.753910 0.846296 0.022972 0.048148
1 0.786168 0.810185 0.124633 0.368519
5 0.750000 0.605093 0.021994 0.032407
1 0.801808 0.580556 0.161779 0.238889
5 0.855572 0.522685 0.030792 0.073148
5 0.887586 0.435648 0.022483 0.056481
5 0.870235 0.445370 0.022972 0.051852
1 0.793500 0.399074 0.114858 0.205556
5 0.874878 0.180093 0.023460 0.041667
1 0.806696 0.134722 0.122678 0.189815
1 0.797898 0.049074 0.109971 0.096296
5 0.973118 0.502778 0.040078 0.040741
5 0.967742 0.643519 0.016618 0.029630
5 0.972141 0.675463 0.021505 0.025000
5 0.941105 0.650463 0.013196 0.025000
5 0.978739 0.931481 0.021994 0.051852
5 0.991202 0.895370 0.015640 0.068519
5 0.963343 0.142593 0.013685 0.024074
5 0.977028 0.318056 0.011730 0.030556
5 0.976295 0.367130 0.021017 0.023148
5 0.968719 0.191204 0.017595 0.023148