5 0.016373 0.136574 0.022972 0.052778
5 0.037146 0.074074 0.052786 0.118519
5 0.066471 0.020370 0.018573 0.040741
5 0.123167 0.009722 0.016618 0.019444
5 0.060850 0.350000 0.042522 0.077778
5 0.023460 0.413889 0.020528 0.048148
5 0.013930 0.580556 0.027859 0.053704
5 0.054008 0.531481 0.039589 0.037037
5 0.082111 0.775463 0.018573 0.032407
5 0.018573 0.757870 0.037146 0.097222
5 0.060117 0.941204 0.015640 0.032407
5 0.084311 0.910648 0.025904 0.069444
5 0.108504 0.920833 0.019550 0.030556
5 0.126588 0.578704 0.033236 0.037037
5 0.129521 0.425463 0.080156 0.126852
5 0.183284 0.579167 0.014663 0.032407
5 0.194282 0.587037 0.018084 0.033333
5 0.163001 0.241204 0.010264 0.028704
5 0.144428 0.223611 0.021994 0.050926
5 0.250000 0.086574 0.013196 0.019444
5 0.267595 0.099537 0.025904 0.047222
5 0.306696 0.041667 0.011241 0.022222
5 0.230938 0.287037 0.034702 0.051852
5 0.244624 0.490741 0.007331 0.012963
5 0.275171 0.650926 0.027370 0.094444
5 0.250244 0.702778 0.023460 0.037037
5 0.294233 0.707870 0.021505 0.032407
5 0.198925 0.799537 0.036168 0.117593
5 0.324780 0.911111 0.031769 0.107407
5 0.360459 0.851852 0.075758 0.148148
5 0.389785 0.984722 0.021017 0.028704
5 0.483627 0.928704 0.019062 0.040741
5 0.489247 0.972222 0.034213 0.050000
1 0.435239 0.959722 0.095308 0.078704
1 0.445748 0.861111 0.063539 0.264815
5 0.473363 0.822222 0.006354 0.024074
5 0.367791 0.704630 0.015152 0.022222
1 0.412512 0.644444 0.151515 0.111111
5 0.368768 0.425000 0.025904 0.040741
5 0.410068 0.506019 0.014663 0.015741
5 0.397116 0.528241 0.005376 0.017593
5 0.369013 0.328704 0.035191 0.051852
5 0.431085 0.307870 0.010753 0.023148
5 0.454057 0.312500 0.008798 0.017593
5 0.424976 0.212500 0.014174 0.039815
5 0.459677 0.193519 0.044477 0.051852
5 0.448192 0.156944 0.015640 0.037963
5 0.517351 0.550926 0.020039 0.035185
1 0.425464 0.415278 0.087488 0.186111
5 0.382698 0.412963 0.006843 0.012963
0 0.475562 0.454630 0.023460 0.066667
1 0.444037 0.101852 0.144184 0.088889
5 0.392717 0.013426 0.015152 0.026852
5 0.453812 0.066667 0.013196 0.033333
5 0.474585 0.050000 0.016618 0.040741
5 0.637341 0.034722 0.007820 0.015741
5 0.607038 0.023148 0.010753 0.024074
5 0.557918 0.397685 0.010264 0.015741
5 0.670332 0.735648 0.013196 0.017593
5 0.679374 0.705093 0.010753 0.012037
5 0.631232 0.780093 0.044477 0.054630
5 0.608504 0.876389 0.019550 0.041667
5 0.617546 0.919907 0.046432 0.113889
5 0.791056 0.026389 0.017107 0.036111
5 0.794721 0.115741 0.013685 0.025926
5 0.738270 0.299537 0.015152 0.036111
5 0.721163 0.461111 0.013196 0.022222
5 0.710899 0.743519 0.012219 0.053704
5 0.733627 0.715278 0.021505 0.034259
5 0.732405 0.726389 0.023949 0.049074
5 0.770039 0.871296 0.028837 0.027778
5 0.810362 0.986574 0.015640 0.025000
5 0.843597 0.493056 0.022483 0.026852
5 0.851662 0.051852 0.006354 0.018519
5 0.873167 0.150463 0.015152 0.032407
5 0.878055 0.914352 0.031769 0.097222
5 0.952346 0.824074 0.017107 0.038889
5 0.962854 0.638426 0.004888 0.026852
5 0.990958 0.174537 0.017107 0.045370