5 0.109238 0.026389 0.024927 0.032407
5 0.223851 0.120370 0.079179 0.150000
1 0.285191 0.170833 0.077713 0.187963
5 0.286901 0.049074 0.067449 0.098148
5 0.240225 0.031944 0.035679 0.039815
5 0.110215 0.452315 0.015152 0.060185
5 0.112659 0.518056 0.067937 0.084259
5 0.047410 0.848611 0.025415 0.073148
5 0.040811 0.965741 0.041544 0.044444
1 0.238514 0.920370 0.082111 0.155556
5 0.214565 0.814352 0.028348 0.037963
1 0.255132 0.617593 0.118280 0.277778
5 0.142473 0.769907 0.029814 0.026852
5 0.373656 0.475926 0.042522 0.070370
5 0.389052 0.656019 0.030303 0.110185
5 0.343353 0.963426 0.061095 0.069444
5 0.382698 0.893981 0.038123 0.043519
5 0.347263 0.721759 0.030792 0.078704
5 0.386852 0.724074 0.022972 0.037037
5 0.215054 0.277778 0.024438 0.035185
5 0.263930 0.408796 0.027370 0.041667
5 0.247556 0.380556 0.017107 0.038889
5 0.293500 0.339815 0.027859 0.046296
5 0.237292 0.312037 0.023949 0.033333
5 0.356794 0.035185 0.029326 0.062963
5 0.456256 0.025463 0.056207 0.050926
5 0.491691 0.052778 0.038123 0.105556
5 0.484115 0.150000 0.033724 0.062963
5 0.502199 0.200463 0.036657 0.076852
5 0.442815 0.238889 0.051808 0.159259
5 0.353128 0.236574 0.030792 0.043519
5 0.394673 0.188889 0.022972 0.035185
5 0.429863 0.387037 0.032747 0.088889
5 0.449413 0.872222 0.022972 0.087037
5 0.508553 0.905556 0.108016 0.187037
5 0.485337 0.670370 0.046921 0.087037
5 0.627322 0.951389 0.038612 0.087963
5 0.640762 0.931944 0.046921 0.056481
5 0.653959 0.968519 0.036168 0.035185
5 0.703324 0.968981 0.034213 0.060185
5 0.570137 0.822222 0.051320 0.085185
5 0.612659 0.820833 0.035679 0.056481
1 0.820870 0.779167 0.089443 0.330556
1 0.788123 0.950000 0.111926 0.096296
5 0.933040 0.980093 0.044966 0.037963
5 0.791789 0.914352 0.043988 0.065741
5 0.774194 0.845370 0.047898 0.081481
5 0.693060 0.837037 0.058651 0.088889
5 0.698680 0.703241 0.036657 0.049074
5 0.944526 0.887963 0.071848 0.122222
5 0.915445 0.882407 0.047898 0.100000
5 0.852639 0.911111 0.028837 0.098148
5 0.849951 0.964815 0.030303 0.068519
5 0.775904 0.720370 0.035679 0.068519
1 0.787634 0.544444 0.104106 0.259259
5 0.734115 0.573611 0.030303 0.128704
5 0.492180 0.399537 0.084066 0.091667
5 0.510508 0.324537 0.047410 0.112037
5 0.540567 0.712963 0.033236 0.042593
5 0.551564 0.754167 0.020039 0.032407
5 0.538612 0.673148 0.031281 0.044444
5 0.589198 0.668981 0.024927 0.069444
5 0.564027 0.668519 0.017595 0.037037
5 0.583822 0.585648 0.022972 0.043519
5 0.639296 0.703704 0.030303 0.031481
5 0.637341 0.669444 0.023460 0.038889
5 0.577224 0.363426 0.029326 0.045370
5 0.624389 0.310648 0.038612 0.056481
5 0.616569 0.549074 0.027859 0.059259
5 0.605572 0.499074 0.034213 0.040741
5 0.481183 0.500463 0.028837 0.049074
1 0.808895 0.372685 0.105572 0.167593
5 0.722141 0.299537 0.031769 0.063889
5 0.701857 0.318519 0.023460 0.044444
5 0.606061 0.050463 0.047898 0.100926
5 0.673754 0.125000 0.025904 0.059259
5 0.775171 0.143981 0.056696 0.139815
5 0.722630 0.046296 0.021994 0.046296
5 0.862170 0.246296 0.036168 0.096296
5 0.983871 0.381481 0.031281 0.098148
5 0.957967 0.437963 0.043988 0.107407
5 0.924731 0.567593 0.032258 0.055556
5 0.932796 0.498611 0.072825 0.089815
5 0.855572 0.704167 0.056207 0.121296
5 0.883431 0.726389 0.019062 0.052778
5 0.977517 0.776389 0.043988 0.080556
5 0.940127 0.734259 0.030792 0.037037
5 0.988514 0.655556 0.016129 0.062963
5 0.965543 0.687500 0.025904 0.049074
5 0.911046 0.739352 0.031281 0.067593
5 0.883675 0.820833 0.020528 0.054630
5 0.793255 0.018981 0.040078 0.037963
5 0.658113 0.414815 0.024927 0.055556
5 0.464809 0.240278 0.022483 0.043519
5 0.456989 0.178704 0.026393 0.038889
5 0.816227 0.262037 0.030303 0.050000