5 0.076735 0.135185 0.037146 0.038889
5 0.107771 0.532870 0.026882 0.036111
5 0.073803 0.649537 0.050831 0.110185
5 0.105572 0.654630 0.025415 0.048148
5 0.033480 0.602778 0.060117 0.053704
5 0.023460 0.560185 0.045943 0.051852
5 0.077713 0.596296 0.042033 0.037037
5 0.009775 0.445370 0.019550 0.024074
5 0.032502 0.457870 0.020039 0.034259
5 0.047410 0.506019 0.016618 0.030556
5 0.067937 0.484259 0.014663 0.064815
5 0.085288 0.486111 0.034702 0.046296
5 0.051075 0.406481 0.030792 0.053704
5 0.057918 0.367593 0.013196 0.027778
5 0.073558 0.355556 0.027859 0.029630
5 0.081623 0.385185 0.031281 0.024074
5 0.086999 0.303704 0.008798 0.027778
5 0.396139 0.521296 0.038612 0.055556
5 0.317693 0.657407 0.032258 0.057407
5 0.151515 0.022222 0.028348 0.044444
5 0.239980 0.904630 0.015640 0.090741
5 0.095308 0.784722 0.012708 0.073148
5 0.123412 0.779167 0.024927 0.082407
5 0.074291 0.818519 0.026393 0.046296
5 0.065494 0.848611 0.029326 0.056481
5 0.015640 0.817130 0.031281 0.091667
5 0.069892 0.933796 0.025415 0.026852
5 0.812317 0.172222 0.010753 0.042593
5 0.772239 0.377315 0.051808 0.058333
5 0.717742 0.613889 0.035679 0.022222
0 0.589198 0.032407 0.037634 0.064815
0 0.515396 0.253241 0.209677 0.330556
5 0.614125 0.361111 0.016129 0.068519
5 0.436706 0.359259 0.051320 0.092593
0 0.572825 0.631019 0.161290 0.430556
0 0.576735 0.851389 0.086999 0.295370
5 0.573558 0.919444 0.016129 0.012963
5 0.564516 0.665741 0.044966 0.075926
5 0.464565 0.343519 0.032747 0.037037
5 0.460411 0.258796 0.027370 0.067593
5 0.551808 0.450000 0.010753 0.051852