5 0.358749 0.970833 0.024438 0.025000
5 0.694282 0.938889 0.013196 0.037037
5 0.244135 0.919907 0.013196 0.017593
5 0.947703 0.823611 0.022483 0.069444
5 0.102639 0.800000 0.012708 0.029630
5 0.990225 0.696296 0.015640 0.022222
5 0.172532 0.633796 0.026393 0.021296
5 0.096530 0.603704 0.035679 0.044444
5 0.951124 0.532407 0.017595 0.014815
5 0.665200 0.509259 0.012708 0.048148
5 0.443548 0.373611 0.018084 0.039815
5 0.033724 0.370833 0.025415 0.063889
5 0.927175 0.278704 0.027370 0.053704
5 0.006109 0.123611 0.012219 0.023148
4 0.992424 0.054630 0.010264 0.020370
5 0.209189 0.059259 0.036168 0.050000
5 0.103861 0.362963 0.022972 0.042593
5 0.078690 0.658796 0.037146 0.047222
5 0.038123 0.850000 0.022483 0.033333
4 0.071359 0.958333 0.025415 0.027778
5 0.198436 0.525926 0.023460 0.038889
5 0.234848 0.874074 0.035679 0.064815
5 0.351906 0.765278 0.047898 0.047222
4 0.300587 0.617130 0.031281 0.047222
5 0.343842 0.465278 0.040567 0.075000
5 0.399071 0.030556 0.021994 0.048148
5 0.435484 0.272222 0.018573 0.033333
5 0.436461 0.741204 0.023460 0.021296
4 0.508553 0.836574 0.037634 0.076852
5 0.521017 0.899074 0.034213 0.051852
5 0.582845 0.987037 0.021017 0.024074
1 0.601662 0.812037 0.130987 0.372222
4 0.532502 0.800000 0.014174 0.031481
1 0.576491 0.660648 0.083578 0.312037
5 0.509042 0.626852 0.009286 0.020370
4 0.542278 0.631944 0.026882 0.034259
5 0.550587 0.556944 0.065982 0.110185
5 0.723118 0.898148 0.016129 0.042593
5 0.735826 0.650463 0.019062 0.049074
5 0.757087 0.590741 0.029326 0.068519
5 0.642229 0.656944 0.023460 0.095370
5 0.695748 0.463889 0.024927 0.083333
5 0.649071 0.515278 0.021505 0.047222
5 0.787879 0.825000 0.045943 0.075926
4 0.884164 0.854630 0.024438 0.031481
4 0.969208 0.904630 0.016618 0.031481
5 0.962121 0.877778 0.014174 0.037037
5 0.980450 0.876852 0.038123 0.098148
4 0.491935 0.462963 0.015152 0.031481
5 0.547898 0.400926 0.015640 0.033333
5 0.515640 0.391667 0.038123 0.109259
5 0.501711 0.358333 0.027859 0.050000
1 0.575758 0.293519 0.148583 0.133333
5 0.545455 0.154630 0.024438 0.038889
1 0.591398 0.084722 0.183773 0.169444
4 0.817693 0.669907 0.028348 0.041667
5 0.828935 0.620833 0.015640 0.047222
5 0.854350 0.602778 0.042033 0.050000
5 0.896383 0.521296 0.035191 0.118519
5 0.747067 0.134259 0.035679 0.072222
5 0.729961 0.145833 0.011241 0.021296
5 0.726784 0.305556 0.029326 0.042593
5 0.812561 0.328241 0.019062 0.037963
5 0.866080 0.064352 0.072336 0.106481
4 0.817937 0.169444 0.030792 0.031481
4 0.843597 0.152315 0.037146 0.050926
5 0.841153 0.078241 0.018573 0.032407
5 0.814516 0.089815 0.032747 0.072222
5 0.788856 0.554630 0.010753 0.009259
5 0.763930 0.548611 0.016618 0.012037