5 0.361926 0.962500 0.007331 0.015741
5 0.276882 0.942593 0.024927 0.033333
0 0.585777 0.913889 0.404203 0.170370
5 0.324047 0.799537 0.013685 0.054630
5 0.054252 0.766204 0.012708 0.012037
3 0.748778 0.797685 0.044966 0.100926
5 0.943548 0.700000 0.029814 0.046296
5 0.699413 0.681019 0.009775 0.015741
5 0.295699 0.687037 0.014663 0.035185
5 0.873656 0.670833 0.029814 0.045370
5 0.291789 0.643981 0.014663 0.026852
5 0.253177 0.668519 0.054741 0.098148
5 0.242180 0.583796 0.026882 0.025000
5 0.996579 0.502778 0.005865 0.025926
5 0.745112 0.472222 0.035679 0.061111
5 0.634409 0.446759 0.014663 0.032407
5 0.681329 0.379167 0.053763 0.126852
5 0.101906 0.272685 0.019062 0.019444
5 0.183040 0.243519 0.039589 0.033333
5 0.114858 0.193056 0.043011 0.062037
5 0.899804 0.227315 0.058651 0.082407
5 0.807429 0.208796 0.049853 0.063889
5 0.421799 0.172222 0.040078 0.059259
5 0.749022 0.179630 0.047410 0.092593
5 0.870723 0.160185 0.052297 0.066667
5 0.969453 0.115278 0.018084 0.036111
5 0.532502 0.099537 0.015152 0.023148
5 0.684262 0.112037 0.043988 0.066667
5 0.457722 0.086111 0.018084 0.040741
5 0.980938 0.009259 0.022483 0.018519
0 0.530303 0.033796 0.035191 0.067593
5 0.049609 0.419907 0.027859 0.043519
5 0.065982 0.469907 0.011730 0.019444
5 0.066227 0.539352 0.021994 0.030556
5 0.270039 0.521759 0.044477 0.100926
5 0.524194 0.826389 0.034702 0.063889
5 0.499511 0.810648 0.019550 0.056481
5 0.437439 0.687037 0.027370 0.077778
0 0.499022 0.425926 0.247312 0.485185
0 0.506598 0.597685 0.419844 0.460185
5 0.878788 0.357870 0.041056 0.037963
5 0.828201 0.378704 0.008309 0.009259
5 0.989003 0.874074 0.021017 0.053704
5 0.956989 0.876852 0.028348 0.077778
5 0.931085 0.916204 0.029326 0.063889
5 0.876344 0.894444 0.080156 0.135185