5 0.618280 0.965741 0.044966 0.044444
5 0.422532 0.968981 0.056207 0.060185
0 0.525171 0.956944 0.050342 0.084259
5 0.408358 0.781481 0.031769 0.057407
0 0.544966 0.744444 0.282502 0.212963
5 0.049853 0.678241 0.042033 0.063889
5 0.699413 0.647685 0.024438 0.045370
5 0.034213 0.551389 0.037146 0.075000
5 0.398583 0.452315 0.039589 0.067593
5 0.769062 0.366667 0.015152 0.024074
5 0.161535 0.292593 0.046432 0.068519
5 0.694037 0.220370 0.046921 0.114815
5 0.035191 0.180093 0.020528 0.030556
5 0.922043 0.118056 0.067937 0.136111
5 0.201857 0.041667 0.064516 0.061111
5 0.145650 0.027315 0.019550 0.054630
5 0.289345 0.397685 0.038123 0.119444
5 0.309384 0.527315 0.055718 0.095370
5 0.253421 0.626852 0.019062 0.068519
2 0.029814 0.754167 0.041056 0.130556
0 0.334066 0.048611 0.073803 0.095370
0 0.411535 0.020833 0.059629 0.041667
0 0.436950 0.025926 0.005865 0.051852
0 0.545943 0.351852 0.171065 0.348148
5 0.583822 0.028704 0.054252 0.050000
5 0.614614 0.023611 0.029814 0.047222
5 0.940127 0.904630 0.054252 0.061111
5 0.886119 0.278241 0.042033 0.065741
5 0.759286 0.307870 0.021994 0.076852
2 0.825269 0.079167 0.050342 0.154630