5 0.062805 0.271296 0.026882 0.055556
5 0.007820 0.832870 0.015640 0.065741
5 0.072825 0.946296 0.013685 0.020370
5 0.148583 0.930556 0.040078 0.057407
5 0.139052 0.974537 0.023949 0.049074
5 0.077224 0.191204 0.022483 0.041667
5 0.154692 0.237963 0.013196 0.014815
5 0.245112 0.942130 0.024927 0.054630
5 0.300342 0.487500 0.039589 0.178704
5 0.244868 0.316204 0.007820 0.013889
5 0.240958 0.092130 0.022483 0.036111
5 0.227517 0.864352 0.053275 0.100926
5 0.280303 0.607407 0.007331 0.033333
5 0.325024 0.084722 0.016618 0.025000
5 0.449658 0.733796 0.038123 0.082407
5 0.524438 0.487963 0.015640 0.037037
5 0.614370 0.426852 0.025415 0.046296
5 0.588221 0.463426 0.034702 0.087963
5 0.622678 0.503241 0.038123 0.065741
5 0.764663 0.525463 0.065982 0.102778
5 0.811339 0.936574 0.042033 0.047222
5 0.968719 0.161111 0.031281 0.068519
5 0.994379 0.101852 0.010264 0.038889
4 0.878788 0.750000 0.016618 0.024074
5 0.973607 0.759259 0.051808 0.144444
0 0.772483 0.028704 0.052297 0.057407
0 0.523705 0.870833 0.231183 0.256481
0 0.666178 0.945370 0.034213 0.107407
0 0.480450 0.157407 0.377322 0.314815
5 0.190127 0.903704 0.013685 0.025926