5 0.086755 0.013426 0.017107 0.026852
5 0.106305 0.189352 0.021994 0.037963
5 0.119990 0.559259 0.018084 0.061111
5 0.163978 0.724074 0.030792 0.057407
5 0.307918 0.634722 0.013685 0.017593
5 0.377322 0.894907 0.014663 0.030556
0 0.530547 0.121759 0.221408 0.243519
0 0.493157 0.355556 0.356794 0.370370
5 0.572336 0.495370 0.021505 0.042593
0 0.462121 0.723148 0.247801 0.268519
0 0.478250 0.899074 0.140274 0.200000
5 0.947703 0.403241 0.019550 0.030556
5 0.976540 0.247685 0.015640 0.043519
4 0.520283 0.637963 0.026882 0.055556
0 0.716764 0.967130 0.015152 0.062037