1 0.219941 0.109722 0.129032 0.219444
1 0.224340 0.407407 0.183773 0.194444
5 0.259286 0.520833 0.029814 0.052778
5 0.387097 0.193981 0.014663 0.043519
5 0.414467 0.213889 0.024438 0.044444
5 0.377566 0.243056 0.018084 0.037963
5 0.324536 0.340741 0.030303 0.038889
5 0.444526 0.341667 0.019062 0.042593
5 0.433529 0.496759 0.039101 0.073148
5 0.425464 0.537963 0.016129 0.033333
1 0.198925 0.689815 0.147605 0.227778
1 0.229961 0.827315 0.144184 0.191667
5 0.304497 0.786574 0.026393 0.047222
1 0.241691 0.951852 0.083578 0.094444
5 0.452590 0.009259 0.024438 0.018519
5 0.565249 0.065741 0.021017 0.035185
5 0.560117 0.147222 0.024438 0.057407
5 0.455767 0.220370 0.024927 0.051852
5 0.484848 0.187963 0.013685 0.029630
5 0.534946 0.168519 0.019062 0.038889
5 0.547165 0.183796 0.014174 0.039815
5 0.529326 0.203704 0.027370 0.044444
5 0.553763 0.158796 0.015640 0.047222
5 0.491691 0.223611 0.013685 0.025000
5 0.548876 0.271759 0.034213 0.073148
5 0.640518 0.263889 0.022972 0.057407
5 0.689638 0.300000 0.025415 0.029630
5 0.489247 0.283333 0.030303 0.044444
5 0.482893 0.360185 0.018573 0.057407
5 0.579912 0.355556 0.034702 0.055556
5 0.661535 0.391204 0.029814 0.045370
5 0.569648 0.581481 0.032747 0.031481
5 0.529814 0.534722 0.022483 0.049074
5 0.572336 0.434722 0.022483 0.043519
5 0.668866 0.504630 0.020039 0.051852
5 0.697703 0.473611 0.027859 0.028704
5 0.648338 0.527315 0.012219 0.043519
5 0.610215 0.537500 0.016129 0.039815
5 0.654203 0.625000 0.031769 0.029630
5 0.688172 0.598148 0.032258 0.055556
5 0.545699 0.435648 0.024927 0.036111
5 0.559140 0.467593 0.019550 0.040741
5 0.490958 0.607407 0.019062 0.044444
5 0.498045 0.664352 0.015640 0.039815
5 0.543500 0.677778 0.010753 0.029630
5 0.681818 0.685648 0.023460 0.054630
5 0.440616 0.860185 0.016129 0.038889
5 0.473851 0.839352 0.020039 0.043519
5 0.522239 0.918981 0.024927 0.036111
5 0.537390 0.873148 0.021994 0.037037
5 0.553519 0.896759 0.037634 0.050926
5 0.546676 0.925463 0.035679 0.028704
5 0.550831 0.866204 0.018573 0.032407
5 0.671554 0.787500 0.026393 0.058333
5 0.691349 0.793981 0.026882 0.045370
5 0.674976 0.731019 0.012708 0.026852
5 0.721896 0.848611 0.015640 0.037963
5 0.664712 0.013426 0.013685 0.026852
1 0.732893 0.109259 0.125611 0.218519
5 0.773949 0.067593 0.029814 0.035185
1 0.783969 0.012500 0.021505 0.025000
5 0.779570 0.022222 0.010753 0.031481
5 0.945992 0.159722 0.024927 0.050926
5 0.927908 0.277778 0.020039 0.051852
5 0.942815 0.087963 0.019550 0.040741
5 0.979961 0.077315 0.014663 0.026852
5 0.989736 0.075000 0.018573 0.051852
5 0.983871 0.101852 0.016618 0.038889
5 0.991447 0.212037 0.014174 0.051852
5 0.991691 0.252778 0.014663 0.035185
5 0.960411 0.338889 0.015640 0.044444
5 0.972874 0.262500 0.014174 0.021296
5 0.966276 0.218056 0.009775 0.034259
5 0.931329 0.486574 0.021017 0.045370
5 0.982405 0.568981 0.017595 0.041667
5 0.926686 0.601852 0.022483 0.046296
5 0.915934 0.623611 0.028348 0.052778
5 0.826979 0.640741 0.021505 0.038889
5 0.850684 0.651852 0.023949 0.051852
5 0.965298 0.893056 0.027370 0.054630
5 0.926931 0.882407 0.014174 0.033333
5 0.829668 0.249537 0.029814 0.052778
5 0.822825 0.355556 0.017107 0.031481
1 0.763685 0.249074 0.147116 0.164815
1 0.773949 0.410185 0.109971 0.238889
1 0.763685 0.595370 0.126588 0.196296
5 0.699902 0.628241 0.020528 0.050926
5 0.800098 0.563426 0.014663 0.039815
5 0.821848 0.570370 0.015152 0.048148
5 0.844330 0.561574 0.017107 0.054630
5 0.831867 0.578241 0.006843 0.047222
5 0.707722 0.740278 0.009775 0.025000
1 0.760997 0.774537 0.149560 0.189815
5 0.776393 0.787963 0.013196 0.018519
1 0.772972 0.865278 0.161779 0.204630
1 0.751466 0.959259 0.108993 0.077778
5 0.928397 0.707407 0.017107 0.024074
5 0.922532 0.790278 0.012219 0.017593
5 0.975073 0.402778 0.016618 0.018519
5 0.481672 0.047222 0.025904 0.053704