5 0.145894 0.916667 0.037634 0.035185
5 0.296188 0.787963 0.024438 0.044444
5 0.404448 0.631944 0.026882 0.076852
5 0.633187 0.643056 0.044477 0.060185
5 0.520039 0.643519 0.031281 0.053704
5 0.489003 0.458796 0.017107 0.067593
5 0.686461 0.383333 0.021017 0.022222
5 0.196725 0.170370 0.017107 0.024074
5 0.883675 0.131019 0.016618 0.026852
5 0.416422 0.095370 0.020528 0.025926
5 0.950880 0.080556 0.019062 0.027778
5 0.280547 0.059259 0.032258 0.050000
5 0.462366 0.022222 0.008798 0.027778
5 0.235093 0.025000 0.034213 0.050000
5 0.346774 0.954167 0.030792 0.073148
5 0.181329 0.618981 0.032258 0.067593
1 0.277615 0.645833 0.069404 0.113889
5 0.169110 0.299074 0.022483 0.038889
1 0.242424 0.473148 0.152493 0.224074
1 0.254399 0.262500 0.178397 0.223148
5 0.413978 0.751389 0.026393 0.054630
5 0.369990 0.854167 0.037146 0.123148
5 0.667400 0.789815 0.017107 0.053704
5 0.662268 0.568519 0.029326 0.062963
5 0.574047 0.318981 0.020039 0.043519
5 0.595552 0.320833 0.020039 0.050926
1 0.771750 0.962037 0.054741 0.066667
1 0.801075 0.849537 0.148583 0.289815
5 0.921799 0.744907 0.016618 0.032407
5 0.907869 0.406944 0.021994 0.062037
5 0.890518 0.357870 0.025415 0.052778
5 0.841398 0.268519 0.036657 0.051852
1 0.802053 0.445833 0.149560 0.258333
1 0.797165 0.267593 0.074291 0.212963
5 0.737292 0.125000 0.023949 0.051852
5 0.749267 0.176389 0.020528 0.058333
5 0.760264 0.149074 0.021994 0.029630
1 0.797898 0.068519 0.120723 0.137037