1 0.026149 0.142593 0.052297 0.094444
5 0.091642 0.095833 0.032747 0.060185
5 0.089198 0.156481 0.021994 0.050000
5 0.184262 0.044444 0.050831 0.088889
5 0.229228 0.015741 0.034213 0.031481
5 0.247312 0.044907 0.025415 0.045370
5 0.084311 0.290741 0.011241 0.020370
5 0.115836 0.322222 0.027370 0.059259
5 0.162268 0.296296 0.059629 0.133333
5 0.212854 0.281944 0.027859 0.045370
5 0.215543 0.321296 0.031281 0.055556
5 0.150049 0.394444 0.015640 0.025926
5 0.070626 0.501852 0.016129 0.046296
5 0.153959 0.438889 0.017595 0.027778
5 0.171554 0.464815 0.022483 0.035185
5 0.343109 0.240278 0.020528 0.025000
5 0.289834 0.325463 0.104594 0.247222
5 0.272239 0.562037 0.138807 0.261111
5 0.381476 0.458796 0.041544 0.115741
5 0.081623 0.715741 0.025415 0.055556
5 0.142229 0.831481 0.063539 0.150000
5 0.203812 0.787037 0.023460 0.046296
5 0.339443 0.745370 0.065005 0.094444
5 0.286413 0.887963 0.041056 0.075926
5 0.015396 0.974537 0.016129 0.041667
5 0.065494 0.971759 0.015640 0.050926
5 0.132209 0.982870 0.039589 0.032407
5 0.050098 0.933333 0.028837 0.024074
5 0.073558 0.990741 0.019062 0.016667
5 0.359971 0.965741 0.023949 0.066667
5 0.601173 0.207407 0.024438 0.035185
5 0.610948 0.359259 0.012708 0.018519
5 0.659580 0.571296 0.017107 0.038889
1 0.496090 0.096759 0.112414 0.193519
5 0.546188 0.023148 0.023949 0.046296
5 0.437683 0.059259 0.015152 0.025926
5 0.428641 0.160648 0.016618 0.025000
5 0.446725 0.217593 0.060606 0.092593
1 0.487537 0.274074 0.123656 0.205556
1 0.436706 0.461111 0.123656 0.179630
5 0.426442 0.444444 0.010264 0.024074
1 0.461632 0.607407 0.166667 0.192593
5 0.428397 0.666204 0.015152 0.039815
5 0.444037 0.697222 0.009286 0.057407
5 0.645894 0.771759 0.020039 0.037963
1 0.425953 0.768519 0.111926 0.133333
1 0.447458 0.887037 0.136364 0.174074
1 0.416667 0.917593 0.114858 0.162963
5 0.748045 0.836111 0.035679 0.068519
5 0.773705 0.678704 0.047898 0.066667
5 0.885630 0.759259 0.048876 0.066667
5 0.810606 0.782870 0.016129 0.039815
5 0.827468 0.931944 0.016618 0.028704
5 0.841642 0.888426 0.025415 0.036111
5 0.736804 0.436574 0.037634 0.089815
5 0.717986 0.594907 0.034213 0.087963
5 0.730205 0.518056 0.017595 0.034259
5 0.922532 0.536574 0.032747 0.050926
5 0.742669 0.052315 0.015152 0.012037
5 0.822092 0.029167 0.057674 0.058333
5 0.994135 0.117593 0.010753 0.024074
5 0.662757 0.175926 0.018573 0.035185
5 0.677175 0.797222 0.013196 0.040741
5 0.888563 0.984722 0.013685 0.019444
5 0.903959 0.983796 0.013196 0.021296
5 0.829668 0.724074 0.017107 0.050000
5 0.520283 0.731481 0.006354 0.022222
5 0.374878 0.280556 0.008798 0.014815
5 0.190371 0.188426 0.025904 0.037963