5 0.138563 0.786111 0.059140 0.120370
5 0.110459 0.881019 0.043988 0.043519
5 0.277126 0.968519 0.063539 0.059259
5 0.283969 0.862500 0.021505 0.021296
5 0.220430 0.074537 0.021505 0.036111
5 0.297654 0.149074 0.033236 0.077778
0 0.450635 0.125000 0.411535 0.250000
0 0.457478 0.482407 0.248289 0.755556
0 0.483138 0.727315 0.366080 0.423148
0 0.441349 0.907407 0.275660 0.179630
0 0.654448 0.921296 0.154448 0.151852
5 0.397849 0.423611 0.022483 0.043519
5 0.904692 0.058796 0.039101 0.100926
5 0.862659 0.233333 0.022483 0.083333
5 0.692326 0.649074 0.039589 0.088889
5 0.666667 0.597685 0.026393 0.056481
5 0.652981 0.498611 0.021505 0.043519
5 0.923754 0.684259 0.049853 0.127778
5 0.765640 0.550463 0.021994 0.047222
4 0.948925 0.116667 0.035679 0.057407