0 0.586999 0.129167 0.176931 0.258333
5 0.561339 0.152315 0.022972 0.052778
5 0.560606 0.240278 0.031281 0.062037
5 0.581867 0.299074 0.028837 0.055556
0 0.595552 0.447222 0.284946 0.250000
5 0.758065 0.068519 0.043011 0.070370
5 0.829668 0.043981 0.036657 0.076852
5 0.886852 0.168981 0.033724 0.060185
5 0.931818 0.186111 0.037634 0.050000
5 0.956745 0.116204 0.026882 0.037963
5 0.984604 0.056481 0.024927 0.085185
5 0.984604 0.194907 0.023949 0.076852
5 0.968964 0.216204 0.022972 0.036111
5 0.990469 0.455093 0.013196 0.032407
5 0.892962 0.508796 0.034213 0.049074
5 0.950880 0.495833 0.026882 0.039815
5 0.945992 0.580556 0.023949 0.046296
5 0.916178 0.606481 0.023949 0.046296
5 0.976295 0.665741 0.040567 0.081481
5 0.618280 0.404167 0.025415 0.041667
5 0.656647 0.463426 0.037634 0.063889
5 0.697214 0.462963 0.024927 0.031481
5 0.777370 0.498148 0.029814 0.057407
5 0.762219 0.393056 0.021017 0.032407
5 0.871457 0.904167 0.048876 0.076852
5 0.508065 0.569907 0.034702 0.063889
5 0.485826 0.618981 0.023460 0.039815
5 0.486315 0.682870 0.036168 0.052778
5 0.562561 0.627778 0.035191 0.061111
5 0.551808 0.557870 0.037146 0.052778
5 0.646628 0.701852 0.026393 0.046296
5 0.667155 0.652778 0.023460 0.055556
5 0.664712 0.606019 0.025415 0.039815
5 0.761241 0.593981 0.039589 0.063889
5 0.791789 0.606019 0.036168 0.075000
5 0.758065 0.649537 0.044966 0.071296
5 0.789345 0.688426 0.049853 0.086111
5 0.849951 0.713426 0.033236 0.039815
5 0.896872 0.739815 0.030303 0.051852
5 0.973607 0.933333 0.046921 0.083333
5 0.750000 0.942130 0.028837 0.039815
0 0.703079 0.918981 0.046432 0.156481
5 0.722141 0.803704 0.031769 0.038889
5 0.215054 0.377778 0.052786 0.068519
5 0.172287 0.554167 0.039589 0.063889
5 0.068915 0.526389 0.023460 0.049074
5 0.018328 0.629167 0.036657 0.073148
5 0.113148 0.757870 0.019062 0.039815
5 0.147849 0.818981 0.025904 0.039815
5 0.104839 0.916667 0.021017 0.037037
5 0.063783 0.924537 0.026882 0.052778
5 0.014174 0.946759 0.025415 0.030556
5 0.025171 0.823611 0.028837 0.043519
5 0.036168 0.491204 0.032258 0.056481
5 0.039834 0.364815 0.043500 0.081481
5 0.046188 0.265741 0.065982 0.098148
5 0.010508 0.217130 0.021017 0.076852
5 0.017840 0.154630 0.032747 0.057407
5 0.047898 0.134722 0.028348 0.052778
5 0.025904 0.022685 0.043988 0.043519
5 0.099951 0.023148 0.033724 0.046296
5 0.185728 0.061111 0.024438 0.046296
5 0.273949 0.049537 0.017107 0.030556
5 0.318915 0.038889 0.010264 0.050000
5 0.386608 0.070833 0.026393 0.030556
5 0.286168 0.248148 0.011241 0.064815
5 0.301320 0.165278 0.021017 0.052778
5 0.980450 0.475000 0.025415 0.050000
5 0.413245 0.407407 0.028837 0.057407
5 0.276149 0.580556 0.026393 0.033333
0 0.570626 0.826852 0.331867 0.294444
0 0.632209 0.879630 0.233138 0.225926