5 0.165689 0.029630 0.027370 0.055556
5 0.220430 0.106481 0.027370 0.070370
5 0.275904 0.041204 0.024927 0.045370
5 0.152737 0.175926 0.047410 0.081481
5 0.144428 0.302778 0.031769 0.066667
5 0.167400 0.411574 0.038612 0.075000
5 0.117302 0.532407 0.043988 0.083333
5 0.167889 0.981481 0.030792 0.029630
5 0.324047 0.937037 0.042033 0.051852
5 0.334066 0.662963 0.019062 0.042593
5 0.350929 0.698148 0.019550 0.033333
5 0.331134 0.247222 0.041544 0.075926
5 0.360948 0.123148 0.030792 0.050000
5 0.373900 0.131481 0.025415 0.040741
5 0.364370 0.064815 0.025904 0.042593
5 0.470674 0.258333 0.025415 0.051852
5 0.480694 0.249074 0.010264 0.020370
5 0.531525 0.307407 0.027859 0.048148
5 0.488270 0.333796 0.025415 0.030556
5 0.524438 0.083796 0.014663 0.034259
5 0.512708 0.068056 0.016618 0.047222
5 0.544233 0.034259 0.016129 0.029630
0 0.600929 0.044444 0.040567 0.087037
0 0.580645 0.209722 0.277615 0.419444
5 0.745357 0.097685 0.030303 0.084259
5 0.530059 0.462037 0.044477 0.090741
0 0.573314 0.548148 0.276637 0.320370
5 0.516862 0.589815 0.022972 0.037037
5 0.586999 0.644444 0.060606 0.051852
5 0.438172 0.715741 0.033724 0.072222
5 0.455523 0.756481 0.029326 0.062963
5 0.505621 0.734722 0.012219 0.028704
5 0.522239 0.708333 0.064027 0.074074
5 0.567204 0.740278 0.029814 0.062037
0 0.589198 0.825926 0.476540 0.342593
5 0.553519 0.792593 0.013196 0.020370
5 0.731183 0.530093 0.063539 0.093519
5 0.943304 0.554167 0.037146 0.076852
5 0.991202 0.288426 0.014663 0.050926
5 0.897116 0.035648 0.022972 0.030556