5 0.542522 0.413426 0.055718 0.112037
5 0.244135 0.898611 0.066960 0.113889
5 0.233382 0.841204 0.033724 0.052778
5 0.260997 0.687037 0.054741 0.124074
5 0.299853 0.775000 0.041544 0.088889
5 0.329179 0.889815 0.027859 0.044444
5 0.363881 0.556019 0.029814 0.073148
5 0.237292 0.568519 0.039589 0.079630
5 0.155914 0.605556 0.035191 0.114815
5 0.112903 0.673611 0.055718 0.097222
5 0.140518 0.736574 0.026882 0.032407
5 0.145161 0.898148 0.142717 0.198148
5 0.022239 0.829630 0.034702 0.081481
5 0.010997 0.934722 0.021017 0.125000
5 0.415689 0.680556 0.020039 0.031481
5 0.448192 0.664815 0.029326 0.070370
5 0.503421 0.663889 0.037146 0.059259
5 0.746579 0.827778 0.047410 0.092593
5 0.526393 0.968981 0.043988 0.052778
5 0.470186 0.938889 0.056696 0.062963
5 0.452346 0.976389 0.058162 0.037963
5 0.714076 0.625000 0.022483 0.046296
5 0.769306 0.534259 0.037146 0.120370
5 0.849707 0.569444 0.021994 0.040741
5 0.906403 0.711111 0.029814 0.044444
5 0.832356 0.125000 0.038123 0.059259
5 0.559140 0.085185 0.032258 0.085185
5 0.765152 0.349074 0.015152 0.050000
5 0.722630 0.221296 0.027859 0.059259
5 0.502688 0.300000 0.023949 0.044444
5 0.445503 0.122685 0.015152 0.032407
5 0.384653 0.216667 0.032258 0.044444
5 0.222630 0.330556 0.028837 0.053704
5 0.189638 0.313889 0.028348 0.081481
5 0.133187 0.281019 0.040567 0.080556
5 0.090420 0.253704 0.054741 0.092593
5 0.084555 0.414815 0.029326 0.070370
5 0.063050 0.380556 0.040078 0.068519
5 0.028837 0.618981 0.021505 0.056481
5 0.013196 0.459722 0.025415 0.054630
5 0.007820 0.383796 0.014663 0.043519
5 0.007820 0.101852 0.015640 0.051852
5 0.114858 0.054630 0.029326 0.059259
5 0.148583 0.368056 0.017595 0.047222
5 0.876588 0.310648 0.024927 0.052778
5 0.678397 0.419444 0.023460 0.046296
5 0.182551 0.652778 0.022972 0.050000
5 0.470919 0.747685 0.022972 0.054630
1 0.446237 0.256944 0.076246 0.191667
1 0.473851 0.510648 0.090420 0.234259
1 0.455279 0.388889 0.120723 0.207407