5 0.060606 0.788426 0.043988 0.082407
5 0.012952 0.888426 0.025904 0.056481
5 0.082600 0.936574 0.034213 0.062037
5 0.093842 0.802315 0.028348 0.052778
5 0.138807 0.650463 0.036168 0.071296
5 0.054252 0.961574 0.036168 0.041667
5 0.019062 0.951852 0.014663 0.027778
5 0.070870 0.984259 0.018573 0.029630
5 0.010020 0.362963 0.020039 0.046296
5 0.038612 0.237500 0.028348 0.050926
5 0.063539 0.220833 0.029326 0.041667
5 0.078446 0.504630 0.026882 0.051852
5 0.095797 0.566667 0.046921 0.066667
4 0.247067 0.990278 0.035679 0.017593
5 0.276882 0.855093 0.015152 0.067593
5 0.278837 0.933333 0.021994 0.040741
5 0.277615 0.662500 0.029326 0.043519
5 0.268084 0.161574 0.027859 0.050926
5 0.277615 0.304630 0.027370 0.024074
5 0.264418 0.463889 0.022483 0.046296
5 0.318671 0.913889 0.032258 0.040741
5 0.403715 0.605556 0.039101 0.070370
5 0.386852 0.502778 0.024927 0.042593
5 0.314272 0.066204 0.044966 0.071296
5 0.296432 0.147222 0.032747 0.057407
5 0.313050 0.153704 0.019062 0.040741
5 0.412268 0.062500 0.042522 0.056481
5 0.475073 0.092593 0.026393 0.038889
5 0.444526 0.106944 0.023949 0.037963
5 0.439638 0.155093 0.019062 0.030556
0 0.509286 0.220370 0.277615 0.431481
0 0.533724 0.627315 0.299120 0.349074
0 0.508065 0.854167 0.256598 0.289815
5 0.786168 0.014815 0.029814 0.027778
5 0.860948 0.158796 0.022972 0.047222
5 0.907625 0.117593 0.039101 0.059259
5 0.931085 0.187037 0.027370 0.048148
5 0.887341 0.039352 0.032747 0.058333
5 0.910313 0.064815 0.035679 0.053704
5 0.927908 0.094907 0.025904 0.034259
5 0.948192 0.088426 0.039101 0.073148
5 0.956012 0.342130 0.018573 0.037963
5 0.972385 0.300926 0.020039 0.048148
5 0.979717 0.038426 0.033724 0.058333
5 0.971163 0.140278 0.040078 0.043519
5 0.974829 0.193981 0.047410 0.060185
5 0.971896 0.114815 0.021994 0.053704
5 0.896139 0.447685 0.029814 0.060185
5 0.917889 0.420833 0.022483 0.056481
5 0.985582 0.662500 0.026882 0.056481
5 0.984360 0.732407 0.025415 0.048148
4 0.964809 0.785185 0.028348 0.048148
5 0.947947 0.811111 0.021994 0.046296
5 0.969941 0.825463 0.013196 0.036111
5 0.960655 0.881481 0.038612 0.055556
5 0.956989 0.906019 0.017595 0.025000
5 0.917889 0.899537 0.015640 0.052778