5 0.276393 0.246759 0.022972 0.037963
5 0.118035 0.201389 0.009286 0.013889
4 0.019795 0.935648 0.039589 0.093519
5 0.547165 0.750926 0.024927 0.050000
5 0.536413 0.797222 0.021994 0.046296
5 0.496579 0.770833 0.010753 0.023148
5 0.470186 0.718519 0.007820 0.007407
5 0.462854 0.678704 0.009775 0.014815
5 0.458456 0.637037 0.040078 0.087037
5 0.601173 0.475000 0.019550 0.038889
5 0.624145 0.582407 0.007820 0.022222
5 0.639296 0.212963 0.009775 0.022222
5 0.439394 0.123611 0.012708 0.032407
2 0.480938 0.192130 0.030303 0.099074
5 0.404936 0.354167 0.006354 0.010185
5 0.348240 0.431944 0.008309 0.013889
0 0.521505 0.077778 0.271750 0.155556
5 0.629277 0.063426 0.014174 0.023148
0 0.567449 0.468981 0.267840 0.497222
5 0.512708 0.622685 0.015640 0.037963
5 0.486315 0.481944 0.009775 0.015741
5 0.776149 0.759259 0.016618 0.033333
5 0.822092 0.773611 0.008798 0.008333
5 0.798631 0.987963 0.016618 0.022222
5 0.880743 0.725463 0.025415 0.065741
5 0.894428 0.710648 0.013685 0.028704
5 0.814516 0.573611 0.006354 0.015741
5 0.854839 0.532870 0.011730 0.017593
5 0.861681 0.523148 0.004888 0.020370
5 0.755376 0.479630 0.017107 0.018519
5 0.703812 0.102778 0.018573 0.053704
5 0.758065 0.208796 0.040078 0.063889
5 0.904203 0.053241 0.041056 0.032407
5 0.970430 0.107407 0.007331 0.053704
5 0.982160 0.103241 0.021994 0.039815
5 0.970430 0.213426 0.008309 0.026852
5 0.958700 0.269444 0.013196 0.033333
5 0.980694 0.246759 0.036657 0.086111
5 0.920332 0.416667 0.010753 0.018519
5 0.962610 0.481944 0.017107 0.030556
5 0.983871 0.501852 0.020528 0.037037
5 0.996823 0.572222 0.005376 0.029630
5 0.903226 0.962037 0.023460 0.055556
5 0.916422 0.920833 0.009775 0.023148
5 0.779570 0.831944 0.031281 0.056481
5 0.487537 0.819907 0.006354 0.013889
5 0.487781 0.893981 0.019550 0.023148
5 0.483138 0.868981 0.015152 0.017593
4 0.483871 0.955093 0.035191 0.034259
0 0.583089 0.898148 0.208211 0.201852