5 0.733871 0.583796 0.040567 0.113889
5 0.683773 0.694444 0.093842 0.174074
5 0.636119 0.554630 0.040567 0.092593
5 0.600196 0.367130 0.073314 0.143519
5 0.244624 0.257870 0.047410 0.091667
5 0.250000 0.020370 0.021017 0.040741
5 0.208944 0.028241 0.028837 0.050926
5 0.400538 0.688426 0.057185 0.130556
5 0.458456 0.768519 0.041056 0.092593
5 0.850440 0.626852 0.035191 0.059259
5 0.835044 0.519907 0.077713 0.123148
5 0.770528 0.489352 0.032747 0.091667
5 0.726784 0.256944 0.073314 0.117593
5 0.936461 0.412500 0.094819 0.171296
5 0.897116 0.429630 0.044477 0.083333
5 0.852395 0.284722 0.049853 0.119444
5 0.813539 0.242130 0.046432 0.134259
5 0.959189 0.201852 0.068915 0.135185
5 0.962854 0.069907 0.031281 0.050926
5 0.871945 0.062500 0.043011 0.097222
5 0.782502 0.056944 0.044966 0.102778
5 0.276637 0.891667 0.035191 0.066667
5 0.321114 0.962037 0.037146 0.053704
5 0.030547 0.665741 0.032747 0.059259
5 0.758553 0.725926 0.037146 0.068519
5 0.970674 0.808796 0.044966 0.050926
0 0.679374 0.883333 0.073314 0.220370
0 0.522972 0.904167 0.183773 0.186111
0 0.464321 0.546759 0.231672 0.543519
0 0.574047 0.331481 0.336755 0.535185
0 0.455523 0.068056 0.208211 0.136111