3 0.786168 0.972685 0.062072 0.052778
5 0.653470 0.898148 0.013685 0.031481
5 0.946970 0.827778 0.011241 0.027778
5 0.598974 0.823148 0.013196 0.027778
5 0.930352 0.785648 0.020039 0.034259
5 0.627566 0.742593 0.008798 0.016667
5 0.091642 0.511574 0.014174 0.012037
5 0.054497 0.468981 0.018084 0.039815
5 0.450635 0.414815 0.015640 0.025926
5 0.914956 0.300463 0.006843 0.021296
5 0.446481 0.164815 0.014174 0.025926
5 0.430841 0.088889 0.007331 0.018519
5 0.967742 0.088889 0.016618 0.027778
5 0.061339 0.729167 0.059140 0.058333
3 0.208944 0.039815 0.078690 0.079630
1 0.301075 0.027778 0.096774 0.055556
1 0.267840 0.096759 0.188661 0.110185
3 0.184995 0.220370 0.060117 0.251852
1 0.230450 0.239352 0.112903 0.250926
1 0.286657 0.450926 0.125611 0.235185
1 0.259286 0.615741 0.102151 0.166667
1 0.277615 0.793056 0.094819 0.275000
1 0.282258 0.941204 0.151026 0.115741
5 0.202590 0.899537 0.065005 0.178704
3 0.241202 0.892130 0.053275 0.145370
3 0.201124 0.742593 0.089443 0.172222
3 0.195259 0.619907 0.128543 0.182407
3 0.219697 0.548148 0.062072 0.142593
4 0.387586 0.805556 0.023460 0.037037
5 0.442326 0.833796 0.021505 0.021296
5 0.435484 0.978241 0.013685 0.039815
5 0.376344 0.619444 0.018573 0.031481
3 0.477761 0.700000 0.017107 0.042593
5 0.438416 0.704167 0.019550 0.052778
5 0.431574 0.746296 0.018573 0.037037
5 0.405181 0.489352 0.012708 0.013889
5 0.516373 0.230556 0.017107 0.027778
5 0.474340 0.048148 0.019062 0.042593
5 0.676686 0.830556 0.027859 0.037037
5 0.667644 0.736111 0.029326 0.059259
5 0.683773 0.629630 0.022483 0.033333
5 0.698925 0.630093 0.017595 0.034259
5 0.680352 0.260648 0.030303 0.047222
5 0.532014 0.499074 0.021994 0.038889
5 0.493646 0.611574 0.019550 0.028704
5 0.558895 0.631019 0.026882 0.078704
5 0.594086 0.311574 0.025904 0.049074
5 0.572825 0.080093 0.029326 0.095370
5 0.910557 0.919907 0.032258 0.050926
5 0.956989 0.655556 0.023460 0.016667
5 0.993157 0.645833 0.012708 0.032407
5 0.983138 0.707407 0.031769 0.066667
5 0.904448 0.163426 0.021994 0.036111
5 0.921310 0.456944 0.020528 0.041667
5 0.935239 0.502315 0.015152 0.026852
5 0.987292 0.207870 0.005865 0.025000
5 0.920088 0.185648 0.016129 0.025000
5 0.776637 0.012500 0.008798 0.025000
1 0.824780 0.027778 0.062072 0.055556
5 0.783236 0.384259 0.020039 0.050000
1 0.789834 0.262037 0.071359 0.227778
1 0.803030 0.161574 0.068426 0.163889
1 0.778104 0.470370 0.056696 0.094444
3 0.791300 0.542593 0.074291 0.137037
1 0.793255 0.662963 0.115347 0.235185
1 0.811584 0.843981 0.123656 0.256481
5 0.092375 0.546759 0.022483 0.041667