5 0.711877 0.990278 0.018084 0.017593
5 0.926686 0.992593 0.010753 0.012963
5 0.794721 0.960185 0.013685 0.038889
5 0.691593 0.933796 0.021505 0.023148
5 0.817693 0.909722 0.015640 0.032407
5 0.788856 0.873611 0.021505 0.041667
5 0.013685 0.850926 0.012708 0.027778
5 0.159824 0.772685 0.046921 0.062037
5 0.711144 0.734259 0.032258 0.090741
5 0.334311 0.696296 0.015640 0.027778
5 0.061828 0.672222 0.027859 0.048148
5 0.514907 0.533796 0.018084 0.039815
5 0.038123 0.512037 0.023460 0.046296
5 0.022727 0.422222 0.028837 0.046296
5 0.097996 0.392593 0.010264 0.018519
5 0.109971 0.378241 0.009775 0.025000
5 0.367791 0.377778 0.006354 0.024074
5 0.530792 0.372222 0.019550 0.033333
5 0.602151 0.391667 0.043988 0.085185
5 0.783480 0.342130 0.008798 0.023148
5 0.710655 0.318519 0.008798 0.020370
5 0.739247 0.292593 0.008309 0.020370
5 0.017595 0.254167 0.013685 0.015741
5 0.534702 0.219444 0.011730 0.024074
5 0.191593 0.207407 0.021505 0.033333
5 0.794721 0.197685 0.008798 0.019444
3 0.028348 0.181019 0.034213 0.045370
5 0.232160 0.142593 0.008798 0.027778
5 0.176197 0.139815 0.007331 0.024074
5 0.456256 0.131481 0.012219 0.020370
5 0.146872 0.054167 0.010264 0.023148
5 0.255621 0.234259 0.051808 0.085185
5 0.173265 0.192593 0.027859 0.042593
5 0.045210 0.300463 0.028837 0.056481
5 0.316227 0.405556 0.031281 0.033333
5 0.142473 0.616204 0.044477 0.050926
1 0.451369 0.647685 0.147116 0.186111
5 0.356794 0.801852 0.050831 0.087037
5 0.275171 0.846296 0.031281 0.074074
5 0.289345 0.897685 0.049853 0.050926
5 0.560117 0.880093 0.030303 0.039815
1 0.451369 0.847222 0.173509 0.222222
1 0.439394 0.912037 0.155425 0.172222
5 0.515640 0.904167 0.049853 0.126852
5 0.492669 0.426852 0.057674 0.131481
5 0.453079 0.395833 0.014663 0.043519
5 0.416667 0.329630 0.034702 0.062963
5 0.438172 0.362500 0.052297 0.058333
1 0.449169 0.221296 0.173998 0.185185
5 0.526149 0.108796 0.025904 0.073148
1 0.402737 0.017593 0.022483 0.035185
1 0.439150 0.077778 0.132454 0.155556
5 0.368280 0.159259 0.016129 0.035185
5 0.651515 0.140741 0.027370 0.057407
3 0.740225 0.027778 0.055230 0.055556
5 0.833333 0.056019 0.026393 0.049074
5 0.803519 0.120833 0.025415 0.039815
5 0.837488 0.162963 0.021994 0.050000
5 0.875122 0.421759 0.051320 0.067593
5 0.684018 0.471759 0.020039 0.060185