4 0.218964 0.068519 0.162268 0.133333
2 0.193548 0.370370 0.027370 0.061111
5 0.028592 0.281019 0.024927 0.036111
5 0.020772 0.369444 0.017107 0.046296
5 0.090665 0.484259 0.021994 0.057407
5 0.035924 0.538889 0.019062 0.035185
5 0.018573 0.437500 0.026393 0.060185
5 0.062317 0.493519 0.023949 0.035185
5 0.073069 0.324537 0.034702 0.045370
5 0.260020 0.535185 0.024438 0.035185
5 0.060117 0.686574 0.024438 0.050926
5 0.023949 0.735185 0.020528 0.046296
5 0.021017 0.841204 0.027370 0.047222
5 0.083089 0.858333 0.027370 0.074074
5 0.008553 0.945370 0.017107 0.050000
5 0.132942 0.962037 0.014663 0.044444
5 0.095308 0.757407 0.017595 0.035185
5 0.269550 0.838889 0.020039 0.038889
5 0.487781 0.846759 0.025415 0.050926
0 0.512219 0.698148 0.066471 0.472222
0 0.552542 0.376852 0.082600 0.398148
2 0.445259 0.167130 0.043988 0.097222
2 0.570381 0.028704 0.042033 0.053704
5 0.893206 0.525926 0.019062 0.035185
5 0.728250 0.306944 0.021505 0.039815