5 0.867058 0.957407 0.039101 0.044444
5 0.978250 0.961111 0.026882 0.075926
2 0.015640 0.778241 0.031281 0.056481
5 0.457967 0.784722 0.013685 0.036111
5 0.413245 0.635648 0.015152 0.034259
5 0.435728 0.594444 0.011241 0.033333
5 0.572581 0.508796 0.014174 0.017593
5 0.804008 0.439815 0.012708 0.038889
5 0.759775 0.366667 0.023949 0.044444
3 0.424731 0.315278 0.023460 0.043519
5 0.790078 0.258796 0.024927 0.082407
5 0.592375 0.129630 0.013685 0.037037
5 0.066960 0.129167 0.020528 0.032407
2 0.058407 0.935185 0.116813 0.127778
1 0.527615 0.889815 0.100196 0.214815
0 0.471896 0.327315 0.212610 0.628704
5 0.667155 0.689815 0.112414 0.101852
0 0.501955 0.076389 0.125122 0.150926