5 0.148338 0.055556 0.074780 0.079630
5 0.115103 0.323611 0.030792 0.050926
5 0.018573 0.327778 0.037146 0.083333
5 0.018328 0.738889 0.036657 0.050000
5 0.085044 0.750463 0.087977 0.093519
5 0.006109 0.806019 0.012219 0.050926
5 0.077468 0.960648 0.030792 0.076852
5 0.089198 0.931944 0.013196 0.017593
5 0.117546 0.886111 0.035679 0.040741
5 0.424731 0.762037 0.033236 0.077778
5 0.347019 0.891204 0.027370 0.043519
5 0.305474 0.831481 0.031281 0.111111
5 0.147605 0.934259 0.015640 0.042593
5 0.228739 0.357870 0.017595 0.043519
5 0.262219 0.337500 0.023949 0.039815
5 0.303763 0.318519 0.016129 0.024074
5 0.301320 0.184722 0.040567 0.043519
5 0.240714 0.203704 0.026882 0.044444
5 0.255376 0.169444 0.025904 0.042593
5 0.277370 0.212037 0.017107 0.025926
5 0.264174 0.134722 0.030792 0.062037
5 0.224829 0.323611 0.038123 0.049074
5 0.199902 0.339815 0.015640 0.027778
5 0.568182 0.706019 0.044477 0.050926
5 0.567449 0.631019 0.023460 0.043519
5 0.544477 0.659259 0.011730 0.018519
5 0.499022 0.856944 0.120235 0.236111
5 0.610459 0.966204 0.076246 0.065741
5 0.053030 0.136574 0.038612 0.039815
1 0.248289 0.071296 0.203324 0.142593
5 0.298631 0.017593 0.019550 0.035185
5 0.374389 0.150926 0.028348 0.103704
5 0.404448 0.286574 0.057185 0.113889
5 0.425953 0.359722 0.022972 0.039815
5 0.388563 0.605093 0.018573 0.041667
5 0.426931 0.643056 0.018084 0.034259
1 0.256109 0.928704 0.112414 0.138889
5 0.154448 0.986111 0.013685 0.025926
1 0.203324 0.791204 0.150538 0.225000
5 0.201369 0.653704 0.034213 0.038889
1 0.261975 0.674074 0.115347 0.116667
5 0.252688 0.571759 0.068426 0.137963
5 0.307185 0.462037 0.085533 0.092593
1 0.246579 0.431019 0.124633 0.175000
5 0.201857 0.385648 0.011730 0.013889
5 0.476540 0.402315 0.016618 0.026852
5 0.361926 0.501389 0.138319 0.263889
5 0.469941 0.283333 0.021017 0.079630
5 0.500489 0.246759 0.039101 0.060185
5 0.525171 0.261111 0.021017 0.033333
5 0.444770 0.200463 0.018573 0.030556
5 0.448680 0.237963 0.016618 0.033333
5 0.478739 0.213889 0.021017 0.037037
5 0.496090 0.172685 0.013685 0.026852
5 0.491935 0.128241 0.040567 0.052778
5 0.511975 0.068981 0.021994 0.041667
5 0.470430 0.035648 0.025904 0.071296
5 0.424731 0.048148 0.020528 0.037037
5 0.479228 0.069907 0.019062 0.030556
5 0.554497 0.032870 0.041544 0.065741
5 0.649804 0.005556 0.060117 0.011111
5 0.660068 0.020370 0.022972 0.040741
5 0.697458 0.043056 0.018573 0.086111
5 0.652737 0.161111 0.033724 0.098148
5 0.617546 0.335185 0.011241 0.037037
5 0.578201 0.558333 0.057674 0.098148
5 0.574780 0.594444 0.008798 0.027778
5 0.688416 0.528241 0.020039 0.039815
5 0.714565 0.429167 0.024438 0.043519
5 0.754154 0.510185 0.025415 0.051852
5 0.671554 0.446296 0.016618 0.029630
5 0.683529 0.446296 0.015152 0.029630
5 0.629277 0.440741 0.016129 0.025926
5 0.574536 0.433796 0.012219 0.032407
5 0.597996 0.302315 0.013196 0.036111
5 0.555230 0.350000 0.013685 0.020370
5 0.566716 0.355556 0.015152 0.029630
5 0.603372 0.357407 0.015152 0.025926
5 0.609971 0.384259 0.017595 0.024074
5 0.573069 0.373148 0.014174 0.022222
5 0.584555 0.357870 0.014663 0.030556
5 0.562561 0.761111 0.034213 0.051852
5 0.683040 0.936574 0.099218 0.125000
5 0.689638 0.882870 0.020528 0.037963
1 0.767595 0.961111 0.127566 0.075926
5 0.872190 0.950463 0.025904 0.025000
5 0.887830 0.919444 0.026882 0.085185
5 0.896628 0.841204 0.020039 0.047222
5 0.873167 0.854630 0.016129 0.033333
5 0.913001 0.833796 0.019550 0.030556
5 0.930596 0.906019 0.042033 0.097222
5 0.922287 0.870833 0.007820 0.023148
5 0.946725 0.982407 0.042033 0.033333
5 0.950635 0.963426 0.025415 0.045370
5 0.888807 0.662963 0.057185 0.107407
5 0.822092 0.566204 0.025415 0.047222
5 0.877566 0.512037 0.037634 0.074074
1 0.776882 0.796296 0.165689 0.231481
5 0.818426 0.760648 0.129521 0.208333
2 0.772972 0.698148 0.113881 0.098148
5 0.799120 0.548148 0.021505 0.059259
1 0.784457 0.622222 0.111437 0.151852
5 0.788612 0.269444 0.025904 0.053704
5 0.810117 0.243056 0.019062 0.030556
5 0.799120 0.224537 0.013685 0.028704
5 0.814516 0.211574 0.021994 0.047222
5 0.772727 0.271759 0.027370 0.052778
5 0.713343 0.344444 0.105083 0.183333
5 0.989003 0.905556 0.020039 0.046296
5 0.980938 0.844444 0.036168 0.077778
5 0.932307 0.691667 0.058162 0.057407
5 0.967498 0.729630 0.063050 0.133333
5 0.992180 0.660185 0.014663 0.033333
5 0.974829 0.569907 0.016129 0.037963
5 0.955523 0.591667 0.015640 0.024074
5 0.978983 0.557407 0.017595 0.031481
5 0.956989 0.491667 0.064516 0.092593
5 0.925953 0.519907 0.068915 0.039815
5 0.914467 0.565278 0.023460 0.043519
5 0.955523 0.532870 0.012708 0.028704
5 0.973118 0.420833 0.020528 0.026852
5 0.972385 0.297685 0.015152 0.026852
5 0.975318 0.350000 0.016129 0.035185
5 0.960655 0.318056 0.023949 0.080556
5 0.967498 0.232407 0.018084 0.040741
5 0.992669 0.215741 0.012708 0.059259
5 0.946725 0.024537 0.031281 0.049074
5 0.920332 0.017593 0.012708 0.035185
5 0.877566 0.046296 0.030792 0.062963
5 0.889296 0.095833 0.043500 0.082407
5 0.913978 0.090278 0.028348 0.039815
5 0.982649 0.053241 0.032747 0.056481
5 0.941349 0.081481 0.061584 0.066667
5 0.962366 0.150000 0.073314 0.072222
5 0.892229 0.219444 0.020039 0.044444
5 0.907136 0.210648 0.018573 0.052778
5 0.909824 0.262963 0.028837 0.057407
5 0.883431 0.381944 0.035679 0.030556
5 0.905181 0.337963 0.026393 0.027778
5 0.913490 0.373611 0.044966 0.075000
5 0.923265 0.156944 0.038123 0.128704
1 0.805230 0.050000 0.067937 0.100000
5 0.795699 0.113889 0.032258 0.053704
5 0.822092 0.099537 0.020528 0.025000
5 0.817937 0.085185 0.021994 0.038889
5 0.772239 0.029630 0.014663 0.033333
5 0.773705 0.094444 0.058651 0.087037
5 0.745601 0.059259 0.021994 0.038889
1 0.787390 0.182407 0.100684 0.118519
5 0.850684 0.286574 0.067937 0.237963
5 0.866080 0.281481 0.068426 0.085185
5 0.654448 0.295833 0.016618 0.025000
5 0.685973 0.247685 0.013196 0.019444
5 0.705523 0.286111 0.017107 0.027778
5 0.712366 0.252778 0.017107 0.025926
5 0.597263 0.093056 0.015640 0.030556
5 0.519550 0.750000 0.016618 0.033333
5 0.451369 0.693519 0.014174 0.024074
5 0.456500 0.709722 0.014663 0.030556
5 0.595308 0.808333 0.012708 0.022222
5 0.567204 0.819444 0.013196 0.024074
5 0.583822 0.839352 0.013196 0.023148
5 0.698925 0.730093 0.022483 0.030556