1 0.755621 0.758796 0.176931 0.121296
1 0.789834 0.026389 0.124145 0.052778
1 0.294721 0.952315 0.090909 0.093519
1 0.236315 0.898148 0.095308 0.133333
5 0.383920 0.875000 0.020039 0.038889
5 0.544477 0.762963 0.032258 0.044444
5 0.570870 0.847685 0.036168 0.056481
5 0.571603 0.804630 0.018084 0.046296
5 0.715543 0.854167 0.017595 0.041667
5 0.799853 0.881944 0.021017 0.032407
5 0.663001 0.793981 0.022972 0.052778
5 0.699902 0.655093 0.036168 0.073148
5 0.741447 0.663889 0.028348 0.050000
1 0.793255 0.953241 0.051808 0.089815
5 0.770528 0.924074 0.020039 0.038889
5 0.787146 0.688426 0.032747 0.023148
1 0.768817 0.495833 0.093842 0.275000
5 0.716276 0.530556 0.028837 0.040741
5 0.725073 0.489815 0.023949 0.042593
5 0.680841 0.375463 0.015640 0.043519
5 0.608504 0.387500 0.021505 0.058333
5 0.689883 0.329630 0.021994 0.053704
5 0.578690 0.254630 0.028348 0.050000
5 0.476295 0.693056 0.017107 0.025000
5 0.479717 0.625926 0.018084 0.031481
5 0.450880 0.607870 0.020039 0.037963
5 0.435973 0.647222 0.026393 0.027778
5 0.513441 0.551852 0.036657 0.057407
5 0.526637 0.594444 0.021994 0.050000
5 0.597752 0.677778 0.030303 0.050000
5 0.617302 0.624074 0.027370 0.044444
5 0.468475 0.368056 0.025904 0.036111
5 0.549120 0.343981 0.015152 0.036111
5 0.594330 0.159259 0.026393 0.051852
1 0.252444 0.116667 0.207722 0.233333
1 0.258798 0.269444 0.134409 0.161111
1 0.243157 0.430556 0.145161 0.181481
4 0.957967 0.819444 0.030303 0.048148
5 0.983382 0.813426 0.016618 0.028704
5 0.950147 0.517130 0.032258 0.049074
5 0.942815 0.027315 0.026393 0.049074
5 0.954301 0.067130 0.016129 0.043519
5 0.963832 0.033333 0.019550 0.033333
4 0.909335 0.161111 0.021994 0.085185
1 0.781036 0.171296 0.104594 0.211111
1 0.776149 0.314352 0.136852 0.223148
5 0.722874 0.397222 0.019550 0.038889
5 0.716276 0.343981 0.023949 0.037963
5 0.701613 0.315741 0.013196 0.042593
4 0.751955 0.088889 0.049365 0.062963
5 0.706012 0.118981 0.031769 0.047222
5 0.726051 0.071296 0.023949 0.040741
5 0.708700 0.161111 0.016618 0.044444
5 0.717009 0.194907 0.018573 0.026852