1 0.264418 0.928241 0.079179 0.141667
5 0.028837 0.837037 0.022483 0.040741
5 0.324047 0.652778 0.013685 0.046296
5 0.527859 0.673148 0.031281 0.059259
5 0.972141 0.364352 0.025415 0.080556
5 0.594086 0.345833 0.025904 0.052778
5 0.858016 0.357870 0.021017 0.030556
5 0.439150 0.336574 0.032747 0.065741
5 0.671799 0.050463 0.017107 0.034259
1 0.806452 0.062037 0.102639 0.124074
1 0.319648 0.023611 0.055718 0.047222
1 0.280792 0.769907 0.115836 0.182407
1 0.289589 0.566204 0.227273 0.262037
1 0.280547 0.218981 0.138807 0.341667
5 0.626100 0.818981 0.036168 0.062037
5 0.759042 0.867130 0.035191 0.047222
5 0.781525 0.916667 0.049853 0.044444
5 0.664223 0.676852 0.020528 0.042593
5 0.683040 0.668056 0.021994 0.073148
5 0.711388 0.683333 0.025904 0.068519
5 0.803763 0.837037 0.040567 0.042593
5 0.839443 0.828704 0.020039 0.053704
5 0.826491 0.786111 0.020528 0.050000
5 0.911535 0.722222 0.018573 0.033333
5 0.905914 0.693056 0.021017 0.037963
5 0.892717 0.816204 0.027859 0.045370
5 0.968475 0.795833 0.020039 0.045370
5 0.729472 0.550000 0.022972 0.053704
5 0.753666 0.489815 0.025415 0.033333
5 0.769550 0.524074 0.019062 0.037037
1 0.803030 0.625926 0.137830 0.424074
1 0.826735 0.335648 0.104106 0.295370
5 0.706989 0.421759 0.022972 0.052778
5 0.760508 0.388426 0.034213 0.054630
2 0.751711 0.241667 0.113392 0.174074