5 0.382209 0.990741 0.008798 0.016667
5 0.420332 0.987963 0.007820 0.020370
5 0.315249 0.878241 0.020528 0.054630
5 0.955034 0.881944 0.034213 0.063889
5 0.350440 0.837500 0.013685 0.017593
5 0.036657 0.810185 0.030303 0.044444
5 0.328446 0.727778 0.017595 0.040741
5 0.097019 0.707407 0.027859 0.038889
5 0.363881 0.681944 0.031769 0.049074
5 0.545943 0.643519 0.020528 0.050000
5 0.012463 0.625000 0.020039 0.029630
5 0.815005 0.627315 0.022972 0.034259
5 0.456500 0.588426 0.046921 0.050926
5 0.372190 0.537963 0.028837 0.038889
5 0.173754 0.535185 0.028837 0.053704
4 0.807185 0.430093 0.013196 0.043519
5 0.299365 0.375000 0.025904 0.044444
4 0.788612 0.390741 0.027859 0.035185
5 0.805230 0.353241 0.033724 0.056481
5 0.008798 0.344907 0.017595 0.030556
5 0.552297 0.349537 0.029326 0.049074
5 0.325024 0.361111 0.036168 0.083333
5 0.024438 0.215278 0.018573 0.047222
5 0.332356 0.181944 0.035191 0.028704
5 0.465787 0.136574 0.039101 0.056481
5 0.890762 0.102315 0.020039 0.043519
5 0.529570 0.092593 0.049365 0.081481
5 0.573069 0.039815 0.032747 0.053704
5 0.474340 0.009722 0.016129 0.019444
5 0.876588 0.508796 0.033724 0.067593
5 0.847752 0.494444 0.031769 0.059259
0 0.450635 0.960648 0.089932 0.076852
5 0.317204 0.834259 0.018573 0.033333
5 0.298876 0.882870 0.025904 0.071296
2 0.710655 0.854630 0.048876 0.068519
5 0.814272 0.184722 0.018573 0.043519
5 0.836755 0.183796 0.031281 0.054630
5 0.792033 0.045370 0.018084 0.016667
0 0.540323 0.833796 0.273216 0.326852
4 0.068182 0.920370 0.045455 0.062963
5 0.078446 0.828704 0.032747 0.053704
4 0.107283 0.765278 0.021994 0.026852
5 0.484115 0.760648 0.031769 0.060185
5 0.480205 0.708333 0.018084 0.027778
5 0.492913 0.723148 0.017107 0.038889
0 0.530059 0.574537 0.276149 0.745370
5 0.445992 0.164815 0.012219 0.027778
5 0.456012 0.180556 0.015640 0.027778
5 0.518328 0.028704 0.018084 0.033333
5 0.539345 0.042593 0.028837 0.033333
5 0.487292 0.016204 0.021505 0.028704
5 0.677664 0.025463 0.021994 0.050926
4 0.702346 0.031944 0.026393 0.036111
5 0.643451 0.508333 0.031769 0.064815
5 0.601417 0.467593 0.023949 0.037037
5 0.592131 0.486111 0.028837 0.020370
5 0.593109 0.392593 0.048387 0.053704
5 0.582356 0.417593 0.027859 0.035185
5 0.138563 0.507870 0.027859 0.045370
5 0.142717 0.358333 0.031281 0.072222
5 0.128543 0.418519 0.024438 0.053704
5 0.116080 0.452778 0.028837 0.042593
5 0.147605 0.721296 0.043011 0.066667
5 0.171310 0.695833 0.020039 0.049074
5 0.204057 0.731481 0.034702 0.074074
5 0.195503 0.685648 0.017595 0.049074
5 0.093842 0.582407 0.020528 0.040741
5 0.155181 0.245370 0.032747 0.044444
4 0.182063 0.205093 0.038612 0.056481
5 0.130499 0.013889 0.024438 0.027778
5 0.166911 0.171296 0.029814 0.053704
5 0.310606 0.056481 0.043500 0.062963
5 0.321359 0.026389 0.037634 0.036111
5 0.354594 0.025926 0.037634 0.051852
5 0.289589 0.169907 0.013196 0.034259
5 0.313783 0.128241 0.036168 0.041667
5 0.299365 0.496296 0.024927 0.077778
4 0.295943 0.553704 0.034702 0.050000
5 0.282747 0.630556 0.040567 0.046296
5 0.321603 0.581481 0.027370 0.064815
5 0.333822 0.625926 0.040078 0.062963
5 0.343353 0.580556 0.016129 0.038889