5 0.015396 0.104167 0.019062 0.065741
5 0.041544 0.115741 0.029326 0.068519
5 0.077468 0.014352 0.035679 0.028704
5 0.091398 0.104167 0.041056 0.106481
5 0.041544 0.197685 0.033236 0.045370
5 0.072825 0.291667 0.049853 0.059259
5 0.093842 0.434259 0.036168 0.053704
5 0.091887 0.537963 0.023460 0.057407
5 0.125122 0.651852 0.038123 0.070370
5 0.075758 0.625926 0.028348 0.057407
5 0.013196 0.606944 0.023460 0.082407
5 0.048387 0.924537 0.044966 0.078704
5 0.014174 0.906944 0.023460 0.049074
5 0.175220 0.957870 0.042522 0.062037
5 0.115347 0.926852 0.028348 0.051852
5 0.185484 0.702778 0.052297 0.074074
5 0.262952 0.710185 0.037146 0.094444
5 0.262952 0.793981 0.032258 0.067593
5 0.268817 0.895833 0.062561 0.167593
5 0.305230 0.974537 0.067937 0.041667
5 0.266862 0.575463 0.061584 0.193519
5 0.135630 0.518056 0.024927 0.030556
5 0.153226 0.285648 0.017107 0.045370
5 0.262219 0.329630 0.049365 0.112963
5 0.244135 0.415278 0.032747 0.037963
5 0.285435 0.456944 0.038123 0.067593
5 0.238514 0.167130 0.025415 0.050926
5 0.293011 0.191204 0.027859 0.060185
5 0.304008 0.307407 0.029326 0.072222
5 0.388319 0.447222 0.053275 0.109259
5 0.376833 0.546296 0.030303 0.057407
5 0.412268 0.549537 0.028837 0.050926
5 0.335044 0.494444 0.014174 0.042593
5 0.400782 0.637037 0.030303 0.046296
5 0.428397 0.620370 0.020039 0.059259
5 0.386364 0.354630 0.035679 0.057407
5 0.413001 0.321296 0.017595 0.035185
5 0.520283 0.448148 0.052297 0.116667
5 0.533236 0.562037 0.037146 0.092593
2 0.474340 0.516667 0.095308 0.111111
5 0.440127 0.772685 0.038612 0.091667
5 0.630743 0.488889 0.034702 0.074074
5 0.697458 0.488889 0.061584 0.048148
5 0.750244 0.628704 0.068426 0.135185
5 0.799853 0.686574 0.028837 0.110185
5 0.746090 0.786111 0.034702 0.035185
5 0.793011 0.785185 0.068915 0.125926
5 0.820381 0.946759 0.025904 0.056481
5 0.869746 0.978241 0.050342 0.041667
5 0.952590 0.922685 0.087977 0.145370
5 0.971163 0.817593 0.050831 0.081481
5 0.934018 0.688889 0.116325 0.162963
5 0.966276 0.608796 0.049853 0.099074
5 0.877810 0.510648 0.096774 0.180556
5 0.964321 0.465741 0.055718 0.218519
5 0.936706 0.339352 0.058162 0.087963
5 0.874389 0.315278 0.036168 0.106481
5 0.855327 0.225000 0.042033 0.070370
5 0.856549 0.102778 0.034702 0.055556
5 0.910802 0.173148 0.056207 0.138889
5 0.943548 0.074074 0.041544 0.068519
5 0.753177 0.093056 0.055718 0.119444
5 0.749511 0.300926 0.078690 0.170370
5 0.728250 0.388426 0.037146 0.052778
5 0.731427 0.439815 0.031769 0.046296
5 0.770772 0.462500 0.038123 0.056481
5 0.630254 0.164352 0.059140 0.147222
5 0.904936 0.088426 0.022972 0.039815
5 0.613636 0.356019 0.025904 0.032407
5 0.535679 0.266667 0.084066 0.096296
5 0.481183 0.223148 0.022972 0.070370
5 0.488514 0.131944 0.028837 0.050926
0 0.541789 0.193981 0.323069 0.387963
5 0.229717 0.038889 0.019550 0.046296
0 0.627566 0.901852 0.325513 0.194444
0 0.601417 0.771296 0.282014 0.309259