1 0.789101 0.992593 0.048387 0.012963
3 0.684751 0.960185 0.050831 0.064815
5 0.929130 0.880556 0.017595 0.037037
5 0.546676 0.879167 0.038612 0.056481
5 0.677664 0.778704 0.013196 0.022222
1 0.993402 0.706019 0.012219 0.069444
1 0.994624 0.637037 0.009775 0.050000
5 0.583333 0.599537 0.030792 0.045370
5 0.691593 0.544907 0.017595 0.017593
5 0.571603 0.550463 0.014174 0.032407
5 0.980694 0.128241 0.024927 0.065741
5 0.127322 0.113889 0.018084 0.037037
1 0.813050 0.167130 0.136364 0.193519
5 0.370723 0.079630 0.048387 0.066667
1 0.293255 0.126389 0.144673 0.252778
1 0.260264 0.382407 0.160802 0.164815
5 0.277615 0.323611 0.028348 0.030556
1 0.287634 0.624074 0.142229 0.337037
1 0.279326 0.839352 0.139296 0.306481
1 0.298387 0.938426 0.071848 0.110185
1 0.820137 0.797685 0.196481 0.393519
1 0.827468 0.465278 0.145650 0.360185