5 0.756354 0.989352 0.009286 0.019444
5 0.063783 0.971296 0.026882 0.040741
5 0.634653 0.929167 0.020039 0.021296
5 0.434262 0.661574 0.008309 0.025000
5 0.820870 0.656944 0.032747 0.030556
5 0.595797 0.581019 0.012708 0.015741
5 0.444526 0.599074 0.052297 0.064815
5 0.007087 0.512963 0.008309 0.027778
5 0.556207 0.459259 0.009775 0.020370
5 0.177664 0.340278 0.017107 0.028704
5 0.922287 0.165278 0.009775 0.012037
5 0.982405 0.136574 0.005865 0.017593
5 0.052053 0.008333 0.028837 0.016667
5 0.012219 0.114815 0.024438 0.025926
5 0.130987 0.042130 0.039101 0.084259
5 0.161535 0.113889 0.007331 0.022222
5 0.021994 0.150000 0.035191 0.070370
5 0.082356 0.196759 0.016129 0.036111
5 0.010753 0.298148 0.021505 0.046296
4 0.059629 0.324074 0.007820 0.020370
5 0.118524 0.341204 0.005376 0.015741
5 0.030059 0.363426 0.025904 0.036111
5 0.056696 0.383333 0.011730 0.016667
5 0.033236 0.400000 0.018573 0.048148
5 0.017840 0.574074 0.035679 0.075926
5 0.034702 0.577315 0.025415 0.034259
5 0.075269 0.613889 0.050831 0.101852
5 0.043011 0.722222 0.030303 0.020370
5 0.042033 0.773148 0.020528 0.044444
5 0.149804 0.940278 0.026882 0.049074
5 0.160557 0.779167 0.026882 0.058333
5 0.136119 0.771759 0.020039 0.052778
5 0.152248 0.829167 0.037634 0.078704
5 0.282747 0.697222 0.106061 0.146296
5 0.259775 0.785648 0.037634 0.069444
5 0.208944 0.731481 0.035679 0.051852
5 0.220430 0.762037 0.058651 0.129630
5 0.267107 0.583796 0.026882 0.050926
5 0.265396 0.446296 0.024438 0.062963
5 0.285924 0.112500 0.030303 0.054630
1 0.485582 0.114815 0.125611 0.229630
1 0.487292 0.013889 0.089932 0.027778
5 0.348485 0.247222 0.027370 0.064815
5 0.383187 0.319444 0.095797 0.218519
1 0.463832 0.387500 0.140762 0.134259
1 0.488270 0.499074 0.099707 0.237037
5 0.532747 0.767130 0.022483 0.030556
5 0.555230 0.809722 0.018573 0.039815
1 0.459922 0.797222 0.159335 0.209259
1 0.464076 0.933333 0.168622 0.129630
5 0.815249 0.804630 0.017595 0.037037
5 0.969453 0.174074 0.021994 0.024074
2 0.986804 0.033333 0.025415 0.018519
5 0.646628 0.539815 0.013685 0.048148
5 0.937195 0.482870 0.021994 0.084259
3 0.961388 0.398611 0.075269 0.263889
3 0.978495 0.652315 0.041056 0.175000
2 0.979472 0.787037 0.039101 0.035185
2 0.963587 0.753241 0.071848 0.019444
5 0.982893 0.804630 0.013685 0.033333