5 0.804985 0.977778 0.011730 0.022222
5 0.698192 0.960648 0.042522 0.058333
5 0.658358 0.908796 0.009775 0.056481
5 0.006354 0.975926 0.010753 0.046296
5 0.256354 0.898611 0.013196 0.030556
5 0.342864 0.888426 0.024927 0.052778
5 0.913734 0.872685 0.011241 0.028704
1 0.456256 0.913426 0.099218 0.171296
5 0.862659 0.825463 0.008798 0.023148
5 0.661290 0.721759 0.026393 0.028704
5 0.258553 0.688889 0.028348 0.055556
5 0.752199 0.665741 0.061584 0.116667
5 0.044721 0.601852 0.008309 0.018519
5 0.822581 0.585185 0.019550 0.038889
5 0.599462 0.559722 0.018084 0.032407
5 0.399071 0.540741 0.022972 0.053704
5 0.197458 0.528241 0.021505 0.043519
5 0.891984 0.515741 0.015640 0.044444
5 0.580890 0.496296 0.031769 0.046296
5 0.892229 0.406019 0.008309 0.019444
5 0.865836 0.425000 0.035679 0.088889
5 0.131232 0.389815 0.065982 0.107407
5 0.102395 0.280093 0.026882 0.047222
5 0.044233 0.258796 0.023949 0.034259
5 0.224585 0.244444 0.031769 0.037037
5 0.271505 0.248611 0.058162 0.052778
5 0.583333 0.218519 0.037634 0.062963
5 0.751955 0.193981 0.011241 0.023148
5 0.072092 0.175000 0.016129 0.038889
5 0.968964 0.138426 0.009286 0.021296
5 0.084800 0.102778 0.033724 0.101852
5 0.495601 0.050000 0.008798 0.031481
5 0.009286 0.043981 0.018573 0.049074
5 0.480694 0.031019 0.014174 0.025000
5 0.228495 0.048148 0.042522 0.061111
5 0.455767 0.018056 0.017107 0.036111
5 0.089443 0.602315 0.018573 0.065741
5 0.194526 0.909722 0.080156 0.069444
5 0.107771 0.863426 0.023949 0.063889
5 0.134164 0.933796 0.040567 0.073148
5 0.007087 0.481944 0.013196 0.036111
5 0.148827 0.336111 0.019062 0.042593
5 0.104594 0.427315 0.025415 0.023148
5 0.288123 0.192593 0.030792 0.038889
5 0.294233 0.143519 0.058651 0.066667
5 0.606061 0.515741 0.025415 0.044444
1 0.465543 0.749537 0.176442 0.189815
1 0.472874 0.607407 0.161779 0.244444
1 0.487048 0.465278 0.153959 0.189815
5 0.556207 0.318519 0.030303 0.105556
1 0.481672 0.330556 0.159824 0.170370
1 0.481183 0.186111 0.160802 0.185185
5 0.898094 0.628241 0.012219 0.054630
5 0.995601 0.549074 0.006843 0.053704