1 0.075024 0.092130 0.081623 0.184259
5 0.186950 0.168981 0.044477 0.084259
5 0.194282 0.108796 0.014174 0.012037
5 0.159580 0.022222 0.021017 0.016667
1 0.079179 0.156944 0.093842 0.200926
1 0.055718 0.345370 0.111437 0.396296
5 0.047410 0.370833 0.030303 0.032407
5 0.124878 0.493056 0.014174 0.019444
5 0.182063 0.543056 0.021017 0.043519
5 0.163245 0.472222 0.016618 0.027778
5 0.219208 0.591204 0.028837 0.058333
1 0.056940 0.532870 0.113881 0.219444
5 0.114614 0.925926 0.032747 0.048148
5 0.200391 0.860185 0.030303 0.090741
5 0.010264 0.945370 0.020528 0.024074
1 0.076246 0.757407 0.117302 0.288889
5 0.176442 0.716667 0.041056 0.114815
5 0.148338 0.686111 0.043500 0.031481
5 0.288856 0.849537 0.032258 0.052778
5 0.373167 0.880556 0.025904 0.048148
5 0.254643 0.740278 0.030303 0.076852
5 0.256109 0.697685 0.028348 0.043519
5 0.294233 0.700926 0.021505 0.029630
5 0.280547 0.547222 0.009775 0.029630
5 0.310362 0.122222 0.043988 0.033333
5 0.312561 0.207407 0.064027 0.070370
5 0.350684 0.363889 0.024927 0.042593
5 0.387341 0.451852 0.027859 0.055556
5 0.384897 0.408333 0.017107 0.035185
5 0.408113 0.418056 0.026393 0.049074
5 0.414712 0.446296 0.019062 0.035185
5 0.419355 0.465741 0.035191 0.053704
5 0.434018 0.612037 0.059629 0.157407
5 0.411046 0.013889 0.011730 0.027778
5 0.427419 0.098611 0.023949 0.041667
5 0.467253 0.043981 0.030303 0.058333
5 0.501955 0.019907 0.013685 0.039815
5 0.518817 0.033796 0.019062 0.067593
5 0.579668 0.036574 0.017595 0.062037
5 0.509286 0.062500 0.027370 0.045370
5 0.594086 0.045370 0.011241 0.038889
5 0.602395 0.097222 0.032747 0.059259
5 0.546921 0.168056 0.026393 0.052778
5 0.582111 0.350463 0.048876 0.091667
5 0.539834 0.354167 0.040567 0.060185
5 0.521994 0.368981 0.014663 0.026852
5 0.459189 0.568519 0.013196 0.042593
5 0.476784 0.550926 0.023949 0.081481
5 0.542522 0.503704 0.036168 0.079630
5 0.511241 0.225926 0.026393 0.020370
1 0.608749 0.275463 0.184262 0.206481
1 0.627810 0.191667 0.072825 0.140741
5 0.636119 0.908796 0.014174 0.025000
5 0.646872 0.958796 0.020039 0.045370
5 0.647849 0.924074 0.020039 0.024074
5 0.529081 0.883333 0.015152 0.038889
5 0.567204 0.954630 0.061095 0.088889
1 0.582845 0.731019 0.116813 0.269444
5 0.554008 0.681019 0.034702 0.045370
5 0.543011 0.736574 0.009775 0.026852
5 0.572092 0.475000 0.046432 0.077778
1 0.606794 0.576852 0.145161 0.157407
1 0.598974 0.484259 0.040567 0.111111
5 0.687928 0.009722 0.011241 0.008333
5 0.709189 0.031019 0.013685 0.026852
5 0.761486 0.017130 0.009775 0.025000
5 0.846774 0.168519 0.015152 0.057407
5 0.895894 0.011574 0.021505 0.023148
5 0.973118 0.083333 0.025415 0.031481
4 0.971896 0.018981 0.034702 0.037963
5 0.838954 0.239815 0.021017 0.037037
5 0.781769 0.268056 0.019062 0.041667
5 0.746334 0.406481 0.036168 0.090741
5 0.708700 0.354167 0.009775 0.019444
5 0.750978 0.542130 0.025904 0.058333
5 0.916911 0.647222 0.019550 0.038889
5 0.886364 0.927778 0.032747 0.059259
5 0.935484 0.866667 0.028348 0.064815
5 0.914467 0.775000 0.029326 0.035185
5 0.897605 0.730556 0.021994 0.046296
5 0.863392 0.729167 0.016129 0.062037
5 0.889296 0.695833 0.018084 0.034259
5 0.750978 0.865278 0.022972 0.050926
5 0.755865 0.929630 0.023949 0.055556
5 0.749267 0.973611 0.017595 0.047222
5 0.961877 0.491204 0.011730 0.028704