5 0.075024 0.138889 0.065982 0.105556
5 0.180108 0.023148 0.039589 0.046296
5 0.258798 0.018519 0.021994 0.037037
5 0.217009 0.102315 0.023460 0.052778
5 0.222141 0.255093 0.028837 0.060185
5 0.114125 0.290278 0.041544 0.086111
5 0.090665 0.362963 0.022972 0.083333
5 0.093842 0.499537 0.062561 0.073148
5 0.056207 0.591204 0.019550 0.025000
5 0.275904 0.381944 0.019062 0.030556
5 0.123656 0.591204 0.018573 0.034259
4 0.165445 0.597222 0.042522 0.096296
5 0.224829 0.534722 0.016618 0.056481
5 0.122923 0.708333 0.046432 0.061111
5 0.129765 0.904630 0.017107 0.042593
5 0.225562 0.811111 0.037634 0.061111
5 0.223118 0.738426 0.067937 0.082407
5 0.225806 0.689352 0.039101 0.080556
1 0.453079 0.026389 0.032258 0.052778
5 0.493891 0.026389 0.028837 0.052778
5 0.430108 0.024074 0.020528 0.022222
1 0.460166 0.105093 0.052297 0.165741
5 0.496823 0.125926 0.016129 0.040741
1 0.438172 0.403704 0.071848 0.335185
5 0.405914 0.621759 0.032747 0.041667
5 0.416667 0.577778 0.023949 0.051852
5 0.446481 0.536111 0.021994 0.044444
5 0.399804 0.497222 0.019550 0.033333
5 0.399071 0.543056 0.022972 0.034259
5 0.286657 0.893056 0.015152 0.032407
5 0.303275 0.993981 0.012219 0.010185
5 0.334800 0.980093 0.048876 0.037963
1 0.430596 0.908796 0.064516 0.180556
1 0.492180 0.987963 0.024438 0.022222
5 0.340420 0.844444 0.013196 0.009259
5 0.376100 0.017593 0.012219 0.022222
5 0.882209 0.321296 0.015640 0.046296
5 0.740469 0.475926 0.028348 0.040741
5 0.745357 0.565741 0.019550 0.031481
5 0.618768 0.787500 0.016618 0.026852
5 0.687683 0.849537 0.022483 0.030556
5 0.784213 0.762037 0.009286 0.022222
5 0.686950 0.940741 0.037634 0.070370
5 0.820870 0.059259 0.021017 0.050000
5 0.172287 0.795833 0.015152 0.017593
5 0.227028 0.913889 0.012219 0.022222
5 0.790567 0.365741 0.022972 0.053704
5 0.893206 0.039815 0.022972 0.025926
5 0.916911 0.015741 0.005865 0.024074