5 0.375855 0.031481 0.061584 0.061111
5 0.384164 0.098611 0.021505 0.047222
5 0.323803 0.381481 0.030792 0.088889
5 0.414956 0.349074 0.027370 0.050000
5 0.376833 0.422222 0.042033 0.107407
5 0.317937 0.718981 0.038612 0.050926
5 0.019550 0.843519 0.038123 0.074074
5 0.082111 0.850000 0.035191 0.070370
5 0.032747 0.340741 0.042033 0.077778
5 0.507820 0.550000 0.045943 0.072222
5 0.567204 0.305093 0.029814 0.076852
0 0.545210 0.040741 0.046432 0.081481
5 0.530547 0.398148 0.028837 0.068519
5 0.554252 0.425000 0.023460 0.057407
5 0.540567 0.520833 0.032258 0.060185
5 0.531036 0.590278 0.029814 0.047222
5 0.524682 0.627778 0.035679 0.051852
5 0.604106 0.443981 0.055718 0.125000
5 0.619257 0.166667 0.023460 0.059259
5 0.682551 0.049074 0.035679 0.075926
5 0.932307 0.424074 0.054252 0.112963
5 0.957722 0.506481 0.065982 0.101852
5 0.987048 0.562500 0.013196 0.032407
5 0.836755 0.271759 0.025415 0.052778
0 0.572336 0.739352 0.242424 0.328704
0 0.639785 0.886111 0.411535 0.225926