5 0.198925 0.972685 0.027370 0.052778
5 0.970186 0.833796 0.027370 0.112037
0 0.508798 0.838426 0.175953 0.321296
5 0.264907 0.646296 0.027370 0.064815
5 0.526149 0.585185 0.027859 0.033333
5 0.588221 0.455093 0.025904 0.045370
5 0.450635 0.377778 0.005865 0.018519
5 0.686461 0.374074 0.036657 0.090741
5 0.553030 0.322222 0.021994 0.018519
5 0.044721 0.274074 0.010264 0.024074
5 0.546188 0.235648 0.033724 0.025000
5 0.974585 0.106944 0.017595 0.023148
2 0.268817 0.087963 0.045943 0.072222
5 0.850440 0.030093 0.025415 0.019444
3 0.758553 0.054167 0.162268 0.108333
0 0.410802 0.827778 0.208700 0.331481
5 0.831134 0.493056 0.037634 0.084259