5 0.149071 0.457870 0.052786 0.091667
5 0.202835 0.518056 0.012708 0.025000
5 0.097996 0.733796 0.009286 0.032407
5 0.191593 0.900000 0.027370 0.111111
5 0.269062 0.238426 0.027859 0.089815
2 0.288612 0.192130 0.021017 0.049074
5 0.257820 0.191667 0.008309 0.016667
5 0.268084 0.129630 0.027859 0.077778
5 0.083333 0.019444 0.025904 0.022222
5 0.383920 0.681944 0.024927 0.021296
5 0.506109 0.429630 0.032747 0.051852
5 0.551808 0.369444 0.015640 0.025926
5 0.659091 0.491667 0.027859 0.064815
5 0.682307 0.452315 0.025415 0.032407
5 0.647849 0.513426 0.025904 0.041667
5 0.337243 0.404167 0.010753 0.028704
5 0.478250 0.010648 0.027859 0.021296
5 0.479717 0.032407 0.026882 0.014815
0 0.470919 0.218981 0.278104 0.437963
5 0.369990 0.375463 0.019550 0.028704
0 0.509042 0.488889 0.263441 0.814815
0 0.513930 0.374074 0.062072 0.140741
0 0.487292 0.367130 0.026393 0.087963
5 0.490958 0.736574 0.035679 0.049074
0 0.444526 0.720370 0.331867 0.553704
0 0.552542 0.886111 0.105083 0.224074
0 0.564516 0.964815 0.034213 0.059259
0 0.618524 0.778241 0.043500 0.106481
5 0.741202 0.825926 0.040567 0.068519
5 0.750733 0.913426 0.083089 0.115741
5 0.761975 0.981944 0.034213 0.034259
5 0.840420 0.985648 0.014174 0.023148
5 0.883920 0.760185 0.070870 0.100000
5 0.922287 0.681481 0.039101 0.066667
5 0.975318 0.831019 0.022972 0.041667
5 0.967498 0.704167 0.043500 0.052778
5 0.956012 0.627778 0.021505 0.055556
5 0.966520 0.491204 0.021017 0.037963
5 0.809384 0.545370 0.030303 0.050000
5 0.826735 0.496759 0.039589 0.073148
5 0.769062 0.158333 0.056207 0.100000
5 0.969941 0.268981 0.019062 0.041667
5 0.967742 0.207407 0.034213 0.072222
5 0.837488 0.289352 0.021017 0.041667
5 0.877810 0.295370 0.056696 0.131481
5 0.896383 0.370833 0.041056 0.036111
5 0.743402 0.027778 0.030303 0.038889
5 0.992669 0.134722 0.011730 0.069444
5 0.947703 0.031944 0.013685 0.026852
5 0.751466 0.403241 0.013196 0.043519