5 0.098240 0.172222 0.054741 0.083333
5 0.010508 0.424537 0.021017 0.156481
5 0.058407 0.498611 0.032747 0.089815
5 0.118035 0.513426 0.020039 0.039815
5 0.175709 0.548148 0.036657 0.061111
5 0.035679 0.823611 0.038123 0.065741
5 0.241202 0.733333 0.028837 0.057407
5 0.313783 0.701389 0.048876 0.086111
5 0.369501 0.582407 0.062561 0.072222
5 0.362170 0.777315 0.086999 0.189815
5 0.327224 0.513426 0.031769 0.069444
5 0.397116 0.850926 0.043500 0.090741
5 0.328935 0.932407 0.032258 0.094444
5 0.387586 0.156481 0.033236 0.079630
5 0.366080 0.193981 0.035191 0.052778
5 0.464565 0.202778 0.028837 0.044444
5 0.389296 0.369907 0.021017 0.043519
5 0.296921 0.086574 0.017107 0.045370
5 0.239736 0.017130 0.027859 0.034259
0 0.567693 0.189352 0.182307 0.378704
5 0.781525 0.044444 0.049853 0.079630
5 0.817693 0.014815 0.055718 0.029630
5 0.803519 0.131019 0.036168 0.076852
5 0.842375 0.166204 0.034702 0.076852
5 0.926686 0.078241 0.054741 0.087963
5 0.972630 0.138426 0.042033 0.073148
5 0.929619 0.188889 0.039101 0.064815
5 0.981183 0.215278 0.030792 0.089815
5 0.953324 0.305093 0.047410 0.073148
5 0.917155 0.343056 0.038612 0.054630
5 0.941593 0.404167 0.021994 0.050926
5 0.843597 0.337963 0.065494 0.164815
5 0.756354 0.348611 0.037634 0.075000
5 0.699413 0.261111 0.069404 0.107407
5 0.901515 0.531944 0.041544 0.086111
5 0.971896 0.478241 0.043500 0.062037
5 0.921310 0.678241 0.046921 0.065741
5 0.921799 0.756481 0.038123 0.062963
5 0.974829 0.807870 0.044477 0.100926
5 0.907869 0.893056 0.082600 0.137963
5 0.802297 0.705556 0.054252 0.103704
5 0.844575 0.723611 0.042033 0.076852
5 0.808651 0.837500 0.036657 0.076852
5 0.844819 0.967593 0.076735 0.059259
5 0.828446 0.580556 0.045943 0.059259
5 0.554252 0.393056 0.032258 0.050926
5 0.797410 0.445370 0.027859 0.057407
3 0.638563 0.084259 0.028837 0.088889
3 0.590176 0.105556 0.023949 0.051852
3 0.644917 0.023148 0.038612 0.037037
3 0.695259 0.049537 0.016129 0.067593
0 0.730694 0.041667 0.065494 0.077778
0 0.683529 0.053241 0.025904 0.097222
0 0.625122 0.568981 0.371457 0.499074
0 0.682796 0.668519 0.417400 0.653704