5 0.095552 0.168981 0.021994 0.050926
5 0.087488 0.102315 0.022483 0.071296
5 0.076979 0.193981 0.028837 0.039815
5 0.065738 0.266667 0.021017 0.027778
5 0.024194 0.560185 0.026882 0.062963
5 0.046188 0.530556 0.023949 0.029630
5 0.082111 0.511111 0.035191 0.035185
5 0.074291 0.539352 0.042033 0.041667
3 0.073069 0.575000 0.040567 0.050000
5 0.110459 0.593056 0.029326 0.047222
5 0.096041 0.674537 0.031769 0.054630
5 0.214565 0.573148 0.032258 0.075926
5 0.204545 0.790741 0.023949 0.088889
5 0.075758 0.969444 0.031281 0.050000
5 0.130743 0.814352 0.021994 0.047222
5 0.321603 0.340741 0.050831 0.131481
5 0.350440 0.253241 0.036168 0.062037
5 0.404936 0.519907 0.054252 0.076852
5 0.479961 0.185185 0.045943 0.053704
5 0.490225 0.307870 0.066471 0.110185
5 0.455767 0.315741 0.024927 0.046296
5 0.471408 0.241204 0.029814 0.054630
5 0.495112 0.225463 0.023460 0.056481
5 0.490958 0.261574 0.019062 0.049074
5 0.452590 0.416667 0.051808 0.046296
5 0.472630 0.840741 0.014663 0.020370
5 0.488759 0.818981 0.021505 0.062037
5 0.568182 0.226852 0.028837 0.048148
1 0.608504 0.078704 0.078201 0.157407
5 0.638074 0.151852 0.065005 0.120370
5 0.702835 0.081019 0.030303 0.062037
5 0.775171 0.092593 0.022483 0.040741
5 0.717742 0.259259 0.019062 0.053704
5 0.758065 0.187037 0.025415 0.035185
5 0.691593 0.354167 0.022483 0.093519
5 0.686461 0.665741 0.026882 0.046296
5 0.724340 0.699074 0.038123 0.094444
5 0.775660 0.685648 0.024438 0.025000
5 0.717986 0.771759 0.021505 0.069444
5 0.669844 0.428241 0.031769 0.056481
2 0.564761 0.898611 0.041544 0.010185
5 0.565005 0.778241 0.019550 0.037963
1 0.572336 0.660648 0.160313 0.289815
2 0.629521 0.524537 0.027370 0.102778
2 0.604350 0.503704 0.005376 0.103704
2 0.614125 0.536111 0.047410 0.025926
2 0.546676 0.533796 0.036657 0.012037
5 0.564027 0.503241 0.025415 0.054630
5 0.635630 0.814815 0.029814 0.040741
5 0.861193 0.917130 0.028348 0.058333
5 0.929374 0.963889 0.019062 0.053704
5 0.881720 0.610185 0.030303 0.057407
5 0.939150 0.609259 0.075758 0.137037
5 0.975073 0.555093 0.048876 0.071296
5 0.990958 0.738426 0.016129 0.034259
5 0.838221 0.119444 0.021505 0.070370
5 0.831867 0.235185 0.047898 0.074074
5 0.815982 0.299537 0.042522 0.054630
5 0.821359 0.325000 0.052297 0.068519
5 0.903715 0.315278 0.023460 0.069444
5 0.816960 0.409259 0.020039 0.048148
5 0.930108 0.191667 0.123167 0.262963
5 0.504888 0.542593 0.037146 0.066667