5 0.316960 0.258796 0.047410 0.112037
5 0.383187 0.307870 0.031281 0.041667
5 0.101906 0.226389 0.033724 0.050926
5 0.125367 0.206944 0.020039 0.039815
5 0.105327 0.101852 0.019062 0.057407
5 0.018328 0.394444 0.031769 0.035185
5 0.048631 0.578704 0.021994 0.059259
5 0.150293 0.953241 0.046432 0.075000
5 0.208211 0.898611 0.021505 0.069444
2 0.014663 0.098611 0.028348 0.112037
0 0.450391 0.225000 0.535191 0.450000
5 0.611193 0.332870 0.021017 0.043519
5 0.533480 0.367130 0.036657 0.037963
5 0.884897 0.184259 0.070870 0.148148
5 0.913978 0.286574 0.032258 0.056481
5 0.938416 0.435648 0.043011 0.063889
5 0.714321 0.293056 0.021994 0.043519
5 0.980694 0.579167 0.029814 0.052778
5 0.896872 0.691667 0.039101 0.074074
5 0.907625 0.830093 0.032258 0.080556
5 0.939394 0.900000 0.061584 0.116667
5 0.651760 0.494444 0.032747 0.027778
5 0.809873 0.022685 0.055718 0.043519
5 0.923265 0.981944 0.043011 0.030556
5 0.225562 0.326389 0.022972 0.039815
0 0.520039 0.665741 0.509286 0.666667
0 0.467009 0.852778 0.250733 0.287037