5 0.105083 0.973611 0.017595 0.028704
1 0.712366 0.955556 0.048387 0.087037
5 0.248534 0.888889 0.021994 0.038889
5 0.634164 0.926852 0.047410 0.112963
5 0.475318 0.885185 0.034702 0.062963
5 0.444770 0.830556 0.020528 0.053704
5 0.711877 0.792593 0.010264 0.042593
5 0.608260 0.725000 0.012219 0.025926
3 0.352884 0.684259 0.025415 0.066667
5 0.308895 0.672222 0.008798 0.027778
5 0.896139 0.524537 0.009286 0.012037
5 0.278348 0.443056 0.017107 0.034259
5 0.796676 0.427315 0.016618 0.060185
5 0.199413 0.370370 0.013685 0.033333
5 0.081623 0.343519 0.014663 0.037037
1 0.312805 0.363889 0.044966 0.096296
5 0.366080 0.323148 0.019550 0.029630
5 0.533480 0.332870 0.054252 0.123148
5 0.221652 0.224537 0.015152 0.032407
5 0.309873 0.215741 0.010753 0.024074
5 0.155670 0.153704 0.017107 0.061111
5 0.015152 0.159259 0.028348 0.014815
5 0.480938 0.101389 0.023460 0.034259
5 0.720674 0.091667 0.026882 0.064815
5 0.005376 0.068056 0.010753 0.032407
5 0.479472 0.057870 0.030303 0.028704
1 0.796676 0.043981 0.046921 0.087963
5 0.494868 0.006481 0.019062 0.012963
3 0.080156 0.268981 0.030303 0.063889
5 0.078690 0.512963 0.012708 0.018519
5 0.030059 0.698611 0.031769 0.054630
5 0.023460 0.725000 0.020528 0.027778
1 0.037390 0.923611 0.044477 0.121296
5 0.181329 0.981019 0.022483 0.032407
5 0.157625 0.941667 0.044477 0.083333
1 0.204790 0.876852 0.047898 0.120370
5 0.205767 0.682870 0.042033 0.047222
5 0.173265 0.675926 0.044477 0.137037
5 0.272727 0.718056 0.020528 0.015741
3 0.177175 0.438889 0.024927 0.061111
5 0.178152 0.338889 0.020039 0.066667
5 0.214321 0.262037 0.013196 0.050000
1 0.291544 0.126852 0.039589 0.135185
1 0.275415 0.044444 0.045455 0.088889
1 0.326246 0.062037 0.066960 0.124074
1 0.431085 0.241667 0.102639 0.264815
5 0.448925 0.094444 0.018084 0.044444
1 0.435728 0.493056 0.175464 0.173148
1 0.441349 0.663426 0.149560 0.217593
5 0.501711 0.525926 0.021994 0.053704
5 0.532258 0.763889 0.013685 0.035185
5 0.530059 0.802315 0.031769 0.039815
5 0.549365 0.842130 0.049853 0.071296
1 0.453079 0.962037 0.155425 0.072222
5 0.446725 0.947685 0.028348 0.045370
1 0.669844 0.690278 0.037634 0.058333
5 0.690371 0.361574 0.017107 0.025000
2 0.951613 0.279167 0.093842 0.273148
4 0.978495 0.655556 0.041056 0.187037
5 0.906891 0.632407 0.017107 0.037037