5 0.017840 0.985648 0.035679 0.025000
5 0.053763 0.982870 0.034213 0.028704
5 0.763441 0.967593 0.016618 0.027778
5 0.839443 0.897685 0.015152 0.039815
5 0.339687 0.955556 0.038123 0.033333
5 0.032991 0.900926 0.011241 0.048148
5 0.293011 0.871759 0.022972 0.056481
5 0.247312 0.892130 0.015640 0.052778
5 0.109726 0.845370 0.030792 0.053704
5 0.243646 0.859722 0.022972 0.034259
5 0.346041 0.849537 0.017595 0.041667
3 0.743157 0.878704 0.045455 0.098148
5 0.096041 0.817130 0.018084 0.041667
5 0.374145 0.823148 0.029814 0.025926
5 0.942326 0.834259 0.015640 0.053704
5 0.705279 0.805093 0.023460 0.052778
5 0.983138 0.790278 0.014174 0.054630
5 0.857283 0.787037 0.019550 0.050000
5 0.365347 0.777778 0.051320 0.075926
5 0.694770 0.778241 0.031769 0.058333
5 0.689883 0.752315 0.030792 0.041667
5 0.969453 0.725463 0.009286 0.069444
5 0.653470 0.695833 0.021505 0.037963
5 0.500244 0.696759 0.018084 0.034259
5 0.955034 0.703704 0.027370 0.050000
5 0.554008 0.697222 0.021994 0.040741
5 0.802542 0.709722 0.037146 0.071296
5 0.845552 0.685185 0.042033 0.048148
5 0.794721 0.651389 0.024438 0.012037
5 0.870968 0.604630 0.029326 0.055556
5 0.717742 0.609259 0.043500 0.083333
5 0.754154 0.591204 0.021505 0.065741
5 0.908847 0.572685 0.031769 0.086111
5 0.970674 0.545833 0.037146 0.056481
5 0.873412 0.506019 0.031281 0.036111
5 0.774927 0.489815 0.011241 0.072222
5 0.899316 0.475926 0.046921 0.037037
5 0.633187 0.465741 0.021994 0.029630
5 0.650049 0.430093 0.026393 0.043519
5 0.678886 0.443519 0.021505 0.050000
5 0.615347 0.422222 0.035191 0.033333
5 0.924731 0.438889 0.041056 0.053704
5 0.594819 0.396296 0.018573 0.022222
5 0.898827 0.364815 0.045943 0.051852
5 0.989492 0.345370 0.020039 0.072222
5 0.735093 0.343981 0.028348 0.071296
5 0.340909 0.329630 0.022972 0.061111
5 0.695992 0.249074 0.026393 0.042593
5 0.870235 0.182870 0.026882 0.049074
5 0.811584 0.132870 0.020039 0.032407
5 0.869746 0.128704 0.016129 0.044444
5 0.569159 0.125926 0.041544 0.085185
5 0.341887 0.102778 0.022972 0.044444
5 0.509775 0.055093 0.012708 0.043519
5 0.849462 0.069907 0.024438 0.063889
5 0.784213 0.035185 0.019062 0.051852
5 0.413001 0.018981 0.018573 0.037963
5 0.583089 0.031019 0.021505 0.037963
5 0.959433 0.040278 0.041056 0.078704
5 0.814027 0.016204 0.021017 0.032407
5 0.615103 0.012500 0.016129 0.025000
0 0.496334 0.371759 0.231183 0.326852
5 0.038856 0.055556 0.018084 0.062963
5 0.092864 0.112500 0.030303 0.056481
5 0.021017 0.204630 0.038123 0.059259
5 0.061095 0.215278 0.019550 0.039815
5 0.102639 0.343056 0.036168 0.058333
5 0.096285 0.474537 0.048876 0.043519
5 0.041544 0.464352 0.024438 0.067593
5 0.033969 0.560648 0.023949 0.063889
5 0.030547 0.524537 0.016129 0.065741
5 0.026149 0.652315 0.024927 0.076852
5 0.167155 0.662500 0.041056 0.050926
5 0.141496 0.669444 0.025904 0.062963
5 0.140029 0.755556 0.030792 0.072222
5 0.097752 0.730556 0.030303 0.046296
5 0.123167 0.688889 0.025415 0.031481
5 0.205034 0.212037 0.040567 0.074074
5 0.347507 0.195833 0.034213 0.060185
5 0.352639 0.170833 0.031769 0.030556
5 0.328446 0.225000 0.044966 0.062963
5 0.328690 0.191204 0.031769 0.030556
5 0.311828 0.113889 0.034213 0.046296
5 0.358749 0.256019 0.043988 0.076852
5 0.354594 0.122222 0.029814 0.038889
3 0.355816 0.037037 0.054741 0.074074
5 0.361926 0.679167 0.033724 0.062037
5 0.382209 0.687037 0.016618 0.077778
5 0.391496 0.718056 0.019550 0.032407
5 0.328690 0.579167 0.037634 0.052778
5 0.372190 0.526389 0.034702 0.097222
5 0.364125 0.554167 0.060606 0.067593
5 0.350929 0.584259 0.017595 0.042593
5 0.342375 0.409259 0.019062 0.064815
5 0.361926 0.461574 0.017107 0.043519
5 0.353617 0.441204 0.006354 0.021296
5 0.352151 0.502778 0.017107 0.031481
5 0.383431 0.394444 0.032747 0.051852
5 0.376588 0.453241 0.024927 0.078704
0 0.554985 0.964352 0.127566 0.069444
0 0.495357 0.823148 0.258553 0.346296
5 0.436706 0.126852 0.018084 0.057407
5 0.471408 0.130093 0.035679 0.076852
5 0.458944 0.294444 0.032258 0.042593
5 0.392229 0.343056 0.019062 0.056481
5 0.445259 0.286574 0.017595 0.086111
5 0.445992 0.216667 0.027859 0.042593
5 0.477028 0.059722 0.036168 0.084259
5 0.442326 0.054630 0.012708 0.048148
5 0.493646 0.021296 0.042033 0.038889
5 0.471163 0.174074 0.021505 0.027778
5 0.443304 0.098148 0.021505 0.037037
5 0.457234 0.044444 0.025904 0.051852
3 0.516618 0.147222 0.038123 0.159259
5 0.586022 0.068056 0.030303 0.030556
5 0.599951 0.113889 0.025904 0.055556
5 0.617058 0.098611 0.032747 0.069444
5 0.642473 0.203241 0.033724 0.100926
5 0.620235 0.176852 0.037146 0.059259
5 0.666422 0.041204 0.009286 0.019444
5 0.585044 0.173611 0.032258 0.054630
5 0.610215 0.221759 0.024927 0.054630
5 0.643451 0.310185 0.040567 0.053704
5 0.635875 0.275463 0.039101 0.052778
5 0.629277 0.264352 0.027859 0.043519
5 0.569892 0.251852 0.026393 0.062963
5 0.608504 0.253241 0.039101 0.063889
5 0.625122 0.334259 0.028348 0.020370
3 0.559384 0.300000 0.055230 0.092593
5 0.510020 0.377315 0.032747 0.037963
5 0.484115 0.355556 0.028837 0.074074
3 0.589687 0.443981 0.026882 0.056481
5 0.613636 0.469444 0.032747 0.051852
5 0.596285 0.505556 0.035191 0.057407
5 0.640762 0.612500 0.023460 0.082407
5 0.626833 0.588889 0.015152 0.066667
5 0.606061 0.578241 0.008798 0.063889
5 0.603372 0.634722 0.025904 0.030556
5 0.634653 0.702778 0.016129 0.070370
5 0.616813 0.743056 0.034213 0.034259
5 0.615836 0.695370 0.043988 0.046296
5 0.599218 0.695833 0.031281 0.097222
5 0.599707 0.780556 0.034213 0.066667
5 0.588954 0.724074 0.018573 0.029630
5 0.493646 0.729630 0.036168 0.035185
5 0.530792 0.808333 0.026393 0.035185
5 0.619013 0.804167 0.027859 0.050926
3 0.584311 0.933333 0.097263 0.100000
5 0.715787 0.384259 0.040567 0.081481
5 0.725562 0.455556 0.045455 0.072222
5 0.755132 0.484259 0.034213 0.066667
5 0.886852 0.766667 0.028837 0.037037
5 0.892962 0.732407 0.028348 0.027778
5 0.883675 0.701389 0.015640 0.026852
5 0.847019 0.876389 0.033236 0.049074
5 0.882942 0.832407 0.026882 0.055556
5 0.918133 0.838889 0.024927 0.035185
5 0.896872 0.819444 0.014663 0.029630
5 0.934995 0.962500 0.020528 0.062037
5 0.909580 0.957870 0.033236 0.082407
5 0.892473 0.906481 0.023460 0.027778
5 0.911779 0.891667 0.020039 0.035185
5 0.987781 0.442593 0.022483 0.068519
5 0.964321 0.452778 0.020528 0.053704
5 0.937439 0.484259 0.034213 0.035185
5 0.948680 0.372222 0.039101 0.085185
5 0.934995 0.337500 0.037146 0.045370
5 0.913490 0.298611 0.020528 0.039815
5 0.887830 0.410185 0.021017 0.029630
5 0.851417 0.439352 0.040078 0.060185
5 0.846285 0.383333 0.023949 0.048148
5 0.930596 0.234259 0.072336 0.081481
5 0.885142 0.212963 0.062561 0.083333
5 0.891984 0.243981 0.009775 0.047222
5 0.801808 0.263889 0.021994 0.031481
5 0.768817 0.195833 0.032258 0.037963
5 0.798631 0.193519 0.040078 0.040741
5 0.778104 0.235185 0.013685 0.046296
5 0.732649 0.245370 0.012708 0.018519
5 0.712854 0.221296 0.015152 0.027778
5 0.731427 0.150463 0.022972 0.047222
5 0.710899 0.182407 0.021017 0.024074
5 0.706256 0.130556 0.033236 0.042593
5 0.725562 0.101389 0.022972 0.043519
5 0.748534 0.102315 0.025904 0.082407
5 0.734115 0.058333 0.040078 0.072222
5 0.725318 0.010185 0.020528 0.018519
5 0.804008 0.048148 0.027370 0.033333
5 0.900293 0.136111 0.052786 0.068519
5 0.909091 0.082407 0.019550 0.081481
5 0.892473 0.073611 0.027370 0.041667
5 0.922532 0.068981 0.024927 0.054630