5 0.153959 0.031481 0.037146 0.061111
5 0.072336 0.226389 0.046921 0.102778
5 0.008309 0.184722 0.016618 0.054630
5 0.134409 0.192130 0.029326 0.036111
5 0.165934 0.253704 0.038612 0.088889
5 0.136852 0.550000 0.044966 0.081481
5 0.044477 0.679167 0.045943 0.137963
5 0.073803 0.671759 0.024438 0.084259
5 0.007331 0.668519 0.013685 0.050000
5 0.114614 0.660648 0.038612 0.065741
5 0.134897 0.716667 0.043988 0.068519
5 0.175220 0.765278 0.064027 0.102778
5 0.018084 0.868981 0.036168 0.195370
5 0.031281 0.962963 0.038123 0.068519
5 0.071848 0.968981 0.043011 0.056481
5 0.111193 0.945370 0.057185 0.103704
5 0.163978 0.912500 0.032747 0.108333
5 0.217009 0.934722 0.041056 0.089815
5 0.073069 0.833796 0.033724 0.073148
5 0.321603 0.933796 0.066471 0.087963
5 0.373656 0.927315 0.079668 0.136111
1 0.485093 0.862037 0.182307 0.266667
5 0.471652 0.697222 0.034213 0.081481
1 0.469453 0.443981 0.090420 0.187963
5 0.436706 0.540741 0.045455 0.040741
5 0.492913 0.586574 0.053275 0.086111
5 0.542522 0.547222 0.023460 0.046296
5 0.568915 0.512037 0.029326 0.042593
5 0.541789 0.635648 0.053275 0.137963
5 0.524194 0.697222 0.029814 0.055556
5 0.635142 0.653241 0.072825 0.143519
5 0.604350 0.765278 0.074780 0.134259
5 0.565982 0.719444 0.040078 0.116667
5 0.675464 0.917130 0.073314 0.152778
5 0.726784 0.823148 0.041056 0.070370
5 0.627077 0.555093 0.031281 0.049074
1 0.494624 0.250463 0.135875 0.284259
5 0.563539 0.140741 0.043988 0.072222
5 0.586266 0.101852 0.028837 0.057407
5 0.617058 0.057870 0.025904 0.052778
5 0.484604 0.037500 0.093353 0.075000
5 0.384897 0.315278 0.025904 0.075000
5 0.327957 0.278704 0.081134 0.103704
5 0.293988 0.347222 0.076735 0.090741
5 0.338954 0.511111 0.054252 0.070370
5 0.287390 0.536111 0.037146 0.072222
5 0.256598 0.637500 0.063539 0.147222
5 0.206500 0.569444 0.055230 0.111111
1 0.227273 0.454167 0.179863 0.250926
5 0.276149 0.201852 0.110459 0.125926
5 0.290323 0.087037 0.086999 0.140741
5 0.253666 0.280093 0.042033 0.049074
5 0.604350 0.014352 0.051320 0.028704
5 0.746090 0.011574 0.029814 0.023148
5 0.678641 0.041667 0.025904 0.046296
5 0.867302 0.225000 0.033724 0.053704
5 0.923021 0.095833 0.035679 0.052778
2 0.970919 0.728704 0.052297 0.105556
5 0.903959 0.960185 0.044477 0.074074
2 0.972141 0.881481 0.049853 0.059259
5 0.731427 0.412037 0.020039 0.053704
5 0.631476 0.380556 0.022483 0.046296
5 0.293011 0.725463 0.027859 0.067593
5 0.297165 0.663889 0.019550 0.046296
5 0.374389 0.599074 0.023460 0.044444
5 0.294721 0.779167 0.031281 0.043519