4 0.063783 0.075926 0.030792 0.059259
5 0.123900 0.159259 0.021017 0.038889
5 0.158358 0.163889 0.021505 0.037037
5 0.166667 0.259259 0.019550 0.038889
4 0.103372 0.227778 0.041544 0.061111
4 0.049853 0.206019 0.010753 0.037963
5 0.070870 0.132407 0.010753 0.033333
5 0.135630 0.364352 0.025904 0.028704
5 0.149071 0.437037 0.017595 0.029630
5 0.025660 0.529167 0.013196 0.021296
4 0.010264 0.308796 0.019550 0.043519
5 0.021017 0.772685 0.015640 0.028704
5 0.069648 0.869907 0.016129 0.034259
5 0.051564 0.929167 0.022972 0.023148
5 0.322581 0.843519 0.020528 0.055556
4 0.338710 0.894907 0.030303 0.047222
4 0.290811 0.919907 0.026393 0.041667
5 0.336266 0.466204 0.022483 0.041667
5 0.470186 0.575926 0.017595 0.040741
4 0.477517 0.067130 0.012708 0.054630
5 0.250244 0.099537 0.015640 0.032407
5 0.322336 0.061574 0.015152 0.025000
5 0.263196 0.274537 0.014174 0.023148
0 0.576491 0.935648 0.072825 0.126852
4 0.519062 0.960648 0.059629 0.076852
5 0.748045 0.921759 0.007331 0.008333
5 0.818426 0.704630 0.032747 0.050000
4 0.810850 0.553241 0.026393 0.023148
4 0.934995 0.451389 0.037146 0.062037
5 0.993402 0.069907 0.011241 0.025000
5 0.821114 0.070833 0.028348 0.039815
5 0.806452 0.132407 0.011730 0.046296
5 0.811584 0.128704 0.029814 0.029630
4 0.819159 0.207870 0.020528 0.034259
5 0.745846 0.063889 0.015640 0.025926
5 0.952102 0.744907 0.013685 0.034259
5 0.992180 0.606481 0.014663 0.029630
4 0.724829 0.287963 0.021505 0.081481
5 0.742669 0.296296 0.014174 0.025926
4 0.698192 0.395833 0.024927 0.036111
4 0.695259 0.447222 0.009286 0.031481
0 0.587488 0.418519 0.153470 0.612963
0 0.582845 0.258333 0.168622 0.468519
4 0.479228 0.128704 0.016129 0.051852
4 0.459189 0.243519 0.030792 0.035185
5 0.504154 0.198611 0.017107 0.026852
2 0.564272 0.082870 0.006354 0.065741
2 0.593109 0.082870 0.030792 0.054630
0 0.577713 0.056481 0.108504 0.112963