5 0.828446 0.053704 0.069404 0.105556
5 0.821848 0.487037 0.077713 0.150000
0 0.476540 0.298148 0.211144 0.290741
5 0.453324 0.492593 0.029814 0.055556
5 0.492180 0.554167 0.044966 0.108333
0 0.462610 0.575000 0.262463 0.357407
0 0.447703 0.865741 0.192571 0.255556
5 0.561584 0.833333 0.043011 0.116667
5 0.307429 0.726852 0.036168 0.066667
5 0.048876 0.656481 0.055718 0.066667
5 0.066471 0.247222 0.037146 0.048148
5 0.225073 0.303241 0.026882 0.060185
5 0.028592 0.011574 0.052297 0.023148
5 0.916178 0.856481 0.023949 0.035185
5 0.323803 0.305093 0.030792 0.063889
5 0.565494 0.425926 0.022483 0.033333