5 0.671799 0.965741 0.013196 0.016667
5 0.681574 0.628704 0.033724 0.048148
5 0.425709 0.576389 0.033236 0.076852
5 0.263441 0.560648 0.011730 0.028704
4 0.704790 0.377778 0.014663 0.033333
5 0.434751 0.366204 0.007331 0.019444
5 0.128788 0.062963 0.018084 0.051852
2 0.025415 0.183333 0.050831 0.044444
5 0.184751 0.161574 0.020528 0.032407
2 0.221652 0.231481 0.098240 0.144444
5 0.319159 0.045833 0.020528 0.054630
5 0.195259 0.825926 0.019062 0.038889
5 0.949413 0.789815 0.019062 0.051852
5 0.619013 0.262500 0.016129 0.012037
0 0.479472 0.539352 0.191593 0.210185
0 0.506109 0.856481 0.082600 0.283333
0 0.453568 0.242593 0.249267 0.485185
0 0.469453 0.053704 0.227273 0.107407