1 0.207967 0.079167 0.127566 0.158333
1 0.207722 0.309259 0.151515 0.437037
5 0.264418 0.686574 0.031281 0.043519
4 0.239003 0.833333 0.104594 0.112963
1 0.258065 0.914352 0.063539 0.134259
5 0.476051 0.245370 0.026393 0.085185
5 0.538856 0.335185 0.033724 0.072222
1 0.742180 0.939352 0.134409 0.117593
1 0.743402 0.808796 0.096774 0.154630
1 0.737048 0.661574 0.094819 0.187963
1 0.746579 0.514815 0.091398 0.153704
1 0.750489 0.420833 0.190127 0.158333
1 0.759286 0.228241 0.109971 0.369444
5 0.753666 0.024074 0.027370 0.037037
5 0.930596 0.325000 0.029326 0.066667
5 0.949169 0.116204 0.032258 0.056481
5 0.957478 0.784259 0.023460 0.066667