5 0.067204 0.255093 0.020039 0.052778
3 0.041544 0.386574 0.083089 0.239815
5 0.017840 0.496296 0.035679 0.075926
3 0.028348 0.644444 0.056696 0.131481
5 0.037390 0.879630 0.074780 0.144444
5 0.287390 0.955093 0.058651 0.087963
5 0.282991 0.761111 0.024438 0.101852
5 0.350440 0.758333 0.090909 0.170370
5 0.296676 0.463426 0.034213 0.065741
5 0.335533 0.442130 0.032747 0.075000
5 0.372434 0.385185 0.077224 0.087037
5 0.414956 0.338426 0.035191 0.032407
5 0.325513 0.356481 0.024438 0.077778
5 0.320381 0.245370 0.037634 0.088889
5 0.355327 0.194907 0.037146 0.071296
5 0.292766 0.175463 0.026393 0.056481
5 0.373900 0.256944 0.037146 0.126852
5 0.420577 0.213426 0.045455 0.089815
5 0.409580 0.121759 0.039101 0.084259
5 0.357527 0.118981 0.062072 0.054630
5 0.439638 0.070833 0.027859 0.062037
5 0.413978 0.041667 0.073314 0.083333
5 0.363881 0.035648 0.034702 0.050926
5 0.573558 0.080093 0.021017 0.050926
5 0.536657 0.164352 0.093842 0.154630
5 0.496090 0.208796 0.067449 0.102778
5 0.502933 0.263426 0.058651 0.082407
5 0.662268 0.019444 0.063539 0.038889
5 0.611926 0.007870 0.049853 0.015741
5 0.618280 0.028704 0.021505 0.053704
5 0.758309 0.018981 0.050342 0.037963
5 0.775660 0.019907 0.017595 0.039815
5 0.685239 0.054630 0.047898 0.094444
5 0.657869 0.103241 0.052786 0.104630
5 0.746090 0.107870 0.067937 0.087963
5 0.785679 0.110648 0.044477 0.087963
5 0.652493 0.169907 0.073314 0.091667
5 0.707478 0.182870 0.064027 0.091667
5 0.677664 0.218519 0.025904 0.053704
5 0.954545 0.183333 0.088954 0.244444
5 0.865347 0.031481 0.027859 0.062963
5 0.847019 0.066204 0.031281 0.063889
5 0.847752 0.208333 0.025904 0.072222
5 0.863392 0.281481 0.041544 0.133333
5 0.826491 0.185185 0.043011 0.059259
5 0.809140 0.221759 0.040567 0.065741
5 0.785435 0.239352 0.052786 0.119444
5 0.882698 0.404167 0.022483 0.078704
5 0.857283 0.492593 0.057674 0.159259
5 0.903226 0.515278 0.036168 0.060185
5 0.978983 0.668981 0.028348 0.112037
5 0.991935 0.607407 0.015152 0.075926
5 0.975318 0.568519 0.021994 0.053704
5 0.887097 0.660648 0.044966 0.056481
5 0.850440 0.701389 0.048876 0.060185
5 0.833333 0.629167 0.031281 0.097222
5 0.684506 0.597685 0.064027 0.197222
5 0.690860 0.540278 0.038612 0.100926
5 0.763930 0.571296 0.049853 0.083333
5 0.738514 0.433333 0.022483 0.118519
5 0.735826 0.303704 0.049365 0.103704
5 0.765640 0.283796 0.027859 0.065741
5 0.715787 0.279167 0.017107 0.062037
5 0.673265 0.391667 0.066960 0.144444
5 0.763685 0.383796 0.028837 0.078704
5 0.797165 0.329167 0.027370 0.067593
5 0.611926 0.357870 0.043988 0.113889
5 0.518084 0.479630 0.011730 0.081481
1 0.592131 0.453704 0.111926 0.318519
5 0.681085 0.462963 0.018084 0.051852
5 0.656647 0.467593 0.026882 0.090741
5 0.646383 0.656481 0.058162 0.133333
5 0.691593 0.749074 0.030303 0.088889
5 0.524927 0.706019 0.042033 0.150926
5 0.521017 0.634259 0.036168 0.018519
1 0.559629 0.800000 0.054741 0.235185
5 0.514663 0.740278 0.027370 0.134259
5 0.485582 0.790278 0.094330 0.132407
5 0.532258 0.837500 0.031281 0.132407
5 0.684018 0.834722 0.067937 0.087963
5 0.729472 0.870370 0.053275 0.050000
5 0.621457 0.844444 0.057185 0.118519
5 0.594086 0.899074 0.109971 0.200000
1 0.613148 0.965741 0.068915 0.066667
5 0.920088 0.926852 0.077713 0.112963
5 0.893939 0.876852 0.052786 0.044444
5 0.867058 0.972222 0.038123 0.053704
5 0.831378 0.859722 0.043988 0.110185
5 0.812317 0.956481 0.046921 0.053704
5 0.775904 0.939815 0.037634 0.050000
5 0.736070 0.937037 0.038123 0.100000
5 0.750244 0.978241 0.041056 0.041667
5 0.765152 0.880556 0.031769 0.048148
5 0.756598 0.771296 0.041056 0.127778
5 0.802297 0.667593 0.023949 0.037037
5 0.770528 0.652315 0.031769 0.056481
5 0.745112 0.637500 0.033724 0.071296
5 0.724585 0.649537 0.023949 0.050926
5 0.434262 0.643056 0.043500 0.039815