5 0.024682 0.143981 0.021994 0.054630
5 0.140762 0.094444 0.038123 0.037037
5 0.107527 0.064815 0.020528 0.029630
5 0.002688 0.025926 0.005376 0.020370
5 0.083333 0.360648 0.022972 0.039815
5 0.098974 0.230093 0.022972 0.023148
5 0.272239 0.199074 0.033236 0.040741
5 0.244135 0.183796 0.015152 0.028704
5 0.317937 0.113889 0.025904 0.031481
5 0.338710 0.169444 0.028348 0.048148
5 0.314761 0.142593 0.012708 0.025926
5 0.197214 0.240278 0.013196 0.026852
5 0.302053 0.317593 0.015640 0.068519
5 0.282747 0.375463 0.036657 0.050926
5 0.137586 0.567130 0.026882 0.067593
5 0.079912 0.675000 0.020039 0.059259
5 0.310850 0.046759 0.081134 0.087963
5 0.322092 0.559722 0.034213 0.021296
5 0.318671 0.618519 0.045943 0.114815
5 0.359726 0.617130 0.021505 0.039815
5 0.297898 0.733796 0.042522 0.037963
5 0.289589 0.829167 0.033724 0.047222
5 0.284946 0.904630 0.019550 0.020370
5 0.174731 0.716204 0.015152 0.049074
5 0.049609 0.811111 0.021017 0.050000
5 0.077713 0.706944 0.022483 0.045370
5 0.110459 0.743981 0.013685 0.041667
5 0.013196 0.816204 0.010753 0.025000
5 0.038856 0.657407 0.022972 0.025926
5 0.168866 0.822222 0.017107 0.031481
5 0.413490 0.942130 0.027370 0.047222
5 0.367791 0.883796 0.021017 0.032407
5 0.411046 0.801852 0.022483 0.040741
5 0.473118 0.804630 0.034213 0.079630
5 0.399560 0.538889 0.021994 0.033333
5 0.430596 0.530556 0.018573 0.050000
5 0.469208 0.623148 0.020528 0.027778
5 0.467742 0.673148 0.050831 0.053704
5 0.509531 0.549074 0.043500 0.061111
5 0.513685 0.513889 0.021505 0.029630
5 0.461388 0.449074 0.025415 0.044444
5 0.460166 0.411111 0.013196 0.022222
5 0.445015 0.412037 0.012219 0.044444
5 0.388563 0.332870 0.041056 0.045370
5 0.414956 0.381944 0.035191 0.071296
5 0.432551 0.412963 0.009775 0.033333
2 0.376344 0.191667 0.011730 0.020370
5 0.400293 0.144444 0.018573 0.020370
5 0.412268 0.200926 0.020039 0.042593
5 0.440860 0.043981 0.039101 0.050926
5 0.430596 0.023611 0.010753 0.019444
5 0.469208 0.016204 0.034213 0.028704
5 0.478495 0.141204 0.043988 0.047222
5 0.489003 0.185648 0.019062 0.039815
5 0.472141 0.135648 0.011730 0.032407
5 0.432796 0.102778 0.015152 0.018519
5 0.436706 0.175463 0.025904 0.054630
5 0.465543 0.251389 0.058162 0.067593
5 0.511486 0.387963 0.029814 0.068519
5 0.442571 0.218981 0.032747 0.030556
1 0.575024 0.210648 0.109971 0.162037
5 0.531525 0.061574 0.043500 0.080556
5 0.589443 0.071759 0.035191 0.062037
5 0.579179 0.118981 0.023460 0.028704
5 0.614858 0.066204 0.020528 0.034259
5 0.634653 0.066667 0.018084 0.044444
5 0.635875 0.224537 0.023460 0.049074
5 0.682551 0.240278 0.022972 0.054630
5 0.673998 0.176389 0.026393 0.047222
5 0.552786 0.012500 0.033236 0.025000
1 0.610215 0.020370 0.072825 0.040741
1 0.564516 0.378241 0.123167 0.189815
5 0.624145 0.382870 0.022483 0.050926
5 0.577713 0.346759 0.021505 0.030556
1 0.572092 0.555556 0.117791 0.259259
5 0.632698 0.556019 0.018084 0.034259
5 0.608504 0.681944 0.021505 0.032407
5 0.632942 0.706944 0.018573 0.036111
5 0.671554 0.741667 0.012708 0.035185
5 0.679130 0.731481 0.010264 0.038889
1 0.561584 0.702315 0.111437 0.337963
1 0.564027 0.858333 0.156403 0.162963
5 0.507087 0.968519 0.019062 0.027778
5 0.532014 0.964352 0.018084 0.045370
5 0.546676 0.962037 0.009286 0.035185
5 0.560362 0.916667 0.025904 0.031481
5 0.578201 0.940741 0.032258 0.070370
5 0.601662 0.936111 0.020528 0.050000
5 0.674731 0.961111 0.029814 0.068519
5 0.681085 0.660185 0.009286 0.038889
5 0.787879 0.940278 0.030303 0.037963
5 0.809384 0.956481 0.019550 0.024074
5 0.770283 0.864815 0.015640 0.035185
5 0.741935 0.931019 0.014663 0.028704
5 0.719208 0.928241 0.019062 0.030556
5 0.722385 0.971759 0.049853 0.054630
5 0.755376 0.954630 0.015152 0.079630
5 0.732649 0.810648 0.023460 0.019444
5 0.756354 0.692593 0.026882 0.057407
5 0.756109 0.738889 0.026393 0.051852
5 0.893695 0.976389 0.021994 0.041667
2 0.923509 0.958333 0.015152 0.024074
1 0.986070 0.922685 0.023949 0.067593
5 0.964076 0.860648 0.025904 0.028704
5 0.927664 0.815278 0.024438 0.037963
5 0.890762 0.702315 0.010264 0.041667
5 0.874389 0.864352 0.025415 0.036111
5 0.877322 0.842130 0.007820 0.026852
5 0.842864 0.825000 0.020039 0.022222
5 0.836999 0.792593 0.043500 0.059259
5 0.867058 0.785648 0.010753 0.030556
5 0.821848 0.767593 0.023949 0.055556
5 0.764907 0.618056 0.017595 0.039815
2 0.989736 0.751852 0.014663 0.037037
5 0.969697 0.679167 0.023460 0.045370
5 0.942571 0.624074 0.015152 0.038889
5 0.977273 0.585648 0.023949 0.036111
5 0.913490 0.714815 0.042033 0.111111
5 0.887341 0.641667 0.026882 0.035185
5 0.922043 0.552315 0.019062 0.026852
5 0.848240 0.599074 0.038612 0.050000
5 0.815005 0.664815 0.015152 0.035185
5 0.715543 0.379167 0.031281 0.030556
5 0.690127 0.331944 0.014663 0.036111
5 0.726051 0.443981 0.046432 0.054630
5 0.752688 0.473611 0.017595 0.045370
5 0.815005 0.564352 0.035679 0.060185
5 0.863636 0.531481 0.024438 0.057407
5 0.839687 0.518981 0.022483 0.041667
5 0.829668 0.499537 0.034702 0.050926
5 0.826491 0.468056 0.017595 0.032407
5 0.827713 0.406944 0.076735 0.100926
5 0.889541 0.415278 0.016618 0.036111
5 0.760508 0.550463 0.043011 0.062037
5 0.782502 0.511111 0.039101 0.062963
5 0.732160 0.355556 0.018573 0.027778
5 0.754888 0.390278 0.026882 0.067593
5 0.728739 0.412037 0.035191 0.038889
5 0.948436 0.291667 0.021994 0.020370
5 0.955767 0.326389 0.008309 0.025000
5 0.969453 0.450463 0.016129 0.037963
5 0.990225 0.514352 0.016618 0.036111
4 0.993646 0.456944 0.009775 0.045370
5 0.965298 0.371296 0.015640 0.024074
5 0.994868 0.341667 0.008309 0.018519
5 0.205523 0.624074 0.017107 0.025926
5 0.797898 0.243981 0.034702 0.054630
5 0.756598 0.244444 0.040078 0.044444
5 0.736315 0.214352 0.009286 0.025000
5 0.771261 0.224537 0.011730 0.028704
5 0.935239 0.103241 0.031769 0.037963
5 0.963832 0.020833 0.037146 0.041667
5 0.954301 0.062500 0.020039 0.032407
5 0.960899 0.108333 0.016618 0.061111
5 0.851662 0.121759 0.016129 0.041667
5 0.809140 0.032407 0.032747 0.064815
5 0.851662 0.031019 0.031769 0.058333
5 0.882698 0.043519 0.024438 0.044444
5 0.878055 0.228241 0.015152 0.045370
5 0.732649 0.150463 0.010753 0.019444
5 0.716031 0.138889 0.016618 0.027778
5 0.738759 0.115741 0.035679 0.057407
5 0.756843 0.084259 0.030792 0.079630
5 0.793744 0.091204 0.034213 0.060185
5 0.731916 0.056481 0.010264 0.027778