1 0.209677 0.962500 0.160313 0.073148
5 0.489247 0.785648 0.025415 0.047222
1 0.248534 0.855556 0.130499 0.181481
5 0.424242 0.760648 0.018573 0.032407
5 0.404692 0.687963 0.030303 0.068519
5 0.060606 0.660648 0.015640 0.032407
5 0.540078 0.624074 0.032258 0.051852
1 0.230938 0.679630 0.180352 0.283333
5 0.406891 0.555556 0.027859 0.085185
5 0.673998 0.494444 0.014663 0.031481
5 0.511486 0.336111 0.036657 0.072222
5 0.722141 0.269907 0.028837 0.037963
5 0.953568 0.235648 0.007820 0.060185
5 0.476051 0.271296 0.031281 0.051852
5 0.986315 0.156481 0.026393 0.068519
5 0.500244 0.039352 0.031769 0.047222
1 0.779814 0.075463 0.140274 0.150926
1 0.213832 0.072222 0.146139 0.142593
3 0.281525 0.091204 0.090909 0.130556
3 0.282014 0.229167 0.147605 0.208333
5 0.178886 0.161111 0.066471 0.120370
1 0.228983 0.244907 0.107038 0.271296
1 0.223363 0.446759 0.135875 0.121296
5 0.143695 0.417593 0.097752 0.116667
3 0.799853 0.410648 0.106061 0.223148
1 0.763441 0.330556 0.153470 0.222222
1 0.763441 0.526389 0.108504 0.154630
3 0.768328 0.198148 0.045943 0.092593
3 0.810606 0.902778 0.070870 0.094444
3 0.842864 0.832870 0.065005 0.110185
1 0.744624 0.727778 0.082600 0.311111
3 0.818182 0.720370 0.105572 0.198148
5 0.716764 0.571296 0.029814 0.051852
5 0.792522 0.631481 0.028837 0.037037
3 0.826491 0.594907 0.041056 0.171296
1 0.783236 0.913426 0.136364 0.169444