5 0.902493 0.983333 0.008309 0.020370
1 0.457722 0.970833 0.032747 0.056481
1 0.570870 0.968519 0.043988 0.061111
5 0.908847 0.922222 0.010264 0.024074
1 0.661535 0.935648 0.051320 0.086111
1 0.727761 0.879630 0.032258 0.100000
5 0.506598 0.865741 0.026882 0.035185
1 0.972141 0.908333 0.054741 0.125926
5 0.702346 0.854167 0.013685 0.023148
5 0.872434 0.849537 0.015640 0.039815
1 0.365591 0.826852 0.023460 0.057407
1 0.406403 0.844444 0.040567 0.120370
1 0.975562 0.765741 0.047898 0.125926
5 0.900782 0.695833 0.017595 0.039815
5 0.362170 0.697685 0.032258 0.073148
4 0.672532 0.628241 0.008798 0.026852
1 0.503666 0.649074 0.048387 0.087037
5 0.893206 0.602778 0.006354 0.016667
5 0.385142 0.556019 0.026393 0.028704
5 0.638074 0.554630 0.038612 0.046296
1 0.900782 0.521296 0.060606 0.137037
1 0.747312 0.493056 0.032258 0.108333
1 0.681574 0.482407 0.022972 0.105556
1 0.827957 0.501852 0.088954 0.166667
1 0.295455 0.470833 0.035679 0.108333
1 0.960655 0.409259 0.045455 0.066667
5 0.850684 0.387037 0.025904 0.077778
5 0.793011 0.369907 0.018084 0.039815
5 0.399071 0.368519 0.021994 0.053704
5 0.793500 0.209722 0.028837 0.032407
5 0.338465 0.164352 0.034702 0.071296
5 0.395161 0.151852 0.033724 0.037037
5 0.458944 0.112037 0.019550 0.046296
1 0.923509 0.104167 0.046432 0.034259
1 0.962854 0.063889 0.035191 0.070370
1 0.378055 0.072685 0.070870 0.136111
1 0.901026 0.023611 0.030792 0.047222
5 0.086022 0.100463 0.033236 0.067593
1 0.215787 0.213889 0.028837 0.074074
5 0.424731 0.421759 0.025415 0.047222
5 0.404203 0.419907 0.019550 0.039815
5 0.313294 0.342593 0.029326 0.031481
5 0.464076 0.353704 0.020039 0.031481
5 0.196237 0.512500 0.014174 0.043519
1 0.425220 0.662963 0.046921 0.094444
2 0.191349 0.985185 0.074780 0.024074
5 0.206989 0.950000 0.056207 0.051852
5 0.373412 0.950926 0.037146 0.070370
1 0.585777 0.805556 0.132454 0.261111
5 0.526637 0.818981 0.022972 0.060185
1 0.490958 0.555093 0.050342 0.067593
1 0.591887 0.650463 0.058651 0.154630
1 0.575758 0.445833 0.145650 0.260185
1 0.502199 0.354630 0.045455 0.070370
1 0.470674 0.242593 0.055718 0.146296
5 0.447458 0.284259 0.019062 0.031481
1 0.546432 0.079630 0.151515 0.159259
1 0.602151 0.240741 0.097752 0.161111
1 0.274927 0.230093 0.030792 0.069444
1 0.279570 0.307407 0.037146 0.081481
1 0.748289 0.695833 0.074291 0.132407
1 0.798876 0.634259 0.040567 0.107407
1 0.756598 0.603241 0.055718 0.082407
1 0.887830 0.758796 0.054252 0.047222
1 0.845552 0.738426 0.043988 0.100926
5 0.922043 0.057407 0.026882 0.061111
1 0.830890 0.133796 0.044966 0.087963
1 0.785924 0.140278 0.045943 0.106481
1 0.811828 0.288426 0.059629 0.075000
5 0.774438 0.278704 0.014174 0.027778
5 0.782991 0.306019 0.019550 0.021296
5 0.794721 0.317593 0.010753 0.016667
5 0.750244 0.147222 0.026393 0.051852
5 0.754888 0.053704 0.013196 0.031481
5 0.755621 0.021296 0.029326 0.025926
5 0.692815 0.138426 0.020039 0.037963
5 0.737537 0.122222 0.019550 0.025926
5 0.685728 0.305093 0.021505 0.037963
1 0.733382 0.292593 0.073803 0.135185
5 0.659335 0.286574 0.015640 0.036111
5 0.688661 0.658333 0.024438 0.027778
5 0.822825 0.745370 0.021017 0.051852
5 0.661535 0.037037 0.037634 0.044444
5 0.756354 0.175926 0.021994 0.016667
1 0.938905 0.246296 0.058651 0.105556
1 0.973118 0.307870 0.052786 0.147222
1 0.696481 0.968981 0.011730 0.054630
1 0.822336 0.943519 0.060117 0.111111
1 0.877077 0.931019 0.056207 0.071296