5 0.225562 0.216204 0.060117 0.110185
5 0.269306 0.284259 0.031281 0.074074
5 0.205034 0.318981 0.021994 0.041667
5 0.347507 0.315278 0.055718 0.126852
5 0.369013 0.385648 0.043011 0.065741
5 0.290567 0.031481 0.053275 0.057407
5 0.359726 0.111574 0.068426 0.186111
5 0.396872 0.119444 0.044966 0.070370
5 0.432307 0.283333 0.090420 0.100000
5 0.481672 0.138889 0.042522 0.079630
5 0.481916 0.222685 0.044966 0.065741
1 0.527370 0.072685 0.167155 0.145370
1 0.568426 0.208796 0.099707 0.313889
1 0.557674 0.510185 0.146628 0.464815
5 0.641496 0.452778 0.032747 0.085185
5 0.455034 0.675000 0.041056 0.098148
5 0.402737 0.549537 0.031281 0.058333
5 0.499022 0.696759 0.054741 0.086111
5 0.541789 0.757407 0.058162 0.157407
5 0.590176 0.826852 0.051320 0.133333
5 0.584800 0.954630 0.039589 0.081481
5 0.657625 0.781019 0.066960 0.089815
5 0.660068 0.909722 0.073803 0.171296
5 0.758065 0.902778 0.049853 0.075926
5 0.726051 0.775463 0.046432 0.087963
5 0.794477 0.742593 0.058162 0.140741
5 0.815494 0.821296 0.032747 0.111111
5 0.833578 0.633333 0.050342 0.112963
5 0.801808 0.651852 0.029814 0.087037
5 0.771750 0.597685 0.030303 0.073148
5 0.252444 0.585648 0.046432 0.087963
5 0.234848 0.520833 0.021017 0.041667
5 0.119990 0.553704 0.029814 0.037037
5 0.218231 0.707870 0.038612 0.076852
5 0.078201 0.731019 0.055718 0.056481
5 0.022483 0.391204 0.037146 0.073148
5 0.009042 0.563889 0.013196 0.048148
5 0.021750 0.777315 0.040567 0.117593
5 0.076979 0.975463 0.055230 0.043519
5 0.219453 0.950000 0.045943 0.094444
5 0.331134 0.934722 0.046432 0.121296
5 0.417889 0.891667 0.033236 0.053704
5 0.348729 0.819444 0.046432 0.118519
5 0.313294 0.820833 0.026393 0.043519
5 0.353861 0.717130 0.059629 0.134259
5 0.473607 0.836574 0.038123 0.049074
5 0.146139 0.674074 0.022483 0.061111
5 0.668866 0.036574 0.072825 0.073148
5 0.847996 0.025926 0.059629 0.051852
5 0.675220 0.147685 0.034702 0.087963
5 0.684995 0.235648 0.031769 0.062037
5 0.715787 0.227315 0.029814 0.071296
5 0.803763 0.367130 0.052297 0.050926
5 0.843353 0.373611 0.032747 0.054630
5 0.828446 0.304167 0.025415 0.034259
5 0.876344 0.349537 0.037146 0.099074
5 0.832600 0.139352 0.042522 0.062037
5 0.877322 0.064352 0.025415 0.043519
5 0.871945 0.118981 0.043011 0.052778
5 0.966031 0.031019 0.042522 0.062037
5 0.962610 0.112963 0.043500 0.066667
5 0.970430 0.295370 0.033724 0.061111
5 0.965298 0.368981 0.025415 0.037963
5 0.950880 0.484722 0.047410 0.071296
5 0.867791 0.237963 0.125611 0.185185
5 0.885386 0.522685 0.032747 0.063889
5 0.744868 0.471296 0.028348 0.070370
5 0.787634 0.475926 0.058162 0.066667
5 0.849218 0.957870 0.027859 0.056481
5 0.956256 0.900926 0.030792 0.070370
5 0.859238 0.854167 0.022483 0.036111
5 0.734360 0.698611 0.022972 0.052778
5 0.982649 0.767593 0.027859 0.098148
5 0.919599 0.683796 0.054252 0.095370
5 0.880743 0.715741 0.021505 0.074074
5 0.987537 0.543056 0.019062 0.156481
5 0.033236 0.129630 0.038123 0.050000
5 0.544966 0.955093 0.018573 0.065741
5 0.709189 0.363889 0.024438 0.061111