5 0.145650 0.176389 0.068426 0.132407
5 0.255376 0.187037 0.026882 0.044444
5 0.370968 0.094444 0.047898 0.068519
1 0.186950 0.375926 0.199902 0.224074
1 0.177419 0.673611 0.162268 0.317593
5 0.043011 0.713426 0.020528 0.058333
5 0.051808 0.492130 0.023460 0.028704
5 0.052786 0.325463 0.031281 0.041667
5 0.033480 0.281019 0.019062 0.041667
1 0.172532 0.527315 0.122190 0.208333
5 0.347996 0.377315 0.040078 0.080556
5 0.365103 0.327315 0.038123 0.036111
5 0.389052 0.343519 0.020528 0.040741
5 0.356794 0.288889 0.030303 0.040741
5 0.389541 0.218981 0.017595 0.037963
2 0.241447 0.770370 0.069404 0.127778
5 0.251711 0.865741 0.030303 0.042593
5 0.309873 0.766667 0.028348 0.035185
5 0.343353 0.766204 0.024927 0.047222
5 0.328690 0.832870 0.024927 0.045370
1 0.171799 0.879630 0.062072 0.122222
5 0.185973 0.945833 0.018084 0.052778
5 0.095064 0.951389 0.020039 0.082407
5 0.125611 0.978241 0.046921 0.037963
5 0.010753 0.773611 0.021505 0.032407
5 0.093597 0.221296 0.021994 0.040741
2 0.183773 0.168981 0.020528 0.036111
2 0.197703 0.040278 0.029814 0.080556
2 0.283724 0.416204 0.028837 0.089815
5 0.393451 0.927778 0.025415 0.077778
5 0.437928 0.822685 0.023460 0.062037
5 0.430596 0.719444 0.042033 0.044444
5 0.383187 0.730093 0.023460 0.028704
5 0.434506 0.550000 0.047898 0.064815
5 0.350196 0.518056 0.023949 0.028704
5 0.495601 0.712963 0.056696 0.070370
5 0.450391 0.854630 0.016129 0.050000
5 0.467253 0.834259 0.024438 0.048148
5 0.471163 0.798611 0.016618 0.030556
5 0.457234 0.790278 0.010264 0.039815
5 0.483871 0.817593 0.015640 0.031481
5 0.503177 0.478704 0.054252 0.075926
5 0.435728 0.359259 0.019062 0.031481
5 0.380499 0.383796 0.028837 0.037963
5 0.459433 0.348611 0.019550 0.041667
5 0.482160 0.380093 0.061095 0.062037
5 0.523705 0.363889 0.020039 0.029630
5 0.565982 0.502778 0.014663 0.022222
5 0.509531 0.248148 0.030792 0.090741
5 0.571603 0.277315 0.028837 0.102778
5 0.475073 0.037500 0.035191 0.063889
5 0.604839 0.012963 0.039589 0.024074
5 0.484604 0.939352 0.028837 0.067593
5 0.461877 0.916667 0.014663 0.048148
5 0.510997 0.952315 0.021994 0.056481
5 0.560362 0.965741 0.039589 0.059259
5 0.599462 0.982407 0.028837 0.033333
5 0.604350 0.895370 0.044477 0.057407
5 0.604594 0.832407 0.018573 0.057407
5 0.666178 0.971296 0.038123 0.053704
5 0.661779 0.771759 0.033236 0.045370
5 0.700147 0.625000 0.055230 0.051852
5 0.732893 0.684722 0.026882 0.075000
5 0.754888 0.707870 0.021017 0.050926
5 0.704545 0.373611 0.026882 0.054630
5 0.696970 0.324537 0.042033 0.102778
5 0.692082 0.238889 0.019550 0.044444
5 0.743646 0.249074 0.068915 0.166667
2 0.664223 0.116667 0.117302 0.088889
5 0.815738 0.054630 0.021505 0.057407
5 0.885142 0.112500 0.034213 0.080556
5 0.857038 0.088889 0.019062 0.038889
5 0.911290 0.217130 0.012219 0.017593
5 0.927419 0.248148 0.024927 0.031481
5 0.977761 0.354167 0.029814 0.041667
5 0.944282 0.377315 0.016618 0.025000
1 0.741202 0.505556 0.135386 0.212963
5 0.735826 0.582870 0.012219 0.052778
5 0.804985 0.475000 0.028348 0.062963
5 0.810850 0.447685 0.079179 0.093519
5 0.870479 0.437500 0.032258 0.047222
5 0.830156 0.356019 0.022972 0.041667
2 0.759042 0.433333 0.039101 0.040741
5 0.937928 0.605093 0.025415 0.050926
5 0.932551 0.528241 0.018573 0.041667
5 0.857283 0.580556 0.019550 0.031481
1 0.739247 0.907870 0.141251 0.178704
5 0.912757 0.973148 0.022972 0.038889
5 0.951124 0.940278 0.019550 0.050926
5 0.917889 0.912037 0.025415 0.066667
1 0.769550 0.784722 0.133431 0.206481
5 0.838710 0.858796 0.123167 0.273148
5 0.815249 0.932870 0.038123 0.045370
5 0.825758 0.822222 0.050342 0.096296
5 0.852395 0.739815 0.018573 0.079630
5 0.951613 0.781944 0.030303 0.073148
5 0.933284 0.708796 0.059140 0.097222
5 0.956989 0.238426 0.015640 0.025000