0 0.614125 0.681019 0.195992 0.286111
0 0.624145 0.923611 0.160313 0.143519
2 0.568915 0.416667 0.019550 0.131481
5 0.564761 0.262500 0.044477 0.097222
5 0.507820 0.554167 0.016618 0.089815
5 0.617546 0.035648 0.026882 0.052778
5 0.845797 0.093056 0.044477 0.065741
5 0.852884 0.181019 0.035191 0.065741
5 0.981672 0.293056 0.025904 0.065741
5 0.932063 0.525000 0.018573 0.024074
5 0.858749 0.560648 0.035191 0.073148
5 0.981427 0.764352 0.031281 0.049074
5 0.862170 0.748611 0.050831 0.087963
5 0.836022 0.868519 0.030792 0.042593
5 0.981672 0.881481 0.029814 0.059259
5 0.981427 0.063889 0.031281 0.070370
5 0.399804 0.081944 0.027370 0.056481
5 0.116325 0.184722 0.032258 0.054630
5 0.413734 0.375000 0.025904 0.044444
5 0.384164 0.378704 0.024438 0.048148
5 0.421799 0.260648 0.039101 0.039815
5 0.407380 0.282407 0.021994 0.051852
5 0.010753 0.539352 0.021505 0.062037
5 0.066471 0.849074 0.028348 0.033333
5 0.549365 0.382407 0.015640 0.033333