5 0.339198 0.397685 0.018573 0.037963
5 0.365591 0.384722 0.033236 0.060185
5 0.351417 0.486111 0.012708 0.025926
5 0.391740 0.490278 0.041544 0.086111
5 0.479228 0.419907 0.047410 0.076852
5 0.539345 0.365278 0.076735 0.052778
5 0.594819 0.255556 0.023460 0.037037
5 0.510264 0.249074 0.013685 0.035185
5 0.489247 0.599074 0.027370 0.044444
5 0.506109 0.545370 0.024927 0.037037
5 0.596774 0.590278 0.029326 0.036111
5 0.605572 0.695833 0.050831 0.104630
5 0.525415 0.066667 0.023460 0.048148
5 0.409091 0.105093 0.020528 0.028704
5 0.429130 0.103241 0.025415 0.050926
5 0.377566 0.182407 0.027859 0.059259
5 0.398583 0.335185 0.025904 0.031481
5 0.269795 0.480556 0.025415 0.070370
5 0.305230 0.563889 0.026882 0.053704
5 0.352151 0.681944 0.041544 0.067593
5 0.351662 0.783796 0.031769 0.097222
5 0.384164 0.754167 0.017595 0.037963
5 0.377322 0.806944 0.012708 0.045370
5 0.342864 0.881944 0.021017 0.054630
5 0.452835 0.982870 0.021994 0.028704
5 0.501955 0.878241 0.039101 0.084259
5 0.542278 0.912500 0.035679 0.089815
5 0.527615 0.737500 0.025904 0.049074
5 0.698925 0.940741 0.034213 0.116667
5 0.676931 0.984722 0.015640 0.017593
5 0.722874 0.987963 0.016618 0.011111
5 0.676931 0.555093 0.015640 0.017593
5 0.634164 0.018056 0.059140 0.036111
5 0.673265 0.104167 0.021994 0.036111
5 0.773216 0.029167 0.043011 0.056481
1 0.812072 0.146759 0.060117 0.095370
1 0.798876 0.375000 0.103128 0.294444
5 0.847019 0.422222 0.021505 0.059259
1 0.801564 0.592593 0.118280 0.137037
5 0.863881 0.671296 0.024927 0.079630
5 0.789345 0.670370 0.031281 0.033333
1 0.808651 0.797222 0.065005 0.287037
5 0.841887 0.858796 0.023949 0.078704
5 0.233138 0.985648 0.034213 0.015741
1 0.243891 0.824074 0.131965 0.338889
5 0.197214 0.731019 0.052297 0.097222
5 0.231672 0.711574 0.018573 0.049074
1 0.249511 0.648148 0.138319 0.209259
1 0.268084 0.045833 0.103128 0.086111
5 0.253910 0.070833 0.021994 0.021296
5 0.181574 0.299537 0.014174 0.026852
5 0.068915 0.085648 0.013685 0.047222
5 0.193548 0.183333 0.026393 0.038889
5 0.149071 0.507407 0.013685 0.033333
5 0.005865 0.464815 0.011730 0.051852
5 0.064272 0.787963 0.011241 0.044444
5 0.192571 0.625463 0.021505 0.043519
5 0.132454 0.954630 0.024438 0.027778
5 0.053030 0.867593 0.020039 0.038889
5 0.802786 0.029167 0.027859 0.026852
5 0.748289 0.115741 0.035191 0.046296
5 0.689394 0.138889 0.027859 0.035185
1 0.258798 0.280093 0.103128 0.400926
5 0.227517 0.133796 0.072825 0.095370