5 0.074536 0.765741 0.008309 0.011111
5 0.516373 0.766667 0.012219 0.012963
5 0.763441 0.661111 0.003910 0.018519
5 0.015396 0.561111 0.024927 0.048148
5 0.464076 0.476389 0.014174 0.034259
5 0.177175 0.436574 0.017107 0.017593
5 0.278837 0.344907 0.007331 0.023148
5 0.807918 0.229167 0.005865 0.015741
5 0.902004 0.195370 0.012219 0.025926
4 0.132454 0.143056 0.022483 0.017593
5 0.067204 0.149074 0.018084 0.061111
2 0.018573 0.089352 0.037146 0.149074
5 0.011975 0.927315 0.021994 0.065741
5 0.060117 0.976389 0.019550 0.041667
5 0.153715 0.788889 0.023949 0.048148
5 0.175220 0.725463 0.016129 0.073148
5 0.201613 0.569444 0.111926 0.179630
5 0.270528 0.617130 0.035679 0.115741
5 0.290323 0.667130 0.034213 0.056481
0 0.438661 0.849074 0.363148 0.298148
5 0.647605 0.882407 0.130987 0.231481
5 0.843597 0.873611 0.116325 0.250926
5 0.875611 0.421296 0.047410 0.055556
5 0.233138 0.070833 0.048876 0.141667
5 0.262708 0.215278 0.043500 0.084259
0 0.666911 0.082870 0.053275 0.165741
0 0.686706 0.004630 0.012708 0.009259
5 0.488514 0.018056 0.025904 0.036111
0 0.512952 0.056944 0.201857 0.113889
5 0.608504 0.256481 0.036168 0.027778
0 0.483871 0.306481 0.409580 0.612963