5 0.258065 0.037037 0.109482 0.074074
1 0.215543 0.186111 0.136852 0.224074
5 0.367546 0.031019 0.054741 0.060185
5 0.196970 0.425463 0.055718 0.071296
5 0.225562 0.908796 0.063050 0.132407
5 0.237048 0.640278 0.035191 0.082407
5 0.276882 0.681481 0.063050 0.103704
5 0.282991 0.526389 0.107527 0.136111
5 0.362903 0.310648 0.052297 0.075000
5 0.368035 0.475926 0.033236 0.048148
5 0.453079 0.397685 0.032258 0.099074
5 0.487048 0.225463 0.038612 0.060185
5 0.449658 0.036111 0.039101 0.059259
5 0.474096 0.107407 0.033236 0.053704
5 0.524682 0.564352 0.084555 0.115741
5 0.652493 0.534259 0.039101 0.107407
5 0.676197 0.709259 0.044477 0.061111
5 0.560362 0.840278 0.024927 0.058333
5 0.436217 0.610648 0.037634 0.093519
5 0.568915 0.903704 0.046921 0.061111
5 0.649804 0.800926 0.044477 0.057407
5 0.585288 0.035648 0.031769 0.045370
5 0.689150 0.116667 0.043011 0.051852
5 0.698680 0.275000 0.037634 0.068519
1 0.743891 0.896296 0.131965 0.192593
1 0.775904 0.651852 0.141251 0.227778
1 0.752933 0.449537 0.134409 0.250926
1 0.760997 0.169444 0.141740 0.337037
5 0.930841 0.688889 0.052297 0.066667
5 0.821848 0.555556 0.035679 0.061111
5 0.846041 0.320833 0.035191 0.071296
5 0.837732 0.057870 0.026393 0.067593
5 0.842864 0.612963 0.029814 0.062963
5 0.978250 0.856019 0.028837 0.091667
5 0.957967 0.231019 0.027370 0.045370