1 0.792522 0.947222 0.130499 0.103704
1 0.268573 0.939815 0.114858 0.118519
5 0.596774 0.757407 0.017595 0.040741
5 0.479717 0.744907 0.034702 0.041667
5 0.089443 0.634722 0.011730 0.015741
1 0.807429 0.534722 0.107527 0.176852
5 0.210899 0.423148 0.013196 0.011111
3 0.364125 0.226389 0.015640 0.028704
5 0.506109 0.160185 0.013196 0.031481
1 0.824536 0.286574 0.106549 0.282407
5 0.544966 0.161111 0.046921 0.090741
5 0.984848 0.056019 0.010753 0.012037
1 0.830890 0.041204 0.109482 0.082407
5 0.575513 0.817130 0.023949 0.054630
5 0.447947 0.712500 0.016129 0.032407
1 0.264418 0.830093 0.120235 0.106481
3 0.276393 0.771759 0.065005 0.130556
1 0.260997 0.681944 0.154448 0.147222
1 0.231427 0.499074 0.168622 0.364815
3 0.300831 0.525926 0.047410 0.077778
5 0.219697 0.018981 0.048387 0.037963
3 0.304985 0.136111 0.123167 0.255556
5 0.260020 0.109722 0.011730 0.030556
4 0.991447 0.339352 0.015152 0.104630
5 0.923265 0.448148 0.013685 0.022222
4 0.746579 0.111574 0.026882 0.058333