5 0.162512 0.907870 0.025904 0.067593
5 0.975562 0.850000 0.035191 0.033333
5 0.992424 0.817593 0.007331 0.033333
1 0.238270 0.873611 0.106061 0.250926
5 0.690371 0.751389 0.009286 0.023148
5 0.515885 0.694444 0.021994 0.051852
4 0.994135 0.530556 0.010753 0.061111
5 0.588710 0.449537 0.011241 0.019444
5 0.529570 0.361574 0.005376 0.025000
5 0.561584 0.363426 0.032258 0.039815
5 0.149560 0.233333 0.035191 0.044444
5 0.880254 0.077315 0.011730 0.041667
5 0.044966 0.193056 0.045943 0.054630
5 0.171065 0.106019 0.015640 0.045370
5 0.055718 0.771759 0.022483 0.054630
5 0.117302 0.755093 0.047898 0.091667
5 0.160557 0.700926 0.021017 0.025926
5 0.186461 0.677778 0.028837 0.046296
5 0.182307 0.781481 0.020528 0.037037
5 0.105327 0.662963 0.027859 0.031481
5 0.071603 0.578241 0.024927 0.036111
5 0.134897 0.595370 0.020528 0.046296
5 0.138074 0.535185 0.018084 0.048148
5 0.271017 0.653241 0.029814 0.028704
5 0.281036 0.497222 0.041056 0.057407
5 0.383431 0.616667 0.120723 0.235185
5 0.418622 0.522685 0.045455 0.071296
5 0.452590 0.564352 0.034213 0.067593
5 0.482893 0.581944 0.053763 0.091667
5 0.539101 0.757870 0.029326 0.026852
4 0.575758 0.721296 0.046921 0.050000
5 0.563050 0.772685 0.028348 0.056481
5 0.641496 0.817593 0.026882 0.050000
4 0.560850 0.854630 0.060117 0.092593
5 0.391007 0.766667 0.020528 0.046296
5 0.403226 0.841667 0.043011 0.140741
5 0.454057 0.849074 0.055718 0.088889
5 0.504399 0.879630 0.031281 0.044444
5 0.470674 0.945370 0.050831 0.105556
5 0.422532 0.943056 0.035679 0.087963
5 0.564761 0.975463 0.041544 0.047222
5 0.678152 0.976852 0.026882 0.040741
5 0.750000 0.970370 0.010264 0.024074
1 0.796676 0.955093 0.089932 0.086111
1 0.783724 0.844444 0.117791 0.112963
1 0.769306 0.716204 0.129032 0.206481
5 0.879765 0.734259 0.032258 0.057407
5 0.177175 0.468519 0.067937 0.114815
5 0.180841 0.503241 0.015640 0.041667
1 0.261730 0.460648 0.121701 0.193519
1 0.235582 0.240741 0.126100 0.181481
5 0.287390 0.263426 0.029326 0.058333
5 0.280303 0.329630 0.021994 0.025926
1 0.272483 0.167130 0.136364 0.162037
1 0.254888 0.061111 0.133431 0.122222
5 0.356061 0.257407 0.040567 0.068519
5 0.374878 0.287500 0.032258 0.087963
5 0.380743 0.136111 0.028348 0.029630
5 0.431085 0.008796 0.015640 0.017593
5 0.434506 0.106944 0.048876 0.126852
5 0.435239 0.238426 0.027859 0.037963
5 0.509775 0.198611 0.020528 0.056481
5 0.496579 0.217130 0.024438 0.045370
5 0.472874 0.266204 0.045455 0.076852
5 0.461877 0.357870 0.022483 0.063889
5 0.503666 0.309259 0.012219 0.038889
5 0.554741 0.209722 0.020528 0.036111
5 0.567693 0.261111 0.015152 0.035185
5 0.581867 0.201852 0.021994 0.042593
5 0.606061 0.368981 0.030303 0.062037
5 0.572092 0.425926 0.020039 0.042593
5 0.651026 0.293519 0.048876 0.042593
5 0.579423 0.465278 0.020039 0.039815
5 0.617058 0.589352 0.031769 0.047222
5 0.649804 0.588889 0.024927 0.037037
5 0.664223 0.547685 0.008798 0.056481
5 0.665934 0.480093 0.057185 0.091667
5 0.671554 0.429630 0.041056 0.079630
5 0.586510 0.078241 0.024438 0.028704
5 0.578446 0.024074 0.020039 0.046296
5 0.560362 0.013426 0.011241 0.025000
5 0.719208 0.014815 0.019062 0.029630
5 0.712121 0.081481 0.021505 0.055556
5 0.695748 0.088426 0.019062 0.034259
5 0.686217 0.213426 0.029326 0.050926
5 0.830890 0.582870 0.020528 0.043519
1 0.801564 0.526389 0.138807 0.184259
1 0.793988 0.347222 0.152981 0.177778
5 0.751466 0.079167 0.080645 0.152778
5 0.805718 0.013889 0.029814 0.027778
1 0.795699 0.180093 0.125122 0.267593
5 0.834066 0.117130 0.028837 0.041667
5 0.887586 0.013426 0.036168 0.026852
5 0.852151 0.291204 0.016129 0.039815
5 0.892229 0.255093 0.031769 0.082407
5 0.906403 0.287037 0.027859 0.046296
5 0.988270 0.654630 0.022483 0.135185
5 0.956989 0.679167 0.041056 0.084259
5 0.910068 0.605556 0.048876 0.074074
5 0.943548 0.558796 0.026882 0.054630
5 0.946481 0.616204 0.029814 0.069444
5 0.952102 0.343519 0.033236 0.070370
5 0.977761 0.380556 0.019062 0.038889
5 0.686217 0.037037 0.013685 0.029630
5 0.652248 0.041204 0.011241 0.034259