5 0.063539 0.228704 0.024438 0.031481
5 0.069159 0.242130 0.021017 0.032407
5 0.259775 0.160648 0.017107 0.065741
5 0.251466 0.175000 0.013196 0.033333
5 0.231183 0.284259 0.035191 0.048148
5 0.174731 0.286574 0.028837 0.039815
5 0.163978 0.246296 0.021017 0.055556
5 0.209433 0.675463 0.022972 0.030556
5 0.229961 0.668056 0.031769 0.039815
5 0.212854 0.658333 0.023949 0.048148
5 0.208211 0.563426 0.028348 0.036111
5 0.243646 0.620370 0.025904 0.038889
5 0.193548 0.522685 0.024438 0.039815
5 0.271994 0.887500 0.035679 0.058333
5 0.329668 0.949537 0.061095 0.071296
2 0.067937 0.668981 0.134897 0.315741
5 0.101417 0.741667 0.010264 0.038889
2 0.026882 0.914815 0.053763 0.035185
2 0.029814 0.939352 0.058651 0.093519
5 0.452590 0.123611 0.030303 0.076852
5 0.449658 0.180093 0.034213 0.047222
5 0.519550 0.170833 0.020528 0.049074
5 0.487537 0.133796 0.046432 0.097222
5 0.462854 0.236574 0.038123 0.073148
5 0.469697 0.154167 0.018573 0.056481
5 0.338465 0.388426 0.035679 0.049074
5 0.475318 0.368981 0.028837 0.067593
5 0.400049 0.342593 0.026882 0.029630
4 0.375122 0.370370 0.034702 0.037037
5 0.381720 0.430556 0.020528 0.085185
5 0.398827 0.505556 0.043988 0.059259
5 0.389296 0.557407 0.029814 0.064815
5 0.423509 0.537037 0.026882 0.035185
5 0.441593 0.566204 0.023949 0.025000
5 0.490469 0.397222 0.022972 0.033333
5 0.546676 0.518056 0.021017 0.045370
5 0.476295 0.660648 0.042522 0.032407
4 0.484115 0.663426 0.016129 0.058333
5 0.437439 0.781944 0.024438 0.045370
5 0.463587 0.701389 0.021994 0.037963
5 0.487537 0.691667 0.032747 0.038889
5 0.449413 0.780093 0.015152 0.034259
1 0.554497 0.916204 0.100196 0.162037
1 0.542766 0.781944 0.081623 0.141667
1 0.598485 0.701389 0.057185 0.078704
5 0.530792 0.831019 0.024438 0.049074
5 0.616813 0.884259 0.032258 0.038889
5 0.644428 0.850926 0.029814 0.038889
5 0.652248 0.701852 0.029814 0.081481
1 0.591642 0.458796 0.097263 0.328704
1 0.594086 0.176389 0.135386 0.265741
1 0.605572 0.081481 0.102639 0.162963
5 0.632698 0.287037 0.025904 0.046296
5 0.738270 0.143519 0.021017 0.040741
5 0.757820 0.125926 0.018084 0.033333
5 0.956256 0.151852 0.032747 0.042593
5 0.863148 0.168519 0.019550 0.040741
5 0.845308 0.227315 0.039589 0.084259
5 0.823069 0.201389 0.017595 0.030556
5 0.771261 0.443519 0.070381 0.103704
5 0.820137 0.324074 0.053763 0.075926
5 0.835533 0.433333 0.025904 0.072222
5 0.698192 0.759722 0.031769 0.075000
5 0.756843 0.665741 0.019062 0.062963
5 0.728250 0.509259 0.017595 0.038889
5 0.822336 0.618519 0.021994 0.055556
5 0.859238 0.696759 0.033236 0.067593
5 0.727761 0.845370 0.028348 0.053704
5 0.811828 0.822685 0.028348 0.060185
5 0.775904 0.877778 0.026882 0.061111
5 0.761975 0.963426 0.054741 0.071296
5 0.921065 0.891667 0.029814 0.059259
5 0.935728 0.827778 0.033724 0.051852
5 0.952835 0.913889 0.036657 0.062963
5 0.848240 0.494444 0.032747 0.050000
5 0.831867 0.484259 0.017595 0.035185
5 0.878055 0.554630 0.030792 0.057407
5 0.868280 0.578704 0.016129 0.050000
5 0.919599 0.596296 0.032747 0.068519
5 0.875367 0.618981 0.025415 0.030556
5 0.962610 0.526389 0.020039 0.050926
5 0.942082 0.525000 0.018084 0.059259
5 0.969697 0.768056 0.031281 0.054630
5 0.962366 0.812963 0.012708 0.053704
5 0.994135 0.860185 0.009775 0.055556
5 0.988514 0.797685 0.008309 0.049074
5 0.774927 0.714815 0.019062 0.035185
5 0.847996 0.982407 0.012708 0.033333
5 0.872678 0.500926 0.045455 0.059259