5 0.174242 0.889815 0.010264 0.022222
5 0.629765 0.855093 0.032747 0.075000
5 0.651760 0.802315 0.020039 0.023148
5 0.892962 0.718981 0.016618 0.034259
5 0.230450 0.559722 0.007331 0.025000
5 0.251222 0.579630 0.045943 0.062963
5 0.751222 0.537500 0.057674 0.089815
5 0.240469 0.477315 0.029326 0.073148
5 0.716276 0.375463 0.031769 0.036111
5 0.235337 0.283796 0.023949 0.039815
5 0.886608 0.224537 0.026393 0.043519
5 0.778837 0.177315 0.025904 0.065741
5 0.563050 0.124074 0.018573 0.040741
5 0.800587 0.043056 0.026393 0.037963
5 0.127322 0.837037 0.065982 0.083333
5 0.796676 0.862963 0.049853 0.087037
5 0.811095 0.631944 0.021994 0.043519
5 0.851417 0.657870 0.056696 0.104630
5 0.942082 0.830556 0.023949 0.040741
5 0.947458 0.553704 0.022972 0.072222
0 0.343597 0.256944 0.375367 0.513889
0 0.463832 0.574074 0.260997 0.683333
0 0.477028 0.796296 0.269795 0.357407