5 0.102395 0.537500 0.022972 0.075000
5 0.131720 0.364815 0.022972 0.033333
5 0.044477 0.227315 0.028348 0.036111
5 0.316227 0.296759 0.028348 0.041667
5 0.030547 0.884259 0.022972 0.042593
5 0.115836 0.882407 0.015640 0.059259
5 0.669355 0.503704 0.034702 0.072222
5 0.701369 0.308796 0.017595 0.049074
5 0.799120 0.485648 0.031281 0.060185
5 0.753910 0.597685 0.041544 0.073148
5 0.793500 0.698611 0.076735 0.145370
5 0.640762 0.617593 0.044966 0.055556
5 0.621457 0.069907 0.039589 0.037963
5 0.720430 0.218056 0.016618 0.030556
5 0.737292 0.099074 0.028837 0.059259
5 0.744135 0.033333 0.021994 0.057407
5 0.745846 0.743519 0.055718 0.116667
5 0.730694 0.893056 0.043988 0.095370
5 0.886608 0.587037 0.043988 0.062963
5 0.926442 0.505556 0.028837 0.055556
5 0.970186 0.493056 0.050831 0.093519
5 0.875611 0.811111 0.015152 0.050000
5 0.951857 0.922685 0.021994 0.071296
5 0.912023 0.965278 0.039101 0.060185
5 0.989003 0.862500 0.015152 0.080556
5 0.764418 0.527778 0.020528 0.027778
5 0.925464 0.587963 0.017107 0.038889
5 0.864858 0.767593 0.021994 0.033333
5 0.850196 0.096296 0.021994 0.033333
5 0.692326 0.156019 0.016129 0.037963
5 0.024682 0.437037 0.048387 0.116667
0 0.422043 0.262500 0.348485 0.513889
0 0.413490 0.624537 0.388074 0.684259
0 0.456012 0.834259 0.284457 0.329630