5 0.384164 0.981944 0.045943 0.034259
5 0.506843 0.896296 0.036168 0.042593
2 0.576246 0.870370 0.028348 0.062963
5 0.509531 0.818981 0.021994 0.036111
5 0.834800 0.792130 0.017595 0.019444
5 0.633920 0.789352 0.013685 0.028704
5 0.783236 0.765741 0.017107 0.025926
5 0.719941 0.749074 0.019550 0.020370
5 0.403470 0.794907 0.021994 0.065741
5 0.751466 0.772685 0.044477 0.076852
5 0.691349 0.755093 0.017107 0.056481
5 0.518817 0.737963 0.017107 0.042593
5 0.634653 0.725463 0.010264 0.028704
5 0.600440 0.725000 0.026882 0.064815
5 0.841887 0.707870 0.028837 0.032407
5 0.695748 0.687500 0.018084 0.037963
5 0.775660 0.667593 0.019550 0.012963
5 0.649804 0.643981 0.008309 0.043519
5 0.150049 0.677778 0.045943 0.062963
5 0.941838 0.653704 0.011730 0.012963
5 0.322825 0.608796 0.010264 0.023148
5 0.851417 0.637500 0.017595 0.058333
5 0.801075 0.616204 0.020528 0.045370
5 0.793500 0.581019 0.013196 0.025000
5 0.133431 0.577315 0.021505 0.032407
5 0.057429 0.539815 0.011241 0.027778
5 0.880743 0.533333 0.021505 0.020370
5 0.280303 0.533796 0.012219 0.036111
5 0.304497 0.527778 0.018573 0.029630
5 0.245357 0.524537 0.016618 0.049074
5 0.859971 0.501852 0.030792 0.042593
5 0.942571 0.468056 0.019062 0.019444
5 0.162268 0.459259 0.014663 0.027778
5 0.216031 0.406019 0.019550 0.028704
5 0.676686 0.387963 0.007331 0.020370
5 0.501222 0.362963 0.018084 0.042593
5 0.879277 0.310185 0.010753 0.029630
5 0.015152 0.190278 0.012708 0.026852
5 0.487781 0.143056 0.010753 0.030556
5 0.943304 0.114815 0.009775 0.022222
5 0.425220 0.100926 0.010753 0.025926
5 0.013685 0.105093 0.027370 0.039815
5 0.572092 0.087963 0.015152 0.029630
5 0.942815 0.079630 0.010753 0.016667
5 0.534213 0.097222 0.019550 0.055556
5 0.886119 0.080556 0.025415 0.037037
5 0.621212 0.080556 0.013685 0.027778
5 0.038856 0.047685 0.019062 0.052778
5 0.537879 0.038426 0.032747 0.039815
5 0.184995 0.024074 0.010264 0.029630
5 0.937928 0.018056 0.030303 0.036111
5 0.592375 0.026389 0.019550 0.052778
5 0.049365 0.541667 0.015640 0.040741
5 0.343353 0.560185 0.035679 0.072222
5 0.371701 0.547685 0.030792 0.062037
5 0.340665 0.675000 0.042033 0.085185
2 0.278592 0.638426 0.017595 0.067593
1 0.260508 0.768056 0.129032 0.241667
5 0.394184 0.752315 0.018084 0.028704
5 0.217253 0.942130 0.020039 0.062037
5 0.195503 0.920833 0.022483 0.062037
5 0.240469 0.677315 0.016618 0.028704
5 0.229961 0.653704 0.021017 0.033333
5 0.243402 0.619444 0.028348 0.031481
5 0.251711 0.902315 0.034213 0.056481
2 0.237292 0.982407 0.021994 0.033333
1 0.284457 0.944907 0.052786 0.108333
1 0.282258 0.258333 0.126588 0.216667
5 0.210899 0.302778 0.046432 0.061111
5 0.232649 0.209259 0.028348 0.051852
5 0.218231 0.231944 0.020039 0.028704
1 0.274194 0.106944 0.151515 0.213889
5 0.336999 0.069907 0.018084 0.032407
5 0.490225 0.957870 0.040078 0.054630
5 0.466276 0.923148 0.032258 0.057407
5 0.459433 0.906019 0.008798 0.032407
5 0.459189 0.872685 0.024927 0.021296
5 0.437928 0.797685 0.021505 0.039815
5 0.457967 0.772222 0.028348 0.037037
5 0.455767 0.737963 0.020039 0.031481
5 0.472630 0.752315 0.023460 0.039815
5 0.527859 0.552778 0.044966 0.051852
5 0.509531 0.599074 0.036657 0.062963
5 0.488759 0.526852 0.045943 0.068519
5 0.498778 0.475926 0.036657 0.050000
5 0.431574 0.274074 0.014663 0.044444
5 0.437195 0.314815 0.032747 0.037037
5 0.467253 0.065278 0.015640 0.034259
5 0.482405 0.049074 0.019550 0.053704
5 0.500978 0.025926 0.038123 0.051852
5 0.491202 0.255556 0.029326 0.053704
5 0.505621 0.268519 0.026882 0.064815
5 0.556207 0.350000 0.023460 0.050000
5 0.575269 0.412037 0.032258 0.096296
5 0.604106 0.284259 0.123167 0.203704
5 0.619257 0.315278 0.013685 0.023148
5 0.589443 0.212037 0.020528 0.042593
5 0.590420 0.163426 0.043988 0.065741
5 0.812561 0.690278 0.033724 0.049074
5 0.790811 0.715741 0.025415 0.046296
5 0.836999 0.538889 0.010264 0.016667
5 0.873167 0.155556 0.027859 0.033333
5 0.861926 0.129630 0.013196 0.025926
5 0.755376 0.528704 0.013196 0.033333
5 0.749267 0.544907 0.014663 0.017593
5 0.734115 0.576852 0.029326 0.040741
5 0.730450 0.618056 0.026882 0.041667
5 0.708456 0.619907 0.014174 0.026852
5 0.700391 0.538426 0.044966 0.082407
5 0.761975 0.842593 0.011730 0.044444
5 0.779081 0.859722 0.016618 0.028704
5 0.793988 0.890741 0.014174 0.042593
5 0.817449 0.898148 0.019062 0.024074
5 0.798387 0.931944 0.020039 0.036111
5 0.800342 0.980093 0.018084 0.036111
5 0.940127 0.700000 0.013196 0.040741
5 0.952835 0.706944 0.013196 0.052778
5 0.950147 0.810185 0.021505 0.024074
5 0.918377 0.972685 0.019550 0.045370
2 0.940616 0.914352 0.111926 0.169444
5 0.883675 0.832407 0.015640 0.035185
4 0.931818 0.500000 0.030792 0.031481
4 0.945015 0.529167 0.017107 0.026852
5 0.959433 0.421296 0.025415 0.074074
5 0.988514 0.431481 0.013196 0.027778
5 0.983627 0.394444 0.018084 0.035185
5 0.997312 0.395833 0.004399 0.030556
5 0.959433 0.331481 0.039101 0.046296
5 0.921799 0.326389 0.026393 0.060185
5 0.926931 0.368519 0.011241 0.027778
5 0.942326 0.363426 0.018573 0.037963
5 0.897849 0.019444 0.013685 0.038889
1 0.784213 0.486574 0.090420 0.110185
5 0.713832 0.248148 0.019062 0.022222
1 0.771994 0.225000 0.164712 0.450000
5 0.921310 0.166204 0.012708 0.045370
5 0.934995 0.191667 0.016618 0.029630
5 0.965298 0.275000 0.027370 0.027778
5 0.956012 0.193519 0.008798 0.014815
5 0.965787 0.156019 0.024438 0.026852
5 0.992424 0.204167 0.014174 0.019444
5 0.976784 0.238426 0.035679 0.054630
5 0.946725 0.215741 0.015640 0.022222