5 0.252933 0.153704 0.045455 0.068519
5 0.276882 0.203241 0.022972 0.043519
5 0.130499 0.209259 0.028348 0.044444
5 0.285679 0.433796 0.026882 0.062037
5 0.265885 0.367593 0.026393 0.057407
5 0.236315 0.498611 0.027859 0.050926
5 0.190127 0.556481 0.022483 0.055556
5 0.164712 0.771296 0.049853 0.059259
5 0.148094 0.843519 0.043988 0.088889
5 0.012463 0.931481 0.017107 0.048148
5 0.006109 0.607407 0.012219 0.048148
5 0.006598 0.721296 0.013196 0.062963
5 0.094086 0.361111 0.027859 0.048148
5 0.033480 0.378704 0.030792 0.044444
5 0.277370 0.733796 0.020039 0.052778
5 0.354839 0.625463 0.018573 0.039815
5 0.390762 0.616667 0.034702 0.051852
0 0.508309 0.187500 0.186706 0.373148
0 0.506598 0.509259 0.146139 0.396296
0 0.517840 0.756481 0.114858 0.481481
2 0.484115 0.947685 0.059140 0.102778
5 0.760020 0.668056 0.028348 0.047222
5 0.822092 0.822685 0.019550 0.037963
5 0.933284 0.864815 0.029814 0.040741
5 0.889296 0.321759 0.033724 0.049074
5 0.771505 0.280093 0.049365 0.084259
5 0.858016 0.246296 0.035679 0.068519
5 0.898827 0.227315 0.041056 0.087963
5 0.966520 0.315278 0.044477 0.082407
5 0.965543 0.154630 0.027859 0.070370
5 0.968964 0.037963 0.053275 0.075926
5 0.906403 0.744444 0.042522 0.079630
5 0.849951 0.585185 0.024438 0.072222
5 0.736559 0.972222 0.034213 0.046296
5 0.772727 0.964815 0.026393 0.068519
5 0.792033 0.787037 0.019062 0.059259
5 0.774194 0.790278 0.018573 0.032407
5 0.958456 0.620833 0.033236 0.062037
5 0.940616 0.666204 0.024927 0.045370
5 0.866325 0.472685 0.021994 0.037963
5 0.905425 0.453704 0.020039 0.046296
5 0.883187 0.444444 0.022483 0.046296
5 0.878299 0.401852 0.055718 0.081481