5 0.450635 0.236111 0.068426 0.092593
5 0.411779 0.283333 0.027859 0.042593
5 0.330890 0.235185 0.031281 0.042593
5 0.447458 0.035185 0.037634 0.068519
5 0.058407 0.067593 0.036657 0.055556
5 0.230938 0.687037 0.040567 0.074074
5 0.033480 0.857407 0.062072 0.090741
5 0.010997 0.753241 0.021017 0.043519
5 0.326002 0.844444 0.043988 0.125926
5 0.370479 0.440741 0.038123 0.096296
5 0.315738 0.333796 0.024438 0.050926
5 0.348729 0.367130 0.027859 0.073148
5 0.513441 0.392593 0.046432 0.101852
5 0.563050 0.413889 0.056696 0.079630
5 0.624633 0.426389 0.054741 0.073148
5 0.540567 0.310185 0.035191 0.037037
5 0.604350 0.286574 0.041544 0.052778
5 0.516129 0.570370 0.037146 0.114815
5 0.501955 0.689815 0.053763 0.064815
5 0.492180 0.847222 0.031281 0.070370
5 0.526393 0.866204 0.023460 0.063889
5 0.417155 0.809722 0.027859 0.041667
5 0.406647 0.931019 0.025415 0.065741
5 0.782502 0.755093 0.049853 0.110185
5 0.895161 0.513426 0.054252 0.139815
5 0.966520 0.659722 0.060117 0.160185
5 0.813050 0.217130 0.027859 0.063889
5 0.780792 0.215278 0.019062 0.041667
5 0.795455 0.256944 0.033724 0.041667
0 0.602639 0.914352 0.298143 0.169444
0 0.555230 0.163426 0.185728 0.325000
5 0.620968 0.152778 0.080645 0.142593
5 0.938172 0.154630 0.035679 0.044444
5 0.145650 0.893981 0.035191 0.071296
5 0.095552 0.954630 0.037634 0.059259
5 0.126344 0.280556 0.033724 0.083333
5 0.929619 0.031019 0.032258 0.052778