5 0.114370 0.268519 0.023460 0.051852
5 0.119013 0.390278 0.035679 0.067593
5 0.108016 0.673148 0.031281 0.053704
5 0.095308 0.711574 0.022483 0.041667
5 0.091887 0.779167 0.024438 0.043519
5 0.150538 0.966667 0.043988 0.064815
5 0.272972 0.774537 0.024927 0.052778
5 0.963099 0.054167 0.036657 0.071296
5 0.905914 0.156481 0.044477 0.053704
5 0.948925 0.318056 0.014174 0.037963
5 0.931818 0.602778 0.026882 0.042593
5 0.918622 0.637037 0.019062 0.037037
5 0.733382 0.848148 0.013196 0.031481
5 0.701613 0.789352 0.007331 0.013889
5 0.724340 0.539352 0.009775 0.010185
5 0.729472 0.400000 0.012219 0.033333
5 0.678152 0.835648 0.007331 0.017593
4 0.577957 0.919907 0.060117 0.062037
5 0.512952 0.610185 0.027859 0.035185
5 0.587488 0.694907 0.018573 0.030556
2 0.554008 0.715278 0.023949 0.069444
2 0.542766 0.161111 0.026882 0.096296
5 0.562805 0.046296 0.056207 0.092593
0 0.530547 0.016204 0.032747 0.032407
0 0.532991 0.246296 0.214565 0.492593
5 0.614125 0.331944 0.019062 0.037963
5 0.649071 0.334722 0.009775 0.012037
5 0.524438 0.098611 0.018573 0.028704
5 0.577468 0.312037 0.005376 0.055556
0 0.555963 0.657407 0.325024 0.683333
5 0.269795 0.192130 0.026393 0.047222
5 0.861926 0.827778 0.006354 0.020370