5 0.023705 0.158333 0.029814 0.059259
5 0.100196 0.083796 0.028348 0.050926
5 0.143206 0.089352 0.040078 0.063889
5 0.049120 0.035185 0.024927 0.037037
5 0.135142 0.263889 0.021017 0.055556
5 0.032258 0.452315 0.034213 0.076852
5 0.043988 0.701852 0.019550 0.046296
5 0.208944 0.714815 0.035679 0.072222
5 0.204301 0.016204 0.044966 0.030556
1 0.247556 0.116204 0.151026 0.223148
5 0.195503 0.240741 0.062561 0.035185
5 0.356305 0.599074 0.045943 0.061111
5 0.455034 0.573148 0.024438 0.048148
1 0.210899 0.870833 0.205767 0.249074
5 0.741691 0.076852 0.047410 0.085185
5 0.778104 0.157870 0.043011 0.063889
5 0.692571 0.262037 0.048876 0.083333
5 0.721896 0.318519 0.031281 0.081481
5 0.686950 0.367130 0.069892 0.112037
5 0.668133 0.437500 0.045943 0.080556
5 0.735582 0.384722 0.042033 0.117593
5 0.732405 0.536574 0.047410 0.050926
5 0.820137 0.423148 0.018573 0.040741
1 0.786168 0.599074 0.064027 0.198148
1 0.777370 0.799537 0.111926 0.197222
1 0.783236 0.944907 0.134409 0.100926
5 0.856794 0.814815 0.026393 0.053704
5 0.897849 0.798611 0.037146 0.086111
5 0.893695 0.635185 0.051320 0.077778
5 0.960411 0.612963 0.047898 0.059259
5 0.960899 0.530093 0.057674 0.099074
5 0.988025 0.623611 0.017107 0.065741
5 0.827713 0.100463 0.017107 0.041667
5 0.677419 0.098611 0.020528 0.041667
5 0.897116 0.255556 0.063050 0.083333
5 0.985582 0.886111 0.021994 0.051852
5 0.933040 0.976852 0.039101 0.037037
1 0.256598 0.296759 0.199413 0.112037
1 0.261730 0.535648 0.208700 0.430556