5 0.717986 0.982870 0.077224 0.032407
5 0.510020 0.982407 0.028837 0.033333
5 0.575758 0.976389 0.026393 0.045370
5 0.139296 0.961111 0.010753 0.025926
5 0.992669 0.928241 0.013685 0.071296
5 0.896872 0.810185 0.029326 0.033333
5 0.004399 0.798148 0.008798 0.059259
5 0.989980 0.810648 0.019062 0.093519
5 0.122434 0.787500 0.059140 0.150926
5 0.583089 0.761111 0.038123 0.127778
5 0.936706 0.695370 0.052297 0.101852
5 0.529814 0.711574 0.016618 0.062037
5 0.895161 0.692593 0.012219 0.027778
5 0.210899 0.670370 0.025904 0.022222
5 0.108749 0.679167 0.049365 0.065741
5 0.604106 0.680093 0.027370 0.082407
5 0.222141 0.590278 0.056207 0.093519
5 0.354839 0.604630 0.053763 0.096296
5 0.858260 0.535648 0.036168 0.047222
5 0.349951 0.509722 0.016618 0.019444
5 0.712366 0.503241 0.019062 0.045370
5 0.493157 0.500926 0.056696 0.059259
5 0.228983 0.510185 0.064027 0.079630
5 0.356794 0.471296 0.047898 0.061111
5 0.407625 0.479630 0.038123 0.094444
5 0.140029 0.485185 0.077713 0.125926
5 0.995846 0.431019 0.007331 0.023148
5 0.402004 0.412963 0.008309 0.020370
5 0.190127 0.386111 0.013685 0.040741
5 0.328446 0.402778 0.021505 0.070370
5 0.284702 0.337037 0.012219 0.024074
5 0.637586 0.333796 0.029814 0.037963
5 0.092131 0.345370 0.031769 0.088889
5 0.163001 0.309259 0.020039 0.059259
5 0.350684 0.324537 0.051320 0.147222
5 0.627566 0.283333 0.059629 0.072222
5 0.056696 0.276389 0.050831 0.089815
5 0.991691 0.293981 0.015640 0.128704
5 0.014907 0.226852 0.027859 0.055556
5 0.678641 0.195370 0.014174 0.018519
5 0.538856 0.200463 0.010264 0.047222
5 0.358749 0.187037 0.022483 0.088889
5 0.933040 0.173611 0.007820 0.019444
5 0.423754 0.165741 0.028348 0.025926
5 0.987048 0.185185 0.024927 0.072222
5 0.203568 0.151389 0.055230 0.086111
5 0.952102 0.006944 0.018573 0.013889
5 0.921799 0.031019 0.021505 0.062037
5 0.039101 0.700463 0.076246 0.050926
1 0.236070 0.946296 0.126100 0.105556
1 0.250978 0.814352 0.127566 0.247222
5 0.286413 0.592593 0.073314 0.170370
5 0.252199 0.651389 0.047898 0.067593
5 0.232405 0.231481 0.036657 0.064815
5 0.211388 0.279167 0.066960 0.104630
1 0.276149 0.141204 0.143695 0.282407
3 0.394673 0.061111 0.099218 0.122222
5 0.436950 0.125000 0.073314 0.059259
5 0.484360 0.207407 0.086999 0.131481
5 0.468719 0.093519 0.039101 0.087037
5 0.509042 0.098148 0.042522 0.105556
5 0.532747 0.883796 0.032258 0.087963
5 0.502444 0.932407 0.037146 0.033333
5 0.452835 0.898611 0.013196 0.058333
5 0.498778 0.666667 0.039589 0.077778
3 0.453812 0.812963 0.123656 0.288889
5 0.500733 0.847685 0.009286 0.017593
5 0.400782 0.780093 0.045943 0.113889
5 0.429863 0.738426 0.023949 0.071296
3 0.354106 0.848611 0.092375 0.237963
5 0.357283 0.791667 0.021505 0.027778
3 0.392717 0.966667 0.112903 0.064815
5 0.465298 0.980093 0.033236 0.036111
5 0.455767 0.318981 0.042522 0.078704
5 0.477028 0.341204 0.039101 0.069444
5 0.500244 0.389352 0.020039 0.043519
5 0.557429 0.081019 0.030792 0.037963
5 0.567937 0.054167 0.088954 0.104630
5 0.614370 0.065741 0.015640 0.053704
5 0.629765 0.033333 0.032747 0.055556
5 0.625122 0.154167 0.062561 0.110185
5 0.660313 0.229167 0.028348 0.086111
5 0.702102 0.097222 0.044477 0.101852
5 0.719941 0.022222 0.052786 0.044444
5 0.575513 0.181019 0.043500 0.115741
5 0.647361 0.433796 0.037634 0.052778
5 0.554985 0.520833 0.055230 0.065741
5 0.565249 0.550000 0.022972 0.038889
5 0.565738 0.268519 0.044477 0.075926
5 0.578201 0.315741 0.031281 0.059259
3 0.566227 0.404167 0.136364 0.239815
5 0.651515 0.636111 0.022483 0.055556
5 0.653715 0.582407 0.054252 0.066667
5 0.694526 0.633333 0.070381 0.074074
5 0.708456 0.693519 0.026882 0.044444
5 0.728250 0.691667 0.018573 0.048148
5 0.604594 0.881019 0.045943 0.086111
5 0.643939 0.869907 0.066960 0.117593
5 0.617546 0.978241 0.032747 0.041667
5 0.604594 0.951852 0.029326 0.037037
5 0.657380 0.956019 0.039101 0.084259
5 0.698192 0.826852 0.021017 0.029630
5 0.705523 0.895833 0.037634 0.108333
5 0.824047 0.975000 0.031281 0.040741
5 0.863636 0.872222 0.088954 0.161111
1 0.789589 0.806481 0.064027 0.164815
5 0.748289 0.778241 0.038123 0.100926
5 0.909335 0.984259 0.015152 0.016667
5 0.919355 0.938426 0.020528 0.030556
5 0.934018 0.949537 0.015640 0.026852
5 0.930352 0.905556 0.019062 0.027778
5 0.935728 0.871296 0.060117 0.070370
5 0.924731 0.711574 0.005865 0.017593
5 0.850196 0.759259 0.037634 0.074074
5 0.881232 0.759722 0.029326 0.047222
1 0.810606 0.643056 0.133431 0.162037
5 0.877322 0.674074 0.048876 0.061111
1 0.796676 0.506481 0.086999 0.172222
5 0.844819 0.468519 0.010264 0.042593
5 0.829179 0.411574 0.044477 0.054630
5 0.784213 0.418981 0.031769 0.099074
5 0.807918 0.374074 0.009775 0.018519
5 0.714565 0.402778 0.034213 0.107407
5 0.879277 0.400926 0.036168 0.114815
5 0.863392 0.338426 0.046432 0.126852
5 0.909091 0.348148 0.056696 0.109259
5 0.949658 0.419907 0.070381 0.108333
5 0.948680 0.262500 0.061584 0.095370
5 0.717498 0.178241 0.067449 0.102778
5 0.712366 0.278241 0.099218 0.143519
5 0.739492 0.392130 0.044966 0.086111
5 0.759775 0.324537 0.062072 0.071296
1 0.815738 0.200000 0.126100 0.209259
3 0.892962 0.166204 0.063539 0.186111
5 0.760020 0.084722 0.044966 0.062037
5 0.804741 0.053241 0.090420 0.097222
5 0.787634 0.119444 0.052297 0.066667
3 0.864370 0.046759 0.053275 0.084259
5 0.856061 0.120370 0.028837 0.048148
5 0.767107 0.032407 0.041544 0.064815
1 0.827957 0.012500 0.057674 0.025000
5 0.996090 0.011574 0.005865 0.019444
5 0.954301 0.147222 0.037634 0.061111
5 0.964809 0.110648 0.049853 0.067593
5 0.993891 0.074074 0.011241 0.064815
5 0.961388 0.047685 0.026393 0.015741
5 0.943060 0.637500 0.046432 0.056481
5 0.909335 0.505556 0.040567 0.077778
5 0.986315 0.730093 0.026393 0.049074
5 0.953324 0.775926 0.015152 0.020370
5 0.984360 0.655556 0.028348 0.129630
5 0.956989 0.594907 0.020528 0.034259
5 0.966764 0.525926 0.064516 0.096296
5 0.989247 0.591667 0.018573 0.035185