0 0.637586 0.223611 0.212610 0.402778
5 0.535191 0.668519 0.029326 0.133333
5 0.630499 0.304167 0.029326 0.069444
5 0.781525 0.342593 0.036168 0.062963
5 0.809384 0.471296 0.033236 0.066667
5 0.785924 0.543056 0.049853 0.060185
5 0.816227 0.637037 0.038123 0.046296
5 0.750733 0.711574 0.030303 0.039815
5 0.915689 0.718981 0.032747 0.047222
5 0.929130 0.592593 0.031281 0.051852
5 0.945259 0.386574 0.029326 0.050926
5 0.958456 0.305093 0.045943 0.073148
5 0.983382 0.393056 0.026393 0.054630
5 0.986559 0.478704 0.021017 0.070370
5 0.989003 0.552778 0.015152 0.053704
5 0.990469 0.656944 0.010264 0.041667
5 0.964321 0.679167 0.021505 0.054630
5 0.895894 0.831481 0.016618 0.068519
5 0.932307 0.959259 0.035679 0.059259
5 0.976540 0.937963 0.034213 0.053704
5 0.926442 0.257407 0.026882 0.059259
5 0.899804 0.228241 0.036168 0.047222
5 0.889785 0.073611 0.046432 0.052778
5 0.904692 0.027315 0.024438 0.049074
5 0.854594 0.074537 0.042522 0.080556
5 0.904692 0.137963 0.019550 0.024074
5 0.772239 0.867593 0.029326 0.048148
5 0.638074 0.930093 0.046432 0.102778
5 0.611193 0.974074 0.032747 0.046296
5 0.529814 0.981019 0.039101 0.032407
5 0.407869 0.800463 0.021017 0.041667
5 0.291544 0.882407 0.027859 0.059259
5 0.286657 0.968981 0.040567 0.052778
5 0.491935 0.366667 0.040567 0.094444
5 0.376100 0.260185 0.026882 0.053704
5 0.322581 0.251389 0.026393 0.056481
5 0.330890 0.329167 0.022483 0.050926
5 0.075758 0.132870 0.035191 0.075000
5 0.138563 0.014815 0.055230 0.027778
5 0.314027 0.528241 0.032747 0.052778
5 0.291056 0.787500 0.028837 0.041667
5 0.133920 0.204630 0.020528 0.033333
5 0.494868 0.181944 0.027859 0.054630
5 0.989492 0.116204 0.015152 0.047222
5 0.514907 0.584722 0.034702 0.050926
5 0.446237 0.850926 0.023460 0.027778
5 0.774438 0.944444 0.023949 0.048148
5 0.510264 0.725000 0.020528 0.070370
0 0.639785 0.555093 0.215054 0.375000
0 0.662268 0.792593 0.341153 0.201852