5 0.137097 0.071759 0.043500 0.121296
5 0.133675 0.148148 0.038612 0.027778
5 0.174242 0.234722 0.069892 0.097222
5 0.084555 0.383333 0.043011 0.116667
5 0.183773 0.381944 0.100684 0.100926
5 0.200635 0.517130 0.044477 0.069444
5 0.288368 0.550463 0.046921 0.075000
5 0.277370 0.835185 0.108993 0.244444
5 0.364614 0.413426 0.043988 0.108333
5 0.356061 0.052315 0.038612 0.095370
5 0.463343 0.181019 0.036168 0.080556
1 0.455279 0.351389 0.111926 0.217593
5 0.433529 0.449074 0.068426 0.118519
1 0.488759 0.626852 0.165200 0.190741
5 0.405181 0.961574 0.045943 0.047222
5 0.474096 0.936111 0.137830 0.107407
5 0.593842 0.796296 0.057674 0.170370
5 0.737048 0.503704 0.043011 0.142593
5 0.650782 0.587963 0.046432 0.077778
5 0.681329 0.221296 0.054741 0.064815
5 0.731427 0.250926 0.036657 0.064815
5 0.811584 0.082407 0.069892 0.074074
5 0.311095 0.442130 0.037634 0.054630
1 0.486804 0.036111 0.130987 0.072222