1 0.242669 0.327315 0.138319 0.195370
1 0.253910 0.112037 0.121701 0.218519
5 0.473118 0.471759 0.094819 0.180556
5 0.391740 0.514352 0.041544 0.082407
5 0.437683 0.309722 0.023949 0.041667
5 0.456989 0.211111 0.042033 0.068519
5 0.414223 0.109259 0.026882 0.055556
5 0.436217 0.076852 0.021994 0.050000
5 0.404692 0.037963 0.042033 0.075926
5 0.322092 0.159259 0.030303 0.038889
5 0.312072 0.095370 0.035679 0.066667
5 0.465054 0.131481 0.034702 0.062963
5 0.512463 0.087500 0.037634 0.076852
5 0.378543 0.371296 0.035679 0.027778
5 0.277615 0.229630 0.018573 0.048148
5 0.175709 0.110648 0.022972 0.047222
5 0.171554 0.049074 0.031281 0.048148
5 0.067693 0.378241 0.019062 0.032407
5 0.173021 0.557407 0.038123 0.074074
5 0.149071 0.559259 0.032258 0.096296
5 0.121457 0.603241 0.040567 0.084259
5 0.124633 0.751389 0.042033 0.039815
5 0.111193 0.907870 0.045455 0.054630
5 0.100196 0.950000 0.035191 0.081481
5 0.271505 0.839815 0.045455 0.055556
1 0.262463 0.724537 0.086999 0.104630
1 0.235582 0.560648 0.105572 0.234259
1 0.290078 0.969907 0.110948 0.058333
5 0.370723 0.754167 0.032747 0.089815
5 0.331867 0.688426 0.026393 0.060185
5 0.449413 0.596759 0.020039 0.043519
5 0.490469 0.625000 0.034702 0.046296
5 0.530547 0.749074 0.050342 0.096296
5 0.439883 0.738426 0.044966 0.112037
5 0.419110 0.436574 0.031769 0.062037
5 0.389541 0.876389 0.042033 0.049074
5 0.457967 0.854630 0.042033 0.070370
5 0.439150 0.655093 0.021017 0.041667
5 0.546188 0.587963 0.030792 0.057407
5 0.473607 0.358333 0.026393 0.033333
5 0.498778 0.333796 0.014174 0.037963
5 0.589198 0.218519 0.049365 0.114815
5 0.614125 0.164815 0.028837 0.081481
5 0.576491 0.101389 0.044477 0.087963
5 0.540811 0.141204 0.038612 0.062037
5 0.525171 0.204167 0.029814 0.058333
5 0.489980 0.140278 0.017107 0.047222
5 0.609971 0.372222 0.030303 0.048148
5 0.652981 0.352778 0.023460 0.088889
5 0.716520 0.443056 0.029326 0.049074
5 0.695503 0.461574 0.041056 0.063889
5 0.693793 0.527778 0.037634 0.068519
5 0.666422 0.537500 0.026882 0.078704
5 0.594330 0.638889 0.022483 0.074074
5 0.571848 0.588426 0.025415 0.065741
5 0.698436 0.739815 0.043988 0.127778
5 0.650538 0.694907 0.032258 0.073148
5 0.660802 0.826389 0.043011 0.076852
5 0.588710 0.720833 0.023949 0.054630
5 0.542766 0.967130 0.030792 0.052778
5 0.586755 0.395833 0.029814 0.037963
1 0.788368 0.711111 0.096774 0.137037
1 0.777859 0.539815 0.099218 0.285185
1 0.792278 0.376389 0.062561 0.143519
1 0.783969 0.081944 0.079179 0.163889
5 0.685973 0.089815 0.057185 0.094444
5 0.701857 0.026852 0.023460 0.044444
5 0.801564 0.237037 0.032258 0.050000
5 0.744135 0.261111 0.023949 0.046296
5 0.715787 0.281944 0.019062 0.039815
5 0.865591 0.211574 0.043988 0.113889
5 0.852395 0.386574 0.017595 0.050926
5 0.911535 0.371296 0.049853 0.100000
5 0.956256 0.507870 0.058162 0.095370
5 0.950391 0.417130 0.039589 0.076852
5 0.962610 0.349537 0.040567 0.063889
5 0.927419 0.647222 0.039589 0.070370
5 0.891740 0.693981 0.028837 0.087963
5 0.913245 0.820833 0.048387 0.075000
5 0.914956 0.903241 0.056696 0.087963
5 0.846530 0.814815 0.043011 0.096296
5 0.887586 0.792593 0.037146 0.105556
5 0.816227 0.926852 0.044966 0.074074
5 0.797898 0.852778 0.059140 0.094444
5 0.721652 0.972222 0.051320 0.050000
5 0.750244 0.870833 0.031281 0.093519
5 0.976540 0.903704 0.038123 0.107407
5 0.959922 0.810648 0.030303 0.062037
5 0.988025 0.814815 0.017107 0.070370
5 0.984604 0.666204 0.024927 0.067593
5 0.956745 0.177778 0.042522 0.072222
5 0.928152 0.133796 0.074291 0.089815
5 0.891007 0.066667 0.035191 0.053704
5 0.987048 0.405556 0.017107 0.087037
5 0.888807 0.487037 0.037634 0.061111
5 0.937928 0.975000 0.031281 0.044444
5 0.252444 0.935648 0.022972 0.049074
5 0.176197 0.664815 0.021017 0.046296
1 0.266618 0.448611 0.089443 0.139815