5 0.956745 0.595370 0.035679 0.035185
5 0.816227 0.528704 0.012708 0.025926
5 0.253421 0.492593 0.030792 0.083333
5 0.870235 0.447222 0.016129 0.035185
5 0.006109 0.418056 0.012219 0.063889
5 0.423754 0.333796 0.007820 0.019444
5 0.419355 0.248611 0.012708 0.023148
5 0.338221 0.212963 0.024438 0.068519
5 0.011486 0.060185 0.020039 0.079630
5 0.285924 0.085185 0.047898 0.074074
5 0.768817 0.072685 0.013685 0.041667
5 0.087977 0.251852 0.026393 0.038889
5 0.255376 0.817130 0.022972 0.045370
0 0.465787 0.930556 0.054741 0.133333
0 0.551075 0.842130 0.113881 0.310185
0 0.537146 0.501389 0.225806 0.428704
5 0.601173 0.332407 0.025415 0.051852
1 0.556940 0.157407 0.303519 0.312963
5 0.937928 0.874074 0.017595 0.037037