5 0.057185 0.064352 0.034213 0.058333
5 0.089932 0.119444 0.012708 0.031481
5 0.107527 0.163889 0.012708 0.038889
5 0.023949 0.246296 0.014663 0.050000
5 0.086999 0.264352 0.021505 0.052778
5 0.065738 0.433333 0.013196 0.024074
5 0.052542 0.536574 0.017107 0.032407
5 0.165934 0.734722 0.010264 0.043519
5 0.057429 0.867593 0.025904 0.079630
5 0.117546 0.949074 0.019062 0.033333
5 0.166422 0.957870 0.022972 0.032407
5 0.059629 0.983333 0.012708 0.031481
5 0.362414 0.087963 0.025904 0.046296
5 0.252688 0.410648 0.030303 0.063889
5 0.328446 0.651389 0.020528 0.056481
5 0.313539 0.718056 0.036657 0.032407
5 0.311584 0.762963 0.020039 0.031481
5 0.247067 0.901852 0.042522 0.057407
5 0.309140 0.900463 0.026882 0.015741
5 0.307674 0.925926 0.027859 0.051852
5 0.375367 0.890278 0.036168 0.108333
0 0.401760 0.923611 0.038123 0.150926
0 0.386119 0.906944 0.048876 0.184259
0 0.560606 0.900463 0.420332 0.197222
5 0.400049 0.614352 0.029814 0.067593
5 0.532502 0.785185 0.020039 0.059259
5 0.463099 0.568056 0.025904 0.078704
5 0.484604 0.459722 0.016129 0.065741
5 0.549609 0.562963 0.034702 0.055556
5 0.532502 0.584722 0.017107 0.034259
0 0.504643 0.592130 0.328935 0.595370
5 0.323069 0.192593 0.013685 0.035185
5 0.316471 0.287037 0.013196 0.031481
5 0.408113 0.008333 0.010753 0.016667
5 0.432307 0.010648 0.030792 0.021296
5 0.449902 0.108333 0.033724 0.075926
5 0.489247 0.023611 0.039101 0.045370
0 0.530303 0.029167 0.020528 0.056481
5 0.543744 0.003704 0.006354 0.007407
5 0.559873 0.006019 0.011241 0.012037
0 0.615347 0.084259 0.097752 0.168519
5 0.515640 0.101852 0.010753 0.040741
5 0.506598 0.171759 0.023949 0.036111
5 0.535191 0.200000 0.030303 0.118519
5 0.548876 0.139352 0.034213 0.065741
5 0.638807 0.217593 0.064516 0.133333
5 0.554497 0.314815 0.036657 0.087037
0 0.563783 0.324537 0.253666 0.465741
5 0.651515 0.791204 0.013685 0.025000
5 0.993402 0.015741 0.012219 0.027778
5 0.949169 0.145370 0.042033 0.090741
5 0.969453 0.148611 0.021017 0.041667
5 0.753666 0.444907 0.027370 0.062037
5 0.783236 0.446296 0.041544 0.062963
5 0.871701 0.335185 0.017107 0.038889
5 0.851906 0.635648 0.017595 0.063889
5 0.796921 0.560185 0.052297 0.090741
5 0.807429 0.520833 0.033236 0.030556
5 0.907869 0.899537 0.031769 0.071296
5 0.877322 0.914352 0.044966 0.089815
5 0.870479 0.980556 0.012708 0.033333
5 0.889785 0.992130 0.009286 0.013889
0 0.772239 0.994444 0.022483 0.009259
5 0.989003 0.470833 0.020039 0.060185
5 0.987048 0.305093 0.024927 0.071296
5 0.987537 0.348611 0.021017 0.026852
5 0.954301 0.370833 0.022972 0.028704
5 0.963099 0.401852 0.053275 0.079630
5 0.952102 0.412037 0.018573 0.024074
5 0.903226 0.289815 0.007820 0.038889