5 0.943793 0.983333 0.015640 0.024074
5 0.959433 0.976389 0.017595 0.045370
5 0.901271 0.878704 0.016618 0.031481
5 0.989247 0.782407 0.008798 0.059259
5 0.362414 0.602315 0.024927 0.030556
5 0.693548 0.593981 0.029326 0.034259
5 0.817204 0.541204 0.023460 0.054630
5 0.825758 0.424537 0.020039 0.023148
5 0.904203 0.423148 0.056696 0.055556
5 0.091887 0.358796 0.024438 0.028704
5 0.539101 0.229630 0.021505 0.044444
5 0.804985 0.167593 0.026393 0.037037
5 0.005865 0.046759 0.011730 0.028704
5 0.013441 0.021296 0.015152 0.033333
5 0.993646 0.038426 0.011730 0.049074
0 0.700635 0.025926 0.014174 0.051852
0 0.603861 0.135648 0.186217 0.271296
5 0.209677 0.006944 0.012708 0.013889
5 0.194770 0.007407 0.015152 0.014815
5 0.072092 0.011111 0.021994 0.022222
5 0.090909 0.096759 0.035191 0.063889
5 0.368768 0.059722 0.037634 0.056481
5 0.361681 0.079630 0.012708 0.029630
5 0.340909 0.914352 0.022972 0.034259
5 0.019306 0.863426 0.022972 0.041667
5 0.036168 0.878704 0.011730 0.022222
0 0.692326 0.906944 0.298631 0.184259
0 0.555230 0.716667 0.194526 0.553704
0 0.563294 0.584259 0.246823 0.501852
5 0.624633 0.692593 0.017595 0.033333
5 0.580645 0.625926 0.017595 0.033333
5 0.605083 0.772222 0.026393 0.031481
5 0.504888 0.375000 0.050831 0.085185
5 0.529570 0.369444 0.038612 0.079630
5 0.542522 0.352315 0.039101 0.075000
5 0.498778 0.282870 0.007331 0.037963