5 0.062805 0.160185 0.020039 0.057407
5 0.117791 0.450926 0.028348 0.046296
5 0.329668 0.804630 0.054252 0.114815
0 0.475806 0.823148 0.283969 0.350000
0 0.532014 0.750000 0.199902 0.481481
5 0.437439 0.780556 0.040078 0.079630
5 0.683040 0.914815 0.039589 0.079630
3 0.494868 0.497685 0.027859 0.065741
5 0.360704 0.648611 0.017595 0.041667
5 0.397605 0.463889 0.016129 0.033333
5 0.386852 0.328704 0.054252 0.083333
5 0.469941 0.202315 0.089443 0.204630
0 0.331623 0.088426 0.027859 0.176852
0 0.546432 0.242130 0.359726 0.421296
0 0.568671 0.120370 0.224340 0.240741
5 0.779326 0.040741 0.032747 0.066667
5 0.844086 0.792130 0.010753 0.034259