1 0.306452 0.108796 0.145650 0.215741
1 0.265885 0.928241 0.098729 0.137963
5 0.115836 0.349537 0.052786 0.073148
5 0.076979 0.324537 0.030792 0.052778
5 0.052053 0.679167 0.045455 0.086111
5 0.030547 0.801852 0.060117 0.114815
5 0.176197 0.818981 0.035679 0.062037
5 0.535924 0.801389 0.022972 0.097222
5 0.521994 0.942130 0.030303 0.087963
5 0.316960 0.866667 0.038612 0.085185
5 0.372434 0.593519 0.036168 0.042593
5 0.363148 0.519907 0.024438 0.056481
5 0.414223 0.412037 0.038612 0.066667
5 0.455034 0.663889 0.034213 0.062963
5 0.574536 0.912500 0.021994 0.050926
5 0.673509 0.959722 0.038123 0.056481
5 0.658847 0.777315 0.028348 0.052778
5 0.729228 0.770370 0.031281 0.035185
5 0.739247 0.697685 0.027859 0.052778
5 0.681574 0.605556 0.028837 0.057407
5 0.635630 0.633333 0.022972 0.055556
5 0.564027 0.556481 0.036168 0.046296
5 0.583822 0.498611 0.026882 0.041667
5 0.621701 0.418981 0.020528 0.034259
5 0.586510 0.436574 0.036168 0.087963
5 0.537879 0.446296 0.039589 0.072222
5 0.503910 0.439815 0.022483 0.055556
5 0.475806 0.415741 0.035679 0.081481
5 0.478495 0.360648 0.023460 0.050926
5 0.344086 0.268056 0.032258 0.037963
5 0.340176 0.201852 0.044966 0.042593
5 0.556696 0.097685 0.023460 0.030556
5 0.420577 0.071759 0.022972 0.050926
5 0.657869 0.047685 0.025415 0.045370
5 0.986070 0.448611 0.021994 0.067593
5 0.987537 0.373611 0.011241 0.041667
5 0.987537 0.174074 0.018084 0.048148
1 0.750244 0.200926 0.061584 0.088889
5 0.725318 0.162037 0.030303 0.055556
5 0.592864 0.208333 0.032258 0.055556
5 0.498045 0.200000 0.017595 0.050000
5 0.414956 0.210648 0.032258 0.047222
5 0.061339 0.074074 0.050342 0.072222
5 0.035679 0.122685 0.030303 0.049074
1 0.278104 0.712500 0.222874 0.243519
1 0.255132 0.424537 0.173021 0.450926
5 0.404448 0.776852 0.012219 0.035185
5 0.409580 0.646759 0.014663 0.019444
5 0.519306 0.644907 0.037634 0.075000
5 0.490469 0.676389 0.049365 0.097222
5 0.521750 0.581944 0.034702 0.037963
5 0.523216 0.549537 0.030792 0.063889
5 0.532747 0.504167 0.014663 0.034259
5 0.517595 0.415741 0.019550 0.038889
5 0.543255 0.368056 0.035679 0.062037
5 0.519550 0.375000 0.027370 0.040741
5 0.533724 0.250000 0.036168 0.046296
5 0.508065 0.283796 0.044477 0.086111
5 0.544966 0.021759 0.022483 0.043519
5 0.532258 0.033333 0.025415 0.044444
5 0.673509 0.329167 0.018573 0.047222
5 0.700147 0.320370 0.028837 0.053704
1 0.830156 0.906944 0.091398 0.171296
1 0.804252 0.734722 0.095308 0.221296
1 0.841642 0.573611 0.196481 0.265741
1 0.768084 0.358333 0.090420 0.225926
1 0.820626 0.221296 0.086022 0.403704
1 0.846530 0.075463 0.175953 0.149074