5 0.033969 0.081481 0.037634 0.042593
1 0.034457 0.263426 0.068915 0.304630
5 0.103861 0.328241 0.032747 0.063889
1 0.030792 0.417593 0.061584 0.212963
1 0.042033 0.568519 0.084066 0.240741
1 0.014174 0.780556 0.028348 0.070370
1 0.029326 0.895370 0.058651 0.098148
5 0.164467 0.842593 0.041544 0.046296
5 0.368280 0.677315 0.045455 0.052778
5 0.316227 0.324074 0.028348 0.085185
5 0.363392 0.469907 0.042522 0.076852
5 0.393695 0.549074 0.020039 0.037037
5 0.461632 0.445370 0.039589 0.064815
5 0.381476 0.071759 0.045455 0.102778
1 0.515885 0.910185 0.157869 0.175926
1 0.565249 0.739352 0.083578 0.160185
5 0.485093 0.762963 0.026882 0.042593
1 0.519062 0.620833 0.070381 0.223148
1 0.572092 0.461111 0.069892 0.374074
1 0.590176 0.272685 0.110948 0.260185
1 0.586755 0.038889 0.059140 0.077778
5 0.579912 0.111111 0.043500 0.064815
5 0.840909 0.678704 0.017107 0.040741
5 0.857038 0.656019 0.022972 0.049074
5 0.750000 0.564815 0.021017 0.079630
5 0.867791 0.462500 0.032747 0.047222
5 0.853128 0.397685 0.042522 0.080556
5 0.868280 0.297685 0.050342 0.080556