1 0.513196 0.532407 0.182796 0.209259
1 0.500978 0.761574 0.125122 0.382407
1 0.511975 0.234722 0.109971 0.121296
1 0.519062 0.096759 0.137830 0.191667
1 0.027370 0.268519 0.054741 0.338889
1 0.016129 0.028704 0.029326 0.057407
5 0.252199 0.862037 0.081134 0.094444
5 0.301320 0.740278 0.041544 0.078704
5 0.344086 0.654630 0.037146 0.057407
5 0.291789 0.917593 0.043988 0.081481
5 0.193060 0.930093 0.048876 0.130556
5 0.142229 0.955556 0.030303 0.070370
5 0.227517 0.641667 0.047410 0.090741
5 0.105327 0.658796 0.050342 0.100926
5 0.200391 0.516667 0.018573 0.040741
5 0.095064 0.497222 0.054252 0.116667
5 0.328201 0.424074 0.064027 0.064815
5 0.296432 0.340741 0.074780 0.148148
5 0.228983 0.348611 0.065005 0.154630
5 0.255865 0.210648 0.051320 0.089815
5 0.297654 0.093056 0.045943 0.104630
5 0.281281 0.024537 0.039589 0.049074
5 0.413001 0.039352 0.024438 0.054630
5 0.358749 0.021296 0.031281 0.037037
5 0.172287 0.165741 0.029814 0.053704
5 0.095552 0.065278 0.027859 0.063889
5 0.103861 0.354630 0.022972 0.044444
5 0.075758 0.254167 0.037146 0.039815
5 0.097996 0.180093 0.022972 0.060185
5 0.068426 0.843981 0.029326 0.063889
5 0.011486 0.727315 0.020039 0.099074
5 0.704790 0.277315 0.040078 0.112037
5 0.784457 0.520370 0.048876 0.083333
5 0.844086 0.805093 0.033236 0.067593
5 0.777126 0.877315 0.055718 0.073148
5 0.661779 0.198148 0.027370 0.046296
5 0.620723 0.027315 0.048876 0.049074
5 0.600196 0.372222 0.068426 0.079630
5 0.536901 0.334722 0.030792 0.062037
5 0.582111 0.797685 0.043988 0.087963
5 0.710411 0.852315 0.052297 0.100926
5 0.632454 0.925000 0.024438 0.048148
5 0.847752 0.216204 0.035679 0.071296
5 0.822336 0.088889 0.052297 0.101852
5 0.836510 0.311111 0.053275 0.070370
5 0.673754 0.287963 0.016129 0.037037
5 0.361681 0.193981 0.023460 0.021296
5 0.298387 0.561111 0.017107 0.035185
5 0.352395 0.388426 0.013685 0.041667
5 0.471408 0.338426 0.024927 0.089815
1 0.506354 0.384259 0.061584 0.153704