0 0.449658 0.952315 0.029326 0.093519
5 0.680841 0.830556 0.009775 0.027778
0 0.509042 0.891667 0.278104 0.214815
5 0.586266 0.761111 0.012219 0.024074
5 0.493646 0.731019 0.009775 0.023148
5 0.256598 0.742130 0.032258 0.049074
5 0.108993 0.693519 0.021505 0.075926
5 0.767351 0.572685 0.011730 0.034259
5 0.539345 0.501389 0.010264 0.023148
5 0.263441 0.152315 0.015640 0.028704
5 0.617302 0.138426 0.011730 0.017593
5 0.239003 0.036574 0.013685 0.032407
0 0.509531 0.642593 0.318182 0.225926
5 0.020039 0.116204 0.024438 0.054630
5 0.118280 0.219444 0.040078 0.070370
5 0.102151 0.360185 0.037146 0.062963
5 0.119013 0.458333 0.037634 0.059259
5 0.106305 0.527778 0.038612 0.053704
5 0.153959 0.530093 0.038123 0.063889
5 0.216276 0.033333 0.028837 0.059259
5 0.239247 0.008796 0.016129 0.017593
5 0.435239 0.090741 0.028837 0.066667
2 0.558895 0.710648 0.054252 0.023148
0 0.530547 0.264352 0.107038 0.528704
5 0.834066 0.156944 0.051320 0.075000
5 0.932796 0.719444 0.067937 0.094444
5 0.967742 0.609259 0.020528 0.035185
5 0.955523 0.522685 0.029326 0.078704