2 0.031281 0.121296 0.062561 0.120370
2 0.020772 0.163426 0.041544 0.193519
5 0.161779 0.100463 0.036168 0.050926
5 0.166911 0.106019 0.018084 0.049074
5 0.229472 0.021296 0.038612 0.040741
5 0.228495 0.245833 0.038612 0.043519
5 0.212610 0.138889 0.025415 0.031481
5 0.233627 0.150000 0.039101 0.070370
5 0.221408 0.343519 0.022483 0.053704
5 0.165445 0.373611 0.009286 0.032407
5 0.190371 0.370370 0.014174 0.035185
2 0.032014 0.433796 0.064027 0.128704
5 0.161779 0.448148 0.031281 0.042593
5 0.185973 0.434259 0.024927 0.033333
5 0.230938 0.452778 0.015152 0.035185
5 0.190616 0.504630 0.015640 0.018519
5 0.242180 0.513889 0.033724 0.035185
5 0.226784 0.551389 0.021505 0.021296
5 0.004888 0.475463 0.009775 0.023148
5 0.101173 0.583796 0.040078 0.058333
5 0.076735 0.597685 0.019550 0.039815
5 0.122434 0.622222 0.032747 0.042593
5 0.036901 0.604630 0.021994 0.033333
5 0.083333 0.770833 0.014174 0.026852
5 0.131720 0.851389 0.019062 0.021296
5 0.024927 0.792593 0.027370 0.064815
5 0.160557 0.638426 0.013196 0.021296
5 0.335288 0.989815 0.016618 0.016667
5 0.308407 0.882407 0.038123 0.085185
5 0.327224 0.846296 0.046432 0.046296
5 0.360459 0.873611 0.021017 0.039815
5 0.407136 0.764352 0.017595 0.080556
5 0.436217 0.832870 0.021017 0.043519
5 0.388563 0.589352 0.040078 0.058333
5 0.424731 0.649074 0.030303 0.057407
5 0.444526 0.588426 0.032747 0.041667
5 0.325269 0.334259 0.017107 0.057407
5 0.341887 0.338426 0.032747 0.073148
5 0.329423 0.381481 0.026393 0.057407
5 0.298631 0.201852 0.022483 0.066667
5 0.328446 0.152778 0.030303 0.037037
5 0.379032 0.215278 0.021994 0.050926
5 0.428641 0.206019 0.042033 0.045370
5 0.409091 0.113889 0.017595 0.037037
5 0.459189 0.115741 0.019062 0.046296
5 0.434506 0.184722 0.014663 0.017593
5 0.453812 0.163889 0.015152 0.022222
5 0.463343 0.234722 0.010753 0.030556
5 0.366325 0.005093 0.020039 0.010185
5 0.377077 0.015741 0.021994 0.031481
5 0.419355 0.063426 0.009775 0.017593
5 0.483871 0.918056 0.020528 0.075000
5 0.484115 0.977778 0.013196 0.040741
1 0.542033 0.858796 0.139785 0.280556
5 0.499267 0.625463 0.054252 0.052778
5 0.485826 0.641204 0.014663 0.028704
5 0.492913 0.661574 0.021017 0.026852
5 0.506109 0.608333 0.024927 0.074074
5 0.486315 0.556019 0.023460 0.058333
5 0.631720 0.555556 0.044477 0.088889
5 0.649804 0.470833 0.021017 0.037963
5 0.691105 0.647222 0.011730 0.029630
1 0.540078 0.566204 0.106549 0.219444
1 0.545455 0.426389 0.128055 0.237963
1 0.579668 0.356019 0.117302 0.239815
1 0.579668 0.280093 0.192571 0.167593
1 0.563783 0.104630 0.099218 0.207407
5 0.604594 0.063889 0.013685 0.012963
5 0.508065 0.089815 0.019062 0.029630
5 0.712366 0.113426 0.075758 0.173148
5 0.744624 0.455093 0.024927 0.080556
5 0.866325 0.395370 0.029814 0.046296
5 0.841398 0.427315 0.018084 0.050926
5 0.712610 0.610648 0.007820 0.012037
5 0.784213 0.862037 0.013196 0.022222
5 0.894184 0.689352 0.026882 0.054630
5 0.916911 0.684722 0.020528 0.030556
1 0.983871 0.843981 0.030303 0.136111
4 0.965054 0.778704 0.025904 0.061111
1 0.985093 0.596759 0.027859 0.145370
5 0.986315 0.392130 0.025415 0.047222
5 0.996334 0.428704 0.006354 0.029630
5 0.934262 0.129167 0.015152 0.021296
5 0.920088 0.020833 0.029814 0.041667