1 0.237537 0.925926 0.117302 0.138889
5 0.221652 0.723611 0.040567 0.080556
4 0.065249 0.634259 0.025904 0.044444
5 0.037634 0.572685 0.039101 0.075000
5 0.124633 0.651852 0.025415 0.044444
5 0.241935 0.544907 0.058651 0.076852
5 0.251466 0.411574 0.034702 0.056481
5 0.304497 0.461574 0.037146 0.067593
5 0.277859 0.391204 0.025904 0.060185
5 0.150049 0.257870 0.069404 0.126852
5 0.141251 0.336574 0.073314 0.076852
5 0.017840 0.337037 0.029814 0.061111
5 0.022239 0.449074 0.022972 0.070370
5 0.010020 0.223148 0.020039 0.070370
5 0.018084 0.068981 0.024438 0.052778
5 0.151760 0.058796 0.038612 0.063889
5 0.133920 0.161574 0.027370 0.039815
2 0.249511 0.190741 0.116813 0.161111
5 0.295943 0.134722 0.042522 0.091667
5 0.266373 0.082407 0.030303 0.035185
1 0.261730 0.041204 0.071848 0.082407
5 0.319648 0.619907 0.050831 0.108333
5 0.225562 0.643056 0.053275 0.113889
1 0.275171 0.709259 0.063539 0.300000
5 0.201857 0.493981 0.022483 0.039815
5 0.399316 0.163426 0.017595 0.039815
5 0.477273 0.102778 0.028837 0.037037
5 0.493891 0.149537 0.027859 0.041667
5 0.445015 0.231944 0.046432 0.078704
5 0.385875 0.207407 0.021017 0.044444
5 0.493157 0.286111 0.038123 0.046296
5 0.462121 0.331481 0.031769 0.068519
5 0.430108 0.400000 0.020528 0.033333
5 0.420088 0.327778 0.020039 0.037037
5 0.343597 0.434722 0.029326 0.041667
5 0.415934 0.507870 0.023460 0.063889
5 0.482160 0.464352 0.042522 0.052778
5 0.445748 0.525000 0.022483 0.059259
5 0.572825 0.387963 0.030303 0.061111
5 0.631720 0.291667 0.021994 0.046296
5 0.562561 0.195370 0.023460 0.077778
5 0.588465 0.098611 0.038123 0.089815
5 0.687195 0.265741 0.038123 0.064815
5 0.717498 0.226852 0.024438 0.048148
5 0.737781 0.174074 0.022972 0.035185
5 0.724096 0.037037 0.039589 0.064815
5 0.662757 0.333796 0.031281 0.063889
5 0.699902 0.487037 0.054741 0.114815
5 0.662268 0.549537 0.025415 0.037963
5 0.593597 0.573611 0.021017 0.045370
5 0.540323 0.734259 0.044477 0.094444
5 0.413734 0.679630 0.034702 0.037037
5 0.399071 0.643056 0.015152 0.039815
5 0.434262 0.850000 0.026882 0.061111
5 0.477028 0.815741 0.026393 0.055556
5 0.492913 0.890278 0.044477 0.089815
5 0.529326 0.822222 0.031281 0.042593
5 0.713587 0.837500 0.055718 0.099074
5 0.728495 0.754167 0.037634 0.054630
1 0.786168 0.724074 0.070870 0.175926
5 0.837977 0.656481 0.046432 0.105556
5 0.758798 0.541667 0.041544 0.074074
1 0.813539 0.475000 0.102151 0.231481
5 0.727273 0.439352 0.032258 0.089815
5 0.887097 0.207407 0.027370 0.048148
5 0.848729 0.172685 0.028837 0.039815
5 0.881720 0.310185 0.032258 0.068519
5 0.884653 0.367130 0.026393 0.041667
5 0.857527 0.431019 0.021017 0.041667
5 0.837243 0.380093 0.024438 0.045370
5 0.893939 0.500463 0.029326 0.030556
5 0.938172 0.517593 0.023949 0.057407
5 0.918377 0.715741 0.019550 0.053704
5 0.945259 0.745833 0.026393 0.054630
5 0.950635 0.811574 0.022483 0.054630
5 0.824291 0.877315 0.020039 0.041667
1 0.790078 0.919444 0.086510 0.151852
5 0.853617 0.913426 0.021994 0.045370
5 0.856305 0.968981 0.035191 0.052778
5 0.939638 0.939352 0.089443 0.108333
5 0.928641 0.347222 0.024438 0.042593
5 0.956256 0.256019 0.078690 0.123148
5 0.907136 0.024074 0.045943 0.046296
5 0.965543 0.064352 0.058162 0.104630
5 0.633920 0.035648 0.019550 0.052778
5 0.601173 0.779167 0.017595 0.056481
5 0.011975 0.971759 0.021017 0.050926
5 0.393695 0.024074 0.026882 0.046296
5 0.645406 0.128241 0.020039 0.039815
5 0.467986 0.672685 0.015152 0.037963
5 0.617791 0.348611 0.026393 0.039815
1 0.778348 0.227315 0.146139 0.167593
1 0.797165 0.351852 0.109482 0.146296
5 0.831134 0.062500 0.033724 0.025000
1 0.821114 0.020833 0.050831 0.041667
1 0.781036 0.071296 0.062561 0.101852