5 0.011486 0.308333 0.022972 0.074074
5 0.049365 0.433796 0.027370 0.073148
5 0.025415 0.448148 0.018573 0.024074
5 0.085777 0.542130 0.021994 0.030556
5 0.100929 0.481481 0.015152 0.033333
2 0.138319 0.316667 0.055718 0.053704
5 0.137097 0.263426 0.016129 0.025000
5 0.222141 0.177778 0.019062 0.040741
5 0.276149 0.291204 0.020528 0.028704
5 0.228739 0.631944 0.035191 0.073148
2 0.124389 0.898611 0.016129 0.045370
5 0.087977 0.942593 0.025415 0.033333
5 0.230694 0.925463 0.022483 0.026852
5 0.200880 0.853704 0.012708 0.038889
5 0.418622 0.971296 0.024927 0.048148
5 0.408358 0.871759 0.021017 0.047222
5 0.384897 0.847222 0.022972 0.050000
5 0.369013 0.779167 0.010753 0.013889
5 0.370968 0.751852 0.037146 0.062963
5 0.308895 0.417593 0.008798 0.025926
5 0.296921 0.359722 0.029814 0.036111
5 0.395406 0.614815 0.033236 0.101852
5 0.380499 0.587500 0.019062 0.078704
5 0.409580 0.579167 0.025415 0.037963
5 0.460899 0.578704 0.034213 0.059259
5 0.480205 0.540741 0.015152 0.031481
5 0.406647 0.449537 0.018573 0.037963
5 0.429619 0.414352 0.019550 0.052778
5 0.447458 0.413889 0.026882 0.057407
5 0.475562 0.386574 0.017595 0.034259
5 0.341398 0.275463 0.023949 0.086111
5 0.364614 0.306481 0.013685 0.031481
5 0.422043 0.258796 0.086510 0.145370
5 0.463832 0.226389 0.010753 0.034259
5 0.408602 0.192130 0.044966 0.045370
5 0.420088 0.048148 0.027859 0.046296
5 0.295210 0.030093 0.028348 0.028704
5 0.225806 0.026389 0.018573 0.028704
5 0.514418 0.085648 0.025904 0.041667
5 0.541300 0.088889 0.012219 0.050000
5 0.525904 0.011574 0.017595 0.019444
5 0.564761 0.027315 0.035679 0.043519
5 0.587488 0.058333 0.031281 0.081481
5 0.608016 0.058796 0.019550 0.056481
5 0.565494 0.139352 0.023460 0.058333
5 0.539345 0.160185 0.021017 0.037037
2 0.569892 0.151852 0.037146 0.098148
5 0.594330 0.195833 0.018573 0.034259
5 0.646139 0.205556 0.033236 0.059259
5 0.682551 0.101852 0.033724 0.077778
5 0.557674 0.283796 0.020528 0.034259
5 0.559629 0.250463 0.017595 0.028704
5 0.536168 0.245833 0.016618 0.032407
5 0.527615 0.276852 0.013196 0.038889
5 0.513930 0.259259 0.008309 0.029630
5 0.588954 0.263889 0.048876 0.103704
5 0.625122 0.367593 0.027370 0.018519
5 0.520283 0.344444 0.026882 0.044444
5 0.584311 0.425926 0.011241 0.024074
5 0.524927 0.412037 0.018573 0.033333
5 0.488025 0.633796 0.029814 0.036111
5 0.475806 0.712037 0.013196 0.037037
1 0.558162 0.442130 0.078201 0.267593
1 0.564272 0.625000 0.140274 0.107407
5 0.517595 0.573611 0.025415 0.025000
5 0.584800 0.697685 0.033724 0.058333
1 0.563783 0.785185 0.147116 0.122222
5 0.491447 0.849074 0.017107 0.057407
5 0.458456 0.846296 0.015640 0.035185
5 0.536657 0.864352 0.039101 0.047222
1 0.572092 0.885648 0.080645 0.219444
5 0.684995 0.945833 0.032747 0.056481
5 0.495601 0.963426 0.017595 0.050926
5 0.516373 0.931944 0.038612 0.084259
5 0.538368 0.924537 0.008309 0.021296
5 0.673509 0.717130 0.028348 0.041667
5 0.690127 0.687037 0.019550 0.057407
5 0.667889 0.634259 0.031769 0.053704
5 0.638319 0.678704 0.024438 0.040741
5 0.645894 0.635648 0.013196 0.037963
5 0.635386 0.537963 0.010753 0.031481
5 0.627566 0.712963 0.029326 0.044444
5 0.698925 0.528704 0.028348 0.075926
5 0.693060 0.397685 0.058651 0.054630
2 0.605327 0.454630 0.055230 0.033333
5 0.728495 0.337037 0.026882 0.044444
5 0.742913 0.338426 0.013685 0.037963
5 0.713587 0.095833 0.034213 0.030556
5 0.734604 0.111111 0.024438 0.070370
5 0.758553 0.089815 0.020528 0.087037
5 0.791544 0.091204 0.031769 0.034259
5 0.751222 0.225000 0.018573 0.037037
5 0.777370 0.219444 0.029814 0.050000
5 0.813294 0.256481 0.027370 0.048148
5 0.812317 0.350000 0.050831 0.062963
5 0.899071 0.189815 0.019062 0.027778
5 0.887097 0.156481 0.043988 0.061111
5 0.928152 0.121759 0.021505 0.034259
5 0.970674 0.107870 0.010753 0.030556
5 0.973851 0.297685 0.021017 0.073148
5 0.991447 0.310185 0.013196 0.042593
2 0.970430 0.257407 0.045455 0.079630
5 0.940127 0.380093 0.025904 0.030556
5 0.964321 0.410648 0.010753 0.039815
5 0.961388 0.508333 0.027370 0.038889
5 0.919844 0.501852 0.023460 0.024074
5 0.896628 0.557870 0.015152 0.023148
5 0.848974 0.510648 0.035191 0.089815
5 0.875855 0.478704 0.037146 0.059259
5 0.847507 0.600463 0.028348 0.039815
5 0.861193 0.550463 0.010753 0.023148
5 0.817693 0.551389 0.027370 0.019444
5 0.796921 0.489352 0.015152 0.032407
5 0.823803 0.745833 0.022972 0.032407
5 0.785924 0.692130 0.013685 0.021296
5 0.939883 0.716667 0.030303 0.044444
5 0.951857 0.691667 0.015152 0.020370
5 0.983138 0.705556 0.028837 0.048148
5 0.960411 0.778241 0.021505 0.043519
5 0.990958 0.765741 0.015152 0.035185
5 0.942082 0.941204 0.028837 0.037963
5 0.953812 0.968981 0.020039 0.060185
5 0.983382 0.975000 0.026393 0.040741
1 0.989003 0.044444 0.021017 0.077778
5 0.876588 0.038889 0.030792 0.029630
5 0.965054 0.032407 0.023949 0.029630
5 0.051075 0.720370 0.032747 0.059259
5 0.006109 0.965278 0.010264 0.032407
5 0.617302 0.560648 0.020528 0.028704
5 0.240714 0.227315 0.021994 0.039815
5 0.558162 0.084259 0.017595 0.044444
5 0.721652 0.067593 0.019062 0.042593
5 0.769550 0.576389 0.021017 0.028704