5 0.063783 0.984722 0.028837 0.028704
5 0.259286 0.963426 0.024927 0.013889
5 0.196970 0.967130 0.024438 0.063889
5 0.697947 0.937500 0.009775 0.013889
5 0.112903 0.957870 0.044966 0.082407
5 0.494379 0.934722 0.030792 0.058333
5 0.295455 0.926389 0.035679 0.034259
5 0.389052 0.907407 0.016618 0.020370
5 0.767107 0.918981 0.029814 0.045370
5 0.464565 0.904630 0.010264 0.027778
5 0.886608 0.891204 0.015640 0.034259
2 0.133187 0.888426 0.009286 0.030556
2 0.092620 0.868981 0.019062 0.028704
5 0.836022 0.862037 0.040567 0.074074
5 0.011241 0.852778 0.021505 0.059259
5 0.512219 0.828241 0.012708 0.030556
5 0.263196 0.813889 0.023949 0.031481
5 0.423998 0.810185 0.022972 0.074074
2 0.194282 0.792593 0.016129 0.046296
2 0.031281 0.784259 0.023460 0.059259
5 0.298631 0.749537 0.014663 0.015741
2 0.012708 0.741204 0.016618 0.037963
5 0.713832 0.696296 0.015152 0.024074
5 0.819892 0.720370 0.040567 0.075926
2 0.080401 0.700000 0.021017 0.044444
5 0.624633 0.690741 0.015640 0.035185
2 0.019306 0.688889 0.021017 0.048148
5 0.095552 0.631481 0.009286 0.024074
5 0.407869 0.605556 0.007331 0.025926
5 0.254154 0.600000 0.009775 0.035185
2 0.990225 0.617593 0.018573 0.029630
5 0.350196 0.581019 0.015152 0.056481
5 0.715543 0.574074 0.027370 0.079630
5 0.873412 0.553241 0.038123 0.049074
5 0.457478 0.537500 0.025415 0.037963
5 0.448925 0.510185 0.009286 0.014815
5 0.690616 0.541667 0.042033 0.085185
5 0.734115 0.509259 0.021505 0.020370
5 0.204301 0.511574 0.018573 0.037963
5 0.889785 0.507870 0.015152 0.037963
5 0.906158 0.495833 0.020528 0.030556
2 0.175220 0.494444 0.039589 0.053704
5 0.496823 0.471759 0.021994 0.036111
5 0.401271 0.477778 0.040078 0.068519
1 0.588954 0.517593 0.148583 0.150000
5 0.331623 0.445833 0.010264 0.026852
5 0.844819 0.447685 0.021994 0.034259
5 0.913734 0.435185 0.018084 0.046296
5 0.386852 0.387963 0.023949 0.053704
5 0.451124 0.405093 0.014663 0.043519
5 0.786168 0.374074 0.017107 0.051852
5 0.287634 0.358796 0.023949 0.021296
5 0.950880 0.345833 0.013196 0.019444
5 0.742180 0.336574 0.046432 0.028704
5 0.419355 0.320370 0.016618 0.016667
5 0.121457 0.316667 0.020039 0.027778
5 0.825513 0.305556 0.016618 0.048148
5 0.676197 0.275463 0.049365 0.039815
5 0.835288 0.257407 0.018573 0.038889
5 0.912512 0.216204 0.011730 0.023148
5 0.206745 0.218056 0.009775 0.026852
5 0.874389 0.203704 0.016618 0.014815
5 0.441593 0.211574 0.038612 0.067593
5 0.786901 0.186111 0.019550 0.031481
5 0.184262 0.174074 0.004888 0.020370
5 0.208700 0.156481 0.014663 0.025926
5 0.360215 0.154630 0.029326 0.031481
5 0.346285 0.144907 0.008309 0.017593
5 0.467498 0.139815 0.016129 0.038889
5 0.786901 0.133796 0.012708 0.032407
5 0.733627 0.126852 0.017595 0.033333
5 0.412512 0.112500 0.009775 0.026852
5 0.456989 0.114815 0.016618 0.048148
5 0.287879 0.024074 0.013685 0.029630
5 0.701369 0.011574 0.020528 0.023148
5 0.116080 0.212037 0.007331 0.025926
5 0.233871 0.248611 0.029814 0.037963
5 0.322581 0.704167 0.035191 0.058333
5 0.387341 0.747222 0.025904 0.037037
5 0.390029 0.782870 0.021505 0.023148
5 0.341642 0.871296 0.035191 0.057407
5 0.359238 0.922685 0.018573 0.037963
5 0.363881 0.882407 0.017107 0.024074
5 0.369501 0.858796 0.015640 0.032407
5 0.353372 0.321759 0.028348 0.026852
2 0.356061 0.083333 0.034702 0.068519
5 0.240714 0.021296 0.024927 0.038889
5 0.238514 0.054167 0.016618 0.023148
5 0.511975 0.128704 0.013196 0.024074
5 0.423754 0.622685 0.029326 0.095370
5 0.443548 0.647222 0.022972 0.053704
5 0.454301 0.685185 0.016129 0.029630
5 0.451369 0.614815 0.026882 0.040741
5 0.458211 0.581944 0.015152 0.017593
5 0.499022 0.606944 0.015640 0.015741
5 0.456989 0.867130 0.028348 0.039815
5 0.479472 0.855556 0.020528 0.035185
5 0.510508 0.768519 0.015152 0.040741
5 0.549853 0.681019 0.023460 0.052778
5 0.601173 0.614352 0.031281 0.045370
2 0.614614 0.729167 0.027859 0.052778
5 0.583333 0.664352 0.044477 0.063889
5 0.594819 0.699537 0.031281 0.045370
5 0.776393 0.605556 0.021994 0.042593
5 0.765885 0.634259 0.014663 0.033333
5 0.733138 0.774074 0.028348 0.051852
5 0.747556 0.760185 0.019062 0.020370
5 0.746090 0.873611 0.024927 0.034259
5 0.827468 0.630556 0.027370 0.048148
5 0.852151 0.636574 0.017107 0.032407
5 0.759286 0.062037 0.022972 0.037037
5 0.765152 0.096759 0.032747 0.060185
5 0.827713 0.089815 0.020039 0.031481
5 0.798387 0.101389 0.015152 0.028704
5 0.876588 0.331481 0.022972 0.057407
5 0.884653 0.360185 0.014663 0.037037
5 0.986559 0.178241 0.012219 0.019444
5 0.929130 0.092130 0.008798 0.026852
5 0.823558 0.955093 0.021505 0.054630
5 0.847996 0.967593 0.036168 0.062963
5 0.936950 0.723611 0.010753 0.023148
5 0.897849 0.732870 0.006843 0.023148
5 0.855327 0.739815 0.017595 0.031481
5 0.935973 0.867593 0.039101 0.035185
5 0.955523 0.803241 0.039101 0.078704
5 0.985582 0.801389 0.027859 0.087963
5 0.984848 0.723611 0.028348 0.041667
1 0.600929 0.818519 0.166667 0.203704
1 0.588710 0.956944 0.145161 0.084259
1 0.611926 0.125000 0.143695 0.227778
1 0.583333 0.311111 0.165689 0.231481
5 0.655181 0.703241 0.044477 0.075000
5 0.674731 0.743056 0.037634 0.054630