0 0.466276 0.903241 0.331378 0.191667
5 0.596041 0.387037 0.017107 0.037037
0 0.507820 0.500926 0.193548 0.655556
0 0.494868 0.018519 0.093353 0.037037
0 0.428397 0.025926 0.021017 0.051852
5 0.304008 0.236574 0.035191 0.076852
5 0.226540 0.214352 0.019062 0.071296
5 0.730205 0.168519 0.053763 0.101852
5 0.759286 0.556481 0.024927 0.044444
5 0.427175 0.802315 0.041056 0.056481
5 0.762708 0.159722 0.029814 0.050926
5 0.768084 0.124074 0.022972 0.044444
5 0.112903 0.173611 0.041056 0.056481
5 0.106305 0.219907 0.028837 0.039815
5 0.035924 0.618519 0.026882 0.050000
5 0.017595 0.455093 0.033236 0.058333
5 0.011486 0.600000 0.022972 0.040741
5 0.017595 0.931944 0.035191 0.067593
5 0.797898 0.893981 0.065005 0.100926
5 0.983138 0.485648 0.029814 0.054630
5 0.752933 0.593519 0.029814 0.066667
5 0.946481 0.374537 0.018084 0.030556
5 0.961144 0.426852 0.030792 0.048148
5 0.903226 0.443981 0.022483 0.043519
5 0.771750 0.064352 0.017595 0.052778
5 0.955279 0.066204 0.023949 0.041667