0 0.521750 0.024537 0.087488 0.049074
5 0.533969 0.090278 0.022972 0.039815
0 0.592131 0.387037 0.251711 0.257407
5 0.431329 0.464815 0.028837 0.057407
5 0.466764 0.469907 0.027370 0.058333
5 0.428886 0.516204 0.028837 0.071296
5 0.494868 0.546296 0.027859 0.064815
0 0.503910 0.708796 0.130010 0.293519
5 0.585533 0.593981 0.028348 0.050926
0 0.478495 0.946296 0.214076 0.105556
5 0.142717 0.114815 0.049853 0.100000
5 0.230938 0.143056 0.029814 0.058333
5 0.176931 0.031481 0.032258 0.061111
5 0.117058 0.750000 0.029814 0.061111
5 0.244624 0.942593 0.026882 0.051852
5 0.788368 0.044444 0.028348 0.046296
5 0.754399 0.309259 0.045455 0.070370
5 0.767595 0.175463 0.034702 0.062037
5 0.891251 0.054167 0.026882 0.045370
5 0.899316 0.199537 0.021505 0.039815
5 0.761975 0.846759 0.058651 0.093519
5 0.876588 0.653241 0.031769 0.052778
5 0.919844 0.650926 0.039101 0.064815
5 0.918622 0.530093 0.021017 0.050926
5 0.922776 0.474074 0.030303 0.066667
5 0.295455 0.468056 0.039589 0.062037
5 0.278592 0.550000 0.044966 0.107407
5 0.282014 0.980556 0.029326 0.037037
5 0.417400 0.771759 0.023460 0.045370
5 0.425709 0.849074 0.025415 0.048148
5 0.420821 0.930556 0.028348 0.048148
5 0.629277 0.853704 0.022972 0.068519
5 0.567693 0.805556 0.026882 0.051852
5 0.617791 0.977778 0.036168 0.040741
5 0.763685 0.618519 0.024927 0.057407
5 0.797410 0.813889 0.021994 0.038889
5 0.918866 0.725000 0.023460 0.057407
5 0.932063 0.776389 0.024438 0.049074
5 0.918622 0.816204 0.031769 0.049074
5 0.859238 0.917130 0.028348 0.056481
5 0.875122 0.978704 0.030792 0.040741
5 0.962854 0.298611 0.028348 0.050926
5 0.985093 0.324537 0.025904 0.043519
5 0.928397 0.198148 0.023949 0.044444
5 0.916667 0.113889 0.021017 0.046296
5 0.936461 0.125000 0.013685 0.038889
5 0.928152 0.170370 0.032258 0.040741
5 0.966520 0.026852 0.032747 0.053704
5 0.768573 0.459259 0.029814 0.055556
5 0.869013 0.481481 0.019550 0.048148