5 0.468719 0.991204 0.037146 0.015741
5 0.169599 0.985185 0.023460 0.025926
5 0.327713 0.979630 0.009286 0.031481
4 0.126344 0.978704 0.046432 0.040741
5 0.908602 0.965741 0.025415 0.031481
5 0.740225 0.969444 0.023949 0.059259
5 0.767840 0.949537 0.014663 0.082407
4 0.331867 0.892593 0.028348 0.038889
5 0.750978 0.869444 0.025904 0.066667
4 0.114125 0.850463 0.032747 0.052778
5 0.839932 0.801852 0.008309 0.027778
5 0.521505 0.766667 0.020528 0.040741
4 0.138563 0.777315 0.045455 0.076852
4 0.541300 0.750000 0.034702 0.066667
5 0.452590 0.767130 0.030303 0.097222
5 0.479472 0.692593 0.032258 0.042593
5 0.980694 0.668056 0.021017 0.052778
5 0.270039 0.632407 0.025904 0.042593
5 0.562561 0.557870 0.020528 0.045370
5 0.464565 0.542593 0.039589 0.042593
5 0.419844 0.546759 0.020528 0.041667
5 0.413001 0.519444 0.017595 0.027778
5 0.967498 0.512037 0.022972 0.070370
5 0.736070 0.515278 0.040078 0.089815
5 0.680352 0.468981 0.021505 0.054630
5 0.210166 0.427315 0.023460 0.047222
5 0.381965 0.432407 0.045455 0.066667
5 0.516618 0.386574 0.021505 0.036111
5 0.160313 0.369444 0.022483 0.077778
5 0.962854 0.373611 0.019550 0.026852
5 0.892962 0.392130 0.028348 0.073148
5 0.986804 0.370833 0.025415 0.037963
5 0.658847 0.369907 0.044966 0.058333
5 0.841153 0.321759 0.037146 0.032407
5 0.266862 0.311574 0.052786 0.099074
4 0.968231 0.249074 0.021505 0.024074
5 0.065249 0.233333 0.031769 0.072222
5 0.650538 0.176389 0.023460 0.023148
5 0.671310 0.164352 0.017107 0.032407
5 0.621457 0.130093 0.019062 0.015741
5 0.709433 0.048148 0.090420 0.096296
5 0.531769 0.021759 0.030303 0.043519
5 0.438172 0.012037 0.024927 0.024074
5 0.393451 0.013426 0.007820 0.026852
2 0.007576 0.194907 0.015152 0.117593
5 0.203812 0.905556 0.024438 0.083333
5 0.228495 0.940278 0.017107 0.036111
5 0.250733 0.865741 0.021505 0.044444
5 0.333822 0.739815 0.028348 0.051852
2 0.029570 0.058796 0.059140 0.104630
5 0.025904 0.656019 0.027370 0.049074
5 0.013196 0.927778 0.026393 0.044444
5 0.235337 0.712500 0.046432 0.071296
5 0.269550 0.859722 0.019062 0.047222
5 0.484848 0.940278 0.027370 0.058333
3 0.428152 0.961111 0.046921 0.062963
5 0.446237 0.877315 0.032258 0.075000
5 0.413978 0.868981 0.069404 0.182407
4 0.492424 0.528704 0.024927 0.055556
5 0.428641 0.701389 0.018573 0.050926
3 0.400538 0.693519 0.037634 0.050000
5 0.417644 0.646759 0.034702 0.069444
5 0.469208 0.349074 0.035191 0.101852
5 0.460899 0.218519 0.036168 0.072222
5 0.409091 0.293056 0.082111 0.145370
5 0.507331 0.255556 0.020528 0.059259
4 0.384164 0.185185 0.043011 0.122222
5 0.415200 0.117130 0.022972 0.115741
5 0.428641 0.160185 0.008798 0.059259
5 0.539589 0.424074 0.019550 0.020370
1 0.581867 0.914815 0.103128 0.164815
5 0.527615 0.090741 0.058162 0.062963
5 0.540811 0.110185 0.031769 0.046296
5 0.560606 0.070833 0.037146 0.039815
5 0.554252 0.181944 0.018573 0.026852
4 0.594086 0.146759 0.019062 0.043519
5 0.601662 0.108796 0.033236 0.052778
1 0.606305 0.453704 0.102151 0.257407
2 0.617302 0.495370 0.107527 0.051852
5 0.779326 0.499537 0.035679 0.110185
5 0.815249 0.500000 0.021505 0.025926
5 0.981916 0.916204 0.034213 0.063889
5 0.948925 0.958796 0.050342 0.080556
5 0.984848 0.971296 0.029326 0.053704
5 0.928641 0.986574 0.005865 0.025000
5 0.911290 0.898611 0.021994 0.052778
5 0.885142 0.824537 0.025415 0.039815
4 0.883431 0.865741 0.029814 0.040741
5 0.922287 0.764352 0.058651 0.097222
5 0.804252 0.902778 0.014174 0.031481
5 0.819892 0.879630 0.030792 0.037037
5 0.813783 0.965278 0.024438 0.067593
5 0.843842 0.972222 0.028837 0.053704
5 0.879032 0.762963 0.036657 0.101852
5 0.952835 0.287500 0.021017 0.063889
5 0.996334 0.168519 0.006354 0.046296
5 0.988270 0.044907 0.022483 0.089815
5 0.780547 0.586574 0.039101 0.097222
5 0.658113 0.565278 0.023949 0.036111
5 0.728250 0.896759 0.034213 0.075000
5 0.681818 0.892130 0.072336 0.156481
5 0.648583 0.841667 0.042033 0.094444
4 0.617302 0.747685 0.040078 0.080556
5 0.670821 0.737037 0.030792 0.114815
2 0.625855 0.767593 0.089443 0.185185
5 0.651760 0.661111 0.033724 0.051852
5 0.673998 0.703241 0.016618 0.028704
5 0.481183 0.652778 0.026882 0.025926
5 0.618768 0.660648 0.018573 0.023148
5 0.606061 0.626852 0.024438 0.083333
5 0.597507 0.600926 0.018084 0.025926
5 0.662757 0.279167 0.024438 0.034259
2 0.590665 0.325926 0.063050 0.044444
1 0.597019 0.241667 0.065982 0.094444
5 0.620723 0.224074 0.035191 0.085185
5 0.847507 0.639352 0.117302 0.173148
5 0.932307 0.646759 0.026882 0.086111
5 0.924731 0.558796 0.048876 0.060185
5 0.942571 0.564352 0.021017 0.058333
5 0.910068 0.608333 0.057674 0.055556
5 0.705767 0.271296 0.027370 0.098148
5 0.736315 0.281019 0.049365 0.060185
5 0.776149 0.227778 0.096774 0.237037
5 0.822581 0.581481 0.062561 0.092593
5 0.873412 0.543056 0.068426 0.075000
5 0.911290 0.436111 0.064027 0.109259
5 0.913978 0.519444 0.026393 0.055556
5 0.868280 0.460185 0.025904 0.014815
5 0.880254 0.494444 0.013685 0.033333
5 0.863636 0.486111 0.019550 0.035185
5 0.652248 0.031944 0.041544 0.063889
5 0.778104 0.062963 0.071359 0.125926
5 0.740958 0.060185 0.031281 0.029630
5 0.932307 0.030556 0.034702 0.061111
5 0.868035 0.040278 0.108504 0.080556
5 0.877810 0.170833 0.070381 0.180556
5 0.918133 0.132407 0.021994 0.079630
5 0.942326 0.131019 0.023460 0.086111
5 0.891740 0.187037 0.095308 0.044444
5 0.901026 0.232407 0.075758 0.087037