5 0.178397 0.200926 0.036168 0.061111
5 0.157136 0.122685 0.041544 0.112037
5 0.129277 0.208796 0.024927 0.060185
5 0.044477 0.109259 0.028348 0.059259
5 0.082845 0.411111 0.069892 0.100000
3 0.179619 0.594907 0.057185 0.189815
5 0.133675 0.637037 0.039589 0.081481
5 0.124145 0.582870 0.031281 0.041667
5 0.132209 0.520833 0.031769 0.045370
5 0.072336 0.549537 0.027370 0.073148
5 0.046432 0.563889 0.036168 0.100000
5 0.128055 0.715741 0.032258 0.064815
5 0.103128 0.775000 0.038123 0.096296
5 0.063783 0.709259 0.017107 0.057407
5 0.128055 0.878704 0.060606 0.150000
5 0.041300 0.668056 0.021994 0.050926
5 0.008798 0.921759 0.017595 0.063889
5 0.338954 0.454167 0.033724 0.075000
5 0.365103 0.792130 0.037146 0.041667
5 0.518817 0.926852 0.031769 0.083333
5 0.636608 0.644444 0.041544 0.050000
5 0.585044 0.614815 0.071359 0.105556
5 0.493157 0.550463 0.036168 0.056481
5 0.492913 0.619907 0.034702 0.047222
5 0.526393 0.436111 0.028348 0.053704
5 0.499022 0.465278 0.029326 0.078704
5 0.415689 0.367130 0.028837 0.037963
5 0.588710 0.390741 0.023949 0.046296
5 0.624633 0.358333 0.033236 0.055556
5 0.626344 0.295833 0.027859 0.026852
5 0.600929 0.324074 0.021017 0.040741
5 0.553030 0.176852 0.027859 0.035185
5 0.491202 0.223611 0.049853 0.073148
5 0.455767 0.219444 0.014174 0.050000
5 0.540811 0.062500 0.040567 0.084259
5 0.518817 0.106944 0.040567 0.054630
5 0.494624 0.037037 0.024438 0.037037
5 0.474096 0.083333 0.020528 0.046296
5 0.614614 0.034722 0.044477 0.060185
1 0.816716 0.876852 0.128055 0.185185
5 0.727517 0.808333 0.022972 0.031481
5 0.694770 0.799537 0.032747 0.056481
1 0.786901 0.687037 0.128055 0.162963
5 0.866813 0.635185 0.034702 0.072222
5 0.718231 0.539815 0.039589 0.079630
3 0.728495 0.243056 0.093353 0.145370
5 0.967009 0.060185 0.052297 0.114815
5 0.953568 0.163426 0.018573 0.043519
5 0.962610 0.342593 0.030792 0.081481
5 0.915689 0.490278 0.041544 0.045370
5 0.829179 0.718981 0.017107 0.032407
1 0.244135 0.079630 0.142229 0.159259
1 0.264418 0.505093 0.159335 0.386111
1 0.276882 0.181481 0.065005 0.150000
5 0.235337 0.219444 0.082600 0.127778
3 0.219941 0.305556 0.262952 0.103704
1 0.244135 0.923611 0.122678 0.147222
1 0.250489 0.805093 0.118768 0.180556
1 0.816471 0.035648 0.157869 0.071296
3 0.839443 0.101389 0.185239 0.180556
3 0.832111 0.291204 0.131476 0.202778
1 0.781525 0.375926 0.119257 0.237037
1 0.790811 0.535185 0.152493 0.214815
3 0.765396 0.481019 0.092864 0.071296
1 0.804252 0.959722 0.059140 0.073148