5 0.026637 0.979167 0.035679 0.039815
5 0.561339 0.980093 0.020039 0.015741
5 0.992180 0.968981 0.014663 0.032407
5 0.894917 0.966204 0.022483 0.060185
5 0.006598 0.945370 0.013196 0.016667
5 0.619746 0.935185 0.009775 0.012963
5 0.467253 0.917130 0.015640 0.039815
5 0.086999 0.917130 0.021505 0.047222
5 0.946970 0.913426 0.023949 0.039815
5 0.253666 0.812963 0.019550 0.033333
1 0.278837 0.897222 0.173509 0.203704
5 0.158847 0.758333 0.012708 0.059259
5 0.701857 0.763426 0.030303 0.056481
5 0.992669 0.728241 0.013685 0.028704
5 0.652493 0.753704 0.028348 0.098148
5 0.925220 0.702778 0.011730 0.022222
5 0.557674 0.702315 0.033236 0.069444
5 0.753177 0.677778 0.013685 0.044444
5 0.508065 0.653241 0.032747 0.054630
5 0.942082 0.648611 0.029814 0.067593
5 0.919110 0.620833 0.034702 0.067593
5 0.695503 0.603241 0.034213 0.056481
5 0.465787 0.553704 0.015640 0.024074
5 0.437195 0.549074 0.022972 0.029630
5 0.043500 0.501852 0.086999 0.081481
5 0.430841 0.405093 0.033724 0.071296
5 0.483382 0.364815 0.032258 0.072222
5 0.946481 0.335185 0.020039 0.025926
5 0.921554 0.362500 0.030792 0.106481
5 0.343109 0.185648 0.026393 0.045370
5 0.943793 0.212037 0.041056 0.077778
5 0.460655 0.157870 0.010264 0.034259
5 0.528348 0.118519 0.025415 0.040741
5 0.135875 0.108796 0.034213 0.034259
5 0.915689 0.108796 0.030792 0.054630
5 0.481183 0.102778 0.027859 0.040741
5 0.538123 0.041667 0.010753 0.053704
5 0.516862 0.050463 0.029814 0.078704
5 0.107527 0.010185 0.015640 0.020370
1 0.250978 0.040278 0.119746 0.080556
1 0.255376 0.148148 0.149071 0.216667
5 0.330890 0.054167 0.057674 0.050926
5 0.178886 0.264352 0.015640 0.019444
5 0.014418 0.175926 0.026882 0.048148
5 0.339687 0.437037 0.025415 0.053704
5 0.208211 0.270370 0.012708 0.053704
2 0.230205 0.281944 0.034213 0.052778
5 0.169110 0.429630 0.047898 0.083333
5 0.253421 0.738889 0.024927 0.068519
5 0.270772 0.731944 0.011730 0.065741
5 0.352884 0.739815 0.030303 0.051852
5 0.367546 0.591204 0.038123 0.078704
5 0.355083 0.553241 0.031769 0.021296
1 0.272239 0.375926 0.083089 0.118519
5 0.266862 0.429167 0.013685 0.025000
1 0.247312 0.627315 0.211144 0.210185
5 0.190127 0.499074 0.008798 0.033333
1 0.251466 0.533333 0.141251 0.224074
5 0.130987 0.776852 0.023460 0.020370
5 0.187683 0.862963 0.019550 0.037037
5 0.181574 0.893519 0.018084 0.038889
5 0.483382 0.981944 0.020528 0.030556
5 0.454545 0.794444 0.014663 0.042593
5 0.465298 0.860185 0.017595 0.033333
5 0.482893 0.799074 0.026393 0.061111
5 0.466031 0.795370 0.022972 0.085185
5 0.519795 0.783796 0.015152 0.039815
5 0.538612 0.783333 0.024438 0.064815
5 0.533236 0.842130 0.041056 0.065741
5 0.474096 0.690741 0.013685 0.038889
5 0.455279 0.652778 0.021994 0.025926
5 0.459433 0.618056 0.010753 0.032407
5 0.499267 0.619444 0.007331 0.038889
5 0.546432 0.583333 0.029326 0.042593
5 0.570381 0.559722 0.060606 0.076852
5 0.621701 0.736111 0.017595 0.040741
5 0.627322 0.695833 0.013196 0.015741
5 0.449902 0.372222 0.016129 0.048148
5 0.472630 0.440278 0.031281 0.032407
5 0.537390 0.369907 0.063050 0.108333
5 0.623412 0.467593 0.018084 0.035185
5 0.622190 0.437037 0.037146 0.061111
5 0.557185 0.446759 0.042033 0.063889
5 0.566471 0.343981 0.027370 0.041667
5 0.568915 0.398611 0.044966 0.049074
5 0.587977 0.418981 0.015640 0.026852
5 0.592375 0.386111 0.016618 0.031481
5 0.575513 0.368056 0.008309 0.026852
5 0.497801 0.306019 0.015152 0.041667
5 0.722385 0.201389 0.017595 0.054630
5 0.694282 0.196759 0.023949 0.047222
5 0.666422 0.085185 0.034702 0.124074
5 0.612414 0.106481 0.026393 0.031481
5 0.604594 0.042130 0.041056 0.063889
5 0.613148 0.081944 0.022972 0.013889
5 0.625367 0.064815 0.019062 0.024074
1 0.785435 0.032407 0.072336 0.064815
5 0.781036 0.093519 0.024438 0.059259
5 0.805230 0.077315 0.030792 0.036111
5 0.843109 0.049074 0.029326 0.088889
5 0.954790 0.069907 0.034702 0.065741
5 0.982649 0.114352 0.022972 0.036111
5 0.866325 0.190741 0.021017 0.059259
5 0.900293 0.156019 0.024438 0.039815
5 0.679130 0.362963 0.023949 0.050000
5 0.698680 0.327778 0.026882 0.042593
5 0.701613 0.417593 0.018084 0.038889
5 0.704790 0.492130 0.022483 0.060185
5 0.660313 0.571759 0.026393 0.056481
5 0.715543 0.447222 0.005865 0.027778
5 0.795943 0.224537 0.037634 0.049074
5 0.913245 0.311574 0.010264 0.049074
5 0.966031 0.538889 0.023949 0.051852
5 0.981183 0.582870 0.028837 0.062037
5 0.989980 0.595370 0.013196 0.035185
5 0.726295 0.859722 0.034213 0.050926
1 0.794966 0.915741 0.106061 0.157407
5 0.842864 0.915278 0.034702 0.084259
5 0.725562 0.812963 0.027859 0.042593
5 0.847996 0.834722 0.054741 0.065741
1 0.782502 0.774537 0.136852 0.123148
1 0.798387 0.645370 0.134409 0.148148
5 0.880254 0.638426 0.024438 0.047222
5 0.873167 0.550463 0.055230 0.121296
5 0.843842 0.575000 0.023949 0.053704
5 0.812072 0.546759 0.045455 0.047222
5 0.782014 0.513889 0.021505 0.037037
1 0.826246 0.364815 0.120723 0.262963
5 0.815005 0.480093 0.037634 0.078704
5 0.861437 0.410648 0.061095 0.058333
5 0.763196 0.474074 0.030792 0.062963
1 0.805963 0.281944 0.153470 0.130556
5 0.668622 0.679630 0.031281 0.051852
5 0.694770 0.689815 0.026882 0.044444