5 0.154203 0.896759 0.045455 0.073148
5 0.007087 0.715741 0.014174 0.046296
5 0.047654 0.700926 0.037634 0.037037
5 0.620968 0.645833 0.027859 0.028704
5 0.238514 0.626389 0.011730 0.041667
4 0.514663 0.554630 0.024438 0.037037
5 0.970186 0.402315 0.012708 0.021296
5 0.152248 0.391667 0.029814 0.035185
5 0.355572 0.387500 0.019062 0.034259
5 0.088221 0.358333 0.035679 0.040741
5 0.105083 0.284259 0.033236 0.038889
5 0.003177 0.269444 0.006354 0.050000
5 0.106061 0.075000 0.020528 0.068519
5 0.037879 0.493981 0.028837 0.026852
5 0.041300 0.874074 0.013196 0.042593
4 0.023216 0.769444 0.045455 0.044444
5 0.102395 0.894444 0.024927 0.048148
5 0.332111 0.875926 0.051320 0.038889
5 0.185728 0.668519 0.010753 0.048148
5 0.488270 0.977778 0.023460 0.042593
5 0.506598 0.806944 0.043500 0.100926
5 0.459677 0.809722 0.033724 0.087963
5 0.531525 0.784259 0.016129 0.033333
5 0.405181 0.889352 0.075269 0.125000
2 0.434018 0.943519 0.033236 0.031481
5 0.304008 0.746296 0.036168 0.135185
5 0.356794 0.763426 0.046921 0.123148
5 0.202102 0.266204 0.015152 0.047222
5 0.173998 0.343981 0.016618 0.030556
5 0.200635 0.348148 0.032747 0.057407
5 0.229228 0.399537 0.057674 0.076852
5 0.432551 0.037500 0.032258 0.052778
5 0.396139 0.060648 0.044477 0.075000
5 0.428886 0.085185 0.030792 0.037037
5 0.438172 0.097222 0.013196 0.051852
5 0.391007 0.118519 0.018573 0.051852
5 0.432796 0.202315 0.065005 0.115741
4 0.455279 0.472685 0.025904 0.050926
4 0.444037 0.651389 0.038612 0.106481
5 0.311339 0.529167 0.028348 0.039815
5 0.344575 0.526389 0.017595 0.052778
5 0.357771 0.568519 0.059629 0.046296
5 0.341642 0.211111 0.032258 0.029630
5 0.379521 0.225000 0.021017 0.029630
5 0.328446 0.140278 0.035191 0.058333
5 0.215054 0.094444 0.025415 0.061111
5 0.630987 0.938426 0.037146 0.080556
5 0.691838 0.973148 0.011241 0.038889
5 0.674731 0.825000 0.037634 0.081481
5 0.691349 0.877315 0.033724 0.071296
5 0.691593 0.689815 0.032258 0.090741
5 0.720186 0.644907 0.017107 0.060185
5 0.733138 0.693981 0.020528 0.037963
5 0.750000 0.749074 0.025904 0.081481
1 0.989247 0.890741 0.020528 0.066667
5 0.952102 0.956481 0.064516 0.085185
5 0.984115 0.918519 0.026882 0.042593
5 0.810362 0.980556 0.012708 0.016667
5 0.847019 0.928241 0.036168 0.043519
5 0.827713 0.868056 0.035679 0.060185
5 0.893451 0.862963 0.013685 0.020370
5 0.882209 0.874537 0.011730 0.019444
5 0.897361 0.906019 0.049853 0.095370
4 0.549609 0.872222 0.015152 0.038889
5 0.583578 0.818056 0.021505 0.037963
5 0.523949 0.633333 0.054741 0.109259
5 0.601662 0.694907 0.012708 0.047222
5 0.589932 0.727315 0.011730 0.017593
1 0.569404 0.634722 0.053763 0.213889
1 0.562561 0.501852 0.116325 0.142593
5 0.603861 0.562500 0.016129 0.041667
5 0.676686 0.575000 0.015152 0.038889
5 0.636608 0.479167 0.086510 0.237963
5 0.695015 0.398148 0.033236 0.061111
5 0.692571 0.458333 0.039101 0.070370
5 0.745112 0.521296 0.029814 0.018519
5 0.762708 0.550926 0.070870 0.155556
5 0.775660 0.406481 0.067449 0.109259
5 0.868768 0.469907 0.019062 0.039815
5 0.878299 0.386111 0.025415 0.057407
5 0.911779 0.341204 0.035679 0.065741
1 0.986559 0.475463 0.024927 0.071296
5 0.958944 0.559259 0.014663 0.024074
5 0.979717 0.043056 0.034702 0.041667
1 0.980450 0.123611 0.038123 0.115741
5 0.918622 0.148148 0.019062 0.037037
5 0.847019 0.198148 0.038123 0.085185
5 0.663978 0.250000 0.054252 0.062963
5 0.762952 0.289352 0.042033 0.075000
5 0.774194 0.272685 0.026393 0.089815
5 0.741447 0.185185 0.031281 0.059259
5 0.717009 0.050000 0.072336 0.100000
5 0.668866 0.062500 0.020039 0.045370
5 0.762219 0.007407 0.012219 0.014815
5 0.775171 0.064815 0.066471 0.085185
5 0.819892 0.079630 0.032747 0.068519
5 0.849462 0.087963 0.035191 0.087037
5 0.819159 0.138889 0.046921 0.070370
1 0.556207 0.273148 0.137830 0.142593
5 0.588710 0.196296 0.051320 0.066667
5 0.624145 0.205093 0.029326 0.045370
5 0.545699 0.175000 0.044477 0.081481
5 0.520039 0.037500 0.027370 0.075000
5 0.558162 0.078241 0.037146 0.112037
5 0.571359 0.043981 0.022483 0.039815
5 0.571359 0.006944 0.014663 0.013889