5 0.648094 0.469907 0.004888 0.021296
5 0.958456 0.409722 0.028348 0.062037
5 0.104594 0.388426 0.014663 0.030556
5 0.059873 0.727778 0.061095 0.066667
5 0.010997 0.728241 0.021994 0.060185
5 0.031281 0.656944 0.013685 0.041667
5 0.004154 0.595370 0.008309 0.033333
5 0.054252 0.810648 0.025415 0.060185
5 0.034213 0.823611 0.023460 0.036111
5 0.064027 0.835185 0.024438 0.038889
5 0.019550 0.759259 0.013685 0.038889
5 0.035191 0.973148 0.019550 0.050000
2 0.129521 0.924074 0.037146 0.020370
3 0.183773 0.963426 0.029326 0.041667
5 0.152493 0.982870 0.026393 0.032407
1 0.200635 0.985185 0.051320 0.027778
1 0.266862 0.926852 0.079179 0.142593
5 0.070137 0.474074 0.087488 0.164815
5 0.030303 0.048611 0.027370 0.045370
5 0.014907 0.115741 0.018084 0.038889
5 0.023705 0.216667 0.022972 0.059259
5 0.158602 0.072222 0.031769 0.066667
5 0.176442 0.034722 0.016618 0.037963
5 0.241691 0.860185 0.017107 0.042593
5 0.286901 0.861574 0.013685 0.039815
3 0.184506 0.867130 0.074780 0.121296
1 0.256843 0.814815 0.169599 0.161111
3 0.225318 0.700926 0.022483 0.081481
1 0.237781 0.664352 0.182307 0.212037
3 0.251955 0.525926 0.067937 0.183333
1 0.248045 0.476852 0.215543 0.201852
5 0.309384 0.398148 0.020528 0.040741
3 0.243891 0.395833 0.093842 0.110185
3 0.159091 0.365278 0.118768 0.213889
5 0.490469 0.886111 0.025904 0.027778
5 0.467009 0.931944 0.017107 0.028704
5 0.512219 0.952778 0.032258 0.035185
5 0.535435 0.910648 0.038612 0.076852
5 0.608260 0.844907 0.042522 0.095370
4 0.712366 0.731481 0.025904 0.050000
5 0.392962 0.750463 0.016618 0.034259
5 0.411535 0.757407 0.029326 0.031481
5 0.376100 0.659722 0.020039 0.036111
5 0.479961 0.645370 0.024438 0.031481
5 0.458456 0.494444 0.030303 0.064815
5 0.403470 0.379630 0.011241 0.022222
3 0.168866 0.221296 0.028837 0.120370
1 0.225806 0.213889 0.155425 0.311111
4 0.371457 0.247222 0.055718 0.092593
5 0.390274 0.213426 0.043500 0.078704
5 0.394184 0.277315 0.017107 0.034259
5 0.332111 0.324074 0.040567 0.059259
5 0.402004 0.099074 0.030792 0.055556
4 0.518084 0.625926 0.036168 0.074074
5 0.499022 0.387963 0.037146 0.081481
5 0.498534 0.423611 0.019550 0.039815
4 0.482405 0.188426 0.042033 0.084259
1 0.246334 0.065741 0.117302 0.131481
5 0.216764 0.135648 0.011241 0.021296
5 0.298143 0.197685 0.016618 0.060185
5 0.287634 0.251389 0.017107 0.052778
5 0.301564 0.243981 0.024438 0.026852
5 0.611437 0.053241 0.031281 0.043519
5 0.634409 0.033333 0.027370 0.033333
5 0.699902 0.075926 0.011730 0.050000
5 0.913001 0.850000 0.034213 0.062963
5 0.970186 0.857870 0.054741 0.136111
5 0.979472 0.681481 0.017595 0.035185
1 0.807918 0.893519 0.161290 0.207407
3 0.877566 0.919444 0.054252 0.083333
5 0.834800 0.975463 0.038123 0.047222
1 0.773216 0.613426 0.175953 0.284259
3 0.814516 0.722685 0.148094 0.182407
5 0.935728 0.615741 0.019062 0.051852
1 0.806940 0.489352 0.073314 0.158333
3 0.849707 0.547685 0.084555 0.152778
3 0.761975 0.431019 0.057674 0.132407
5 0.963587 0.281944 0.049365 0.054630
5 0.917889 0.387500 0.063539 0.147222
3 0.824536 0.377315 0.073314 0.187963
3 0.868035 0.274537 0.061584 0.186111
1 0.816716 0.234259 0.141740 0.181481
5 0.892229 0.141204 0.048387 0.165741
3 0.838710 0.145833 0.100684 0.102778
1 0.803763 0.069444 0.166667 0.138889