5 0.066716 0.183333 0.013196 0.038889
5 0.095552 0.320833 0.043500 0.047222
5 0.065005 0.357870 0.011730 0.084259
5 0.075269 0.368056 0.042033 0.041667
5 0.090420 0.400926 0.027370 0.046296
5 0.159824 0.406944 0.021505 0.030556
5 0.025415 0.519444 0.033236 0.046296
5 0.062317 0.507870 0.010264 0.034259
5 0.046921 0.599074 0.035191 0.062963
5 0.075024 0.595370 0.031769 0.061111
5 0.087732 0.582407 0.050342 0.038889
5 0.029814 0.920370 0.032258 0.033333
5 0.026637 0.970370 0.049365 0.057407
5 0.152737 0.201852 0.048387 0.059259
5 0.162268 0.192593 0.036168 0.055556
5 0.226540 0.158333 0.022972 0.061111
2 0.217253 0.086111 0.105083 0.107407
5 0.197947 0.462037 0.028348 0.051852
5 0.263441 0.908796 0.009775 0.034259
5 0.334800 0.924074 0.016618 0.077778
5 0.323069 0.338889 0.019550 0.051852
5 0.409091 0.114352 0.021505 0.052778
5 0.390029 0.193981 0.035191 0.050926
5 0.381476 0.211574 0.038612 0.052778
5 0.396139 0.722685 0.021017 0.032407
5 0.450147 0.755556 0.014663 0.014815
5 0.914467 0.081019 0.013685 0.039815
5 0.976051 0.091204 0.019550 0.041667
5 0.936950 0.085648 0.041056 0.078704
5 0.918866 0.056944 0.017595 0.026852
5 0.807918 0.053241 0.026393 0.063889
5 0.811584 0.005093 0.010264 0.010185
5 0.953079 0.161111 0.053763 0.087037
5 0.914467 0.289352 0.025415 0.069444
5 0.872678 0.614352 0.011241 0.045370
5 0.857771 0.601852 0.028348 0.033333
5 0.835044 0.615278 0.025904 0.043519
5 0.792278 0.579167 0.018573 0.025000
5 0.857038 0.644907 0.028837 0.062037
5 0.832111 0.651389 0.017107 0.023148
5 0.804985 0.469444 0.042033 0.094444
0 0.692326 0.053704 0.035679 0.107407
5 0.681329 0.614352 0.016618 0.032407
5 0.520283 0.688426 0.036657 0.084259
5 0.509286 0.719907 0.035191 0.039815
5 0.501222 0.746759 0.025904 0.034259
5 0.517351 0.734259 0.021017 0.070370
0 0.633675 0.833796 0.398338 0.328704
5 0.533969 0.727315 0.014174 0.037963
5 0.495357 0.301852 0.040567 0.098148
0 0.557185 0.246296 0.363636 0.435185
0 0.566716 0.634259 0.210655 0.431481