5 0.819648 0.957407 0.019550 0.040741
5 0.737292 0.948611 0.018084 0.023148
5 0.837243 0.889352 0.008798 0.023148
5 0.928641 0.825926 0.025415 0.055556
5 0.736804 0.846296 0.041544 0.062963
5 0.692082 0.813889 0.044966 0.037037
1 0.423021 0.889815 0.118768 0.218519
5 0.644917 0.744907 0.015152 0.025000
5 0.311584 0.746296 0.049365 0.048148
5 0.025171 0.711574 0.030792 0.037963
5 0.646628 0.690278 0.009775 0.017593
5 0.113392 0.747222 0.046921 0.137037
5 0.254399 0.672685 0.035679 0.075000
5 0.827713 0.639352 0.013196 0.043519
5 0.006598 0.638426 0.013196 0.043519
5 0.096530 0.605093 0.051320 0.063889
5 0.031525 0.564352 0.015152 0.017593
5 0.195015 0.563889 0.022483 0.037037
5 0.230450 0.559259 0.055230 0.092593
5 0.575758 0.527778 0.035191 0.057407
5 0.295455 0.512963 0.010264 0.025926
5 0.109971 0.506481 0.008798 0.027778
5 0.126100 0.460648 0.048876 0.062037
5 0.180352 0.468056 0.045943 0.091667
5 0.111926 0.416667 0.009775 0.018519
5 0.658602 0.343056 0.031769 0.049074
5 0.301320 0.325463 0.021994 0.021296
5 0.100196 0.345833 0.063539 0.086111
5 0.135142 0.289815 0.047410 0.048148
5 0.213587 0.297685 0.055718 0.091667
5 0.835533 0.258333 0.017107 0.031481
5 0.564272 0.261111 0.026882 0.037037
5 0.780792 0.262037 0.059140 0.085185
5 0.096041 0.241667 0.021017 0.066667
5 0.258798 0.064815 0.031769 0.037037
5 0.090665 0.015278 0.016129 0.030556
5 0.016862 0.018519 0.022972 0.037037
5 0.224829 0.054167 0.023460 0.065741
5 0.191593 0.068981 0.041056 0.119444
5 0.017595 0.089815 0.035191 0.037037
5 0.013685 0.123148 0.027370 0.033333
5 0.111681 0.114815 0.034702 0.048148
5 0.107771 0.148148 0.051320 0.048148
5 0.268328 0.416667 0.025415 0.051852
5 0.011975 0.819444 0.019062 0.048148
5 0.070381 0.792130 0.045943 0.065741
5 0.174242 0.807870 0.070870 0.078704
5 0.155181 0.770370 0.017107 0.040741
5 0.092620 0.787963 0.018084 0.035185
5 0.028592 0.899537 0.026882 0.028704
5 0.044966 0.902315 0.027370 0.050926
5 0.024682 0.961111 0.035679 0.074074
5 0.360704 0.763426 0.028348 0.062037
5 0.352151 0.712963 0.023949 0.038889
1 0.434751 0.664352 0.223363 0.289815
5 0.305474 0.211574 0.040078 0.062037
5 0.324536 0.236574 0.041056 0.099074
1 0.420821 0.437963 0.121212 0.270370
5 0.417155 0.248611 0.181329 0.193519
1 0.432063 0.123611 0.143695 0.208333
5 0.480450 0.027315 0.039101 0.054630
5 0.515885 0.040741 0.055230 0.072222
5 0.808407 0.693981 0.030303 0.062037
5 0.553519 0.316204 0.034702 0.063889
5 0.531036 0.334722 0.040567 0.054630
5 0.737048 0.051852 0.059629 0.085185
5 0.611437 0.053704 0.021505 0.059259
5 0.638319 0.540741 0.022483 0.061111
5 0.656647 0.403704 0.031769 0.057407
5 0.874878 0.126389 0.019550 0.045370
5 0.880987 0.158796 0.021017 0.030556