5 0.018084 0.062963 0.007820 0.057407
5 0.136364 0.271296 0.047898 0.077778
5 0.038856 0.193519 0.016129 0.027778
5 0.083089 0.411574 0.016618 0.039815
5 0.164467 0.339352 0.053275 0.091667
5 0.028104 0.482407 0.056207 0.103704
5 0.034946 0.530093 0.019062 0.030556
5 0.030303 0.582870 0.015640 0.063889
5 0.049609 0.550000 0.027859 0.031481
5 0.007331 0.654167 0.013685 0.034259
5 0.066227 0.869444 0.025904 0.033333
5 0.024927 0.984722 0.015640 0.028704
5 0.052297 0.986111 0.014663 0.025926
5 0.293011 0.303704 0.069892 0.137037
5 0.231916 0.255556 0.038612 0.053704
5 0.239247 0.381481 0.020039 0.075926
5 0.299609 0.430556 0.025415 0.040741
5 0.302786 0.533333 0.030792 0.062963
5 0.300831 0.475000 0.038612 0.053704
5 0.383920 0.555556 0.022972 0.059259
5 0.279814 0.651389 0.058162 0.095370
5 0.268573 0.680093 0.016129 0.039815
5 0.312561 0.752315 0.034702 0.087963
5 0.434262 0.666204 0.056207 0.084259
5 0.423998 0.032870 0.030792 0.065741
5 0.550587 0.131944 0.045455 0.063889
5 0.522972 0.144907 0.010753 0.028704
5 0.510753 0.486111 0.020528 0.040741
5 0.537634 0.553704 0.060606 0.087037
5 0.660557 0.057870 0.040567 0.080556
5 0.644184 0.129167 0.035191 0.021296
5 0.641007 0.074537 0.008309 0.039815
5 0.652981 0.106019 0.031281 0.034259
5 0.684995 0.400463 0.044477 0.058333
5 0.667400 0.337963 0.025904 0.057407
5 0.665445 0.254167 0.022972 0.021296
5 0.600196 0.501389 0.052786 0.028704
5 0.599218 0.531944 0.037146 0.062037
5 0.653226 0.536574 0.021017 0.043519
5 0.649071 0.656481 0.036168 0.064815
5 0.596774 0.655093 0.028348 0.054630
5 0.656647 0.706481 0.042522 0.053704
5 0.644673 0.772222 0.041056 0.038889
5 0.690860 0.886574 0.048387 0.060185
5 0.711877 0.947685 0.045455 0.026852
5 0.710411 0.969907 0.018084 0.056481
5 0.745112 0.951852 0.040567 0.037037
5 0.742424 0.983796 0.024438 0.028704
5 0.777370 0.975000 0.034702 0.048148
0 0.576002 0.243981 0.462854 0.487963
0 0.505376 0.549537 0.159335 0.536111
0 0.485093 0.833333 0.122678 0.331481
0 0.405181 0.970370 0.026393 0.055556
0 0.581134 0.902315 0.185728 0.193519
0 0.551808 0.855556 0.333333 0.238889
5 0.788856 0.104167 0.043011 0.065741
5 0.742424 0.393056 0.052786 0.041667
5 0.742669 0.428241 0.043500 0.052778
5 0.863636 0.288889 0.021505 0.081481
5 0.784457 0.268981 0.019550 0.065741
5 0.766373 0.179630 0.029326 0.035185
5 0.766373 0.465741 0.025415 0.109259
5 0.968475 0.026852 0.046432 0.051852
5 0.974096 0.063426 0.026393 0.041667
5 0.963832 0.132407 0.041056 0.074074
5 0.984604 0.175463 0.027859 0.063889
5 0.984604 0.100000 0.029814 0.044444
5 0.987537 0.016667 0.022972 0.033333
5 0.740469 0.293519 0.022483 0.050000
5 0.767107 0.320370 0.026882 0.085185
5 0.809384 0.349537 0.024438 0.047222
5 0.836999 0.212037 0.035679 0.044444
5 0.971652 0.246759 0.035191 0.034259
5 0.990225 0.228241 0.014663 0.025000
5 0.969941 0.361111 0.051320 0.101852
5 0.980450 0.399537 0.022483 0.032407
5 0.995112 0.278704 0.007820 0.061111
5 0.986559 0.309259 0.023949 0.087037
5 0.878788 0.347685 0.037146 0.060185
5 0.905425 0.362500 0.042522 0.082407
5 0.965298 0.526389 0.015640 0.062037
5 0.988514 0.553704 0.021017 0.068519
5 0.847507 0.540741 0.042033 0.111111
5 0.894673 0.613426 0.031769 0.069444
5 0.894917 0.574074 0.036168 0.074074
5 0.800587 0.495370 0.030303 0.040741
5 0.788612 0.476852 0.028837 0.025926
5 0.759775 0.741667 0.025904 0.079630
5 0.785679 0.749074 0.036657 0.083333
5 0.932063 0.760185 0.038123 0.070370
5 0.970430 0.673611 0.028837 0.076852
5 0.984848 0.673148 0.028348 0.048148
5 0.893695 0.232870 0.024927 0.041667
5 0.759775 0.563889 0.028837 0.074074
5 0.850929 0.686111 0.036168 0.048148
5 0.777615 0.883796 0.033236 0.060185
5 0.974585 0.760185 0.047898 0.088889
5 0.949902 0.801852 0.030792 0.055556
5 0.962366 0.839352 0.023460 0.054630
5 0.985337 0.843981 0.021505 0.043519
5 0.980450 0.879167 0.030303 0.028704
5 0.971408 0.970370 0.021017 0.057407
5 0.911290 0.899537 0.042522 0.052778
5 0.906158 0.957407 0.036168 0.064815
5 0.849218 0.959722 0.035679 0.056481
5 0.855572 0.762500 0.033724 0.062037
5 0.833578 0.721296 0.024927 0.066667
5 0.797410 0.812037 0.028837 0.050000
5 0.796921 0.687500 0.026882 0.030556
5 0.804497 0.667593 0.015640 0.037037
5 0.875611 0.535648 0.020039 0.034259
5 0.953812 0.065741 0.019062 0.037037
5 0.783236 0.848148 0.029814 0.022222
5 0.726540 0.794444 0.009286 0.057407
5 0.725318 0.745370 0.019550 0.040741
5 0.748534 0.748148 0.020039 0.027778
5 0.732649 0.581481 0.014663 0.044444
5 0.736804 0.630093 0.012219 0.026852
5 0.774682 0.624537 0.009775 0.034259
5 0.692082 0.472685 0.013685 0.036111
5 0.776882 0.522222 0.021017 0.029630
5 0.749511 0.517593 0.014174 0.035185
5 0.789589 0.122222 0.023949 0.038889
5 0.566471 0.019907 0.022483 0.034259
5 0.995601 0.611574 0.006843 0.039815