5 0.215787 0.989352 0.020039 0.019444
1 0.768573 0.959722 0.059140 0.078704
5 0.145650 0.896296 0.013685 0.033333
5 0.722630 0.796296 0.019062 0.040741
5 0.902004 0.726389 0.022972 0.036111
5 0.882454 0.708796 0.023949 0.041667
5 0.513685 0.657407 0.014663 0.029630
5 0.316960 0.625463 0.006354 0.021296
5 0.327713 0.623148 0.008309 0.027778
5 0.710655 0.581019 0.034213 0.058333
5 0.461632 0.603241 0.021017 0.049074
5 0.140029 0.567130 0.025904 0.025000
5 0.649071 0.479630 0.011730 0.037037
5 0.307918 0.435648 0.009775 0.026852
5 0.389785 0.421296 0.018084 0.048148
3 0.423998 0.415741 0.021994 0.037037
5 0.435484 0.330093 0.024438 0.047222
5 0.677664 0.241204 0.021994 0.019444
5 0.402004 0.234259 0.016129 0.020370
5 0.979472 0.135185 0.033236 0.033333
5 0.311584 0.091204 0.025904 0.045370
5 0.861681 0.015278 0.027370 0.030556
5 0.528837 0.007407 0.015640 0.014815
5 0.503177 0.682870 0.030792 0.056481
5 0.397116 0.709259 0.023949 0.029630
4 0.385386 0.667130 0.020039 0.026852
5 0.370968 0.603241 0.021505 0.049074
5 0.490714 0.490741 0.012708 0.064815
5 0.463343 0.451389 0.021505 0.021296
5 0.413245 0.354630 0.018084 0.033333
5 0.500000 0.163889 0.024438 0.064815
5 0.537634 0.172685 0.028348 0.026852
5 0.630987 0.141204 0.026393 0.045370
5 0.637830 0.276389 0.009775 0.039815
5 0.707967 0.264815 0.021994 0.031481
5 0.763685 0.260185 0.021017 0.031481
1 0.803275 0.771759 0.127566 0.232407
3 0.825758 0.671759 0.063050 0.075000
3 0.838710 0.358333 0.077224 0.255556
1 0.790323 0.532870 0.173998 0.269444
1 0.758309 0.344444 0.102151 0.155556
5 0.864614 0.101389 0.014663 0.017593
5 0.876344 0.117593 0.015640 0.014815
1 0.794233 0.185648 0.132942 0.136111
1 0.760020 0.087500 0.179863 0.175000
5 0.975073 0.693519 0.035191 0.070370
5 0.879521 0.850926 0.015152 0.046296
5 0.866325 0.152315 0.010264 0.025000
3 0.264174 0.601852 0.013196 0.038889
3 0.227761 0.607407 0.028348 0.048148
3 0.177664 0.471296 0.043500 0.135185
3 0.177419 0.552778 0.049853 0.072222
1 0.246823 0.528704 0.145650 0.107407
1 0.250489 0.407407 0.119746 0.272222
3 0.247801 0.307407 0.042033 0.062963
3 0.233138 0.221296 0.041056 0.098148
3 0.183284 0.220833 0.082111 0.067593
3 0.190371 0.144444 0.071848 0.100000
1 0.238514 0.105093 0.124145 0.210185
1 0.277615 0.027778 0.100684 0.055556