0 0.377077 0.987500 0.027859 0.023148
5 0.225318 0.960185 0.053763 0.077778
2 0.007087 0.814352 0.014174 0.030556
5 0.691105 0.808333 0.075269 0.118519
5 0.041056 0.744444 0.020528 0.027778
5 0.464809 0.728241 0.014663 0.013889
5 0.648583 0.748148 0.022483 0.070370
5 0.364125 0.713889 0.010753 0.020370
5 0.161535 0.725000 0.033724 0.055556
5 0.280547 0.664815 0.008798 0.020370
5 0.806207 0.640278 0.082600 0.119444
5 0.246334 0.632870 0.059629 0.137963
5 0.383187 0.530556 0.010753 0.012963
5 0.335533 0.516204 0.015152 0.021296
5 0.289589 0.406019 0.008309 0.015741
5 0.276637 0.412500 0.026393 0.073148
5 0.919110 0.349537 0.042522 0.075000
5 0.014418 0.326389 0.028837 0.063889
5 0.881965 0.207870 0.016129 0.052778
5 0.627810 0.163889 0.010264 0.018519
5 0.461144 0.155093 0.008309 0.026852
5 0.176931 0.113426 0.025415 0.119444
5 0.141007 0.144907 0.041544 0.080556
5 0.031281 0.098148 0.009775 0.018519
5 0.272239 0.096759 0.029326 0.071296
5 0.982649 0.041667 0.013196 0.022222
5 0.770528 0.041204 0.010264 0.023148
5 0.743157 0.068056 0.098240 0.136111
2 0.027859 0.633796 0.055718 0.149074
5 0.140274 0.729630 0.006843 0.014815
5 0.005865 0.983333 0.011730 0.029630
5 0.228495 0.338889 0.051320 0.087037
0 0.528837 0.166204 0.144673 0.332407
0 0.393451 0.400926 0.536657 0.451852
5 0.479228 0.035185 0.023949 0.020370
0 0.523705 0.870833 0.345552 0.256481
5 0.563539 0.791204 0.052786 0.106481
5 0.585288 0.712037 0.044477 0.081481
5 0.518817 0.612963 0.022972 0.061111
5 0.544477 0.595370 0.044966 0.066667
5 0.573803 0.656019 0.060606 0.115741