5 0.056940 0.215741 0.008309 0.022222
5 0.035191 0.220833 0.041056 0.065741
5 0.033480 0.246296 0.015152 0.037037
5 0.039101 0.266204 0.010753 0.023148
5 0.022239 0.901389 0.028837 0.043519
5 0.010264 0.960185 0.019550 0.037037
5 0.125367 0.982407 0.045455 0.033333
5 0.104350 0.848148 0.021017 0.038889
5 0.022239 0.795370 0.010264 0.027778
5 0.002688 0.781019 0.005376 0.036111
5 0.003666 0.810648 0.007331 0.058333
5 0.011975 0.682407 0.023949 0.077778
5 0.007820 0.503241 0.015640 0.047222
5 0.009531 0.547222 0.019062 0.031481
5 0.128543 0.917130 0.024438 0.032407
5 0.100929 0.672222 0.060117 0.094444
5 0.052542 0.692593 0.056207 0.103704
5 0.151026 0.762037 0.008798 0.022222
5 0.167400 0.424074 0.021017 0.040741
5 0.170577 0.335648 0.017595 0.026852
5 0.143695 0.364352 0.022483 0.023148
5 0.032502 0.075000 0.021017 0.027778
5 0.066227 0.141204 0.013196 0.021296
5 0.064272 0.175000 0.016129 0.024074
1 0.284702 0.011111 0.060117 0.022222
5 0.325269 0.300000 0.020039 0.038889
5 0.316227 0.300463 0.005865 0.015741
5 0.294966 0.354167 0.021994 0.041667
5 0.364370 0.368981 0.017107 0.021296
5 0.365591 0.387963 0.034213 0.044444
2 0.278348 0.355556 0.065982 0.085185
5 0.301075 0.653241 0.084066 0.086111
2 0.246334 0.610648 0.056696 0.047222
2 0.291056 0.610185 0.041544 0.027778
2 0.273949 0.543056 0.007331 0.065741
5 0.319159 0.782407 0.018573 0.061111
5 0.273216 0.783796 0.017595 0.028704
5 0.251955 0.757870 0.019062 0.034259
5 0.400538 0.961574 0.058162 0.073148
5 0.409335 0.887500 0.031769 0.037963
5 0.437195 0.873611 0.016129 0.019444
5 0.484115 0.902315 0.029814 0.045370
5 0.485826 0.869907 0.006843 0.026852
5 0.514174 0.881019 0.043988 0.093519
5 0.527126 0.854630 0.029814 0.050000
5 0.536168 0.908796 0.027370 0.032407
5 0.447458 0.783796 0.021994 0.036111
5 0.485826 0.739352 0.020528 0.036111
5 0.525171 0.718981 0.021017 0.082407
5 0.402737 0.725463 0.057674 0.065741
5 0.406891 0.699537 0.004399 0.010185
5 0.392473 0.578241 0.028348 0.047222
5 0.402004 0.366204 0.030792 0.047222
5 0.473607 0.373611 0.007820 0.034259
5 0.402248 0.404167 0.024438 0.050926
5 0.442082 0.440278 0.049365 0.110185
5 0.488025 0.502315 0.007331 0.019444
5 0.510508 0.466204 0.019062 0.039815
5 0.493646 0.219907 0.007820 0.030556
5 0.548631 0.233796 0.012219 0.025000
5 0.414712 0.279630 0.015152 0.053704
5 0.396383 0.221759 0.008798 0.015741
5 0.362170 0.140278 0.006843 0.026852
5 0.545943 0.109722 0.027370 0.108333
5 0.563539 0.577778 0.020528 0.029630
5 0.637097 0.749537 0.020039 0.065741
5 0.644428 0.698611 0.015152 0.032407
5 0.621457 0.684722 0.044477 0.080556
5 0.609726 0.364815 0.056207 0.037037
5 0.645161 0.373148 0.027370 0.083333
5 0.712610 0.115741 0.072336 0.079630
5 0.709189 0.193519 0.032258 0.059259
5 0.678397 0.615741 0.046921 0.107407
5 0.710411 0.686111 0.044477 0.088889
5 0.757087 0.415741 0.016618 0.061111
5 0.751711 0.287037 0.037146 0.040741
5 0.781281 0.232407 0.020039 0.044444
5 0.825758 0.256944 0.020039 0.100926
5 0.811095 0.340741 0.021994 0.120370
1 0.747801 0.451389 0.047898 0.073148
5 0.769306 0.387037 0.095797 0.231481
5 0.921065 0.050463 0.023949 0.071296
5 0.961632 0.109722 0.021017 0.084259
5 0.956989 0.030556 0.049853 0.061111
5 0.913490 0.192593 0.036168 0.051852
5 0.884409 0.201389 0.040567 0.084259
5 0.907869 0.204630 0.010264 0.062963
5 0.936950 0.349074 0.023460 0.040741
5 0.950147 0.410648 0.014663 0.052778
5 0.928397 0.444444 0.046432 0.055556
5 0.969697 0.432407 0.059629 0.140741
5 0.953568 0.254167 0.049853 0.104630
5 0.986559 0.212500 0.022972 0.080556
5 0.902248 0.693519 0.022483 0.072222
5 0.977517 0.685648 0.043011 0.100926
5 0.994379 0.773611 0.010264 0.032407
5 0.936950 0.756019 0.058651 0.125000
5 0.814761 0.706481 0.027370 0.053704
5 0.820381 0.663426 0.018084 0.028704
5 0.845308 0.607870 0.023949 0.021296
5 0.879277 0.575000 0.038123 0.048148
5 0.947214 0.984722 0.015640 0.028704
5 0.841153 0.836111 0.062561 0.144444
5 0.858993 0.988889 0.013196 0.020370
5 0.896139 0.890741 0.030792 0.020370
5 0.892962 0.843981 0.030303 0.021296
5 0.956500 0.978241 0.013685 0.037963
5 0.973851 0.961574 0.043500 0.075000
5 0.988025 0.909722 0.022972 0.058333
1 0.242913 0.461111 0.206256 0.146296
1 0.222874 0.875000 0.096774 0.222222
1 0.269550 0.939815 0.086510 0.118519
5 0.254888 0.263889 0.027859 0.088889
5 0.268328 0.277778 0.013685 0.033333
5 0.271750 0.291204 0.014663 0.030556
1 0.769062 0.118056 0.023949 0.062037
5 0.750244 0.112963 0.034213 0.027778
0 0.778837 0.050000 0.065005 0.100000
5 0.751466 0.120833 0.021017 0.100926
1 0.722141 0.787037 0.120723 0.296296
1 0.749267 0.877778 0.144673 0.237037
1 0.769550 0.951852 0.151026 0.094444