5 0.712610 0.890278 0.030303 0.037963
2 0.273949 0.886111 0.024927 0.048148
5 0.900538 0.773148 0.027859 0.053704
5 0.662023 0.669444 0.032747 0.055556
1 0.199169 0.800926 0.190127 0.314815
1 0.243891 0.506019 0.084066 0.219444
5 0.532014 0.332407 0.013196 0.027778
5 0.781281 0.279630 0.016129 0.035185
2 0.235826 0.257407 0.069892 0.148148
5 0.602884 0.268519 0.008309 0.018519
5 0.700635 0.261574 0.008309 0.026852
5 0.942082 0.261111 0.036657 0.081481
5 0.964321 0.200463 0.020528 0.047222
1 0.730450 0.139352 0.046432 0.082407
5 0.133675 0.016667 0.011241 0.025926
2 0.265885 0.074074 0.063539 0.148148
5 0.488025 0.508333 0.024927 0.057407
5 0.466764 0.643519 0.028348 0.040741
5 0.508553 0.531481 0.025904 0.038889
5 0.496334 0.625926 0.018084 0.037037
5 0.500978 0.723611 0.031281 0.041667
5 0.540567 0.656481 0.020528 0.033333
5 0.457722 0.781481 0.020039 0.074074
5 0.432796 0.884259 0.026882 0.072222
5 0.553519 0.297685 0.023949 0.026852
5 0.550098 0.087037 0.024927 0.029630
5 0.578446 0.112963 0.026882 0.048148
5 0.543744 0.048611 0.017107 0.045370
5 0.555474 0.044907 0.017107 0.049074
5 0.684506 0.774537 0.020039 0.058333
1 0.727273 0.951389 0.080156 0.093519
1 0.787879 0.857407 0.150538 0.187037
5 0.711388 0.909259 0.023949 0.037037
1 0.757576 0.737963 0.170088 0.150000
1 0.745846 0.579630 0.138807 0.175926
5 0.895650 0.922222 0.026882 0.055556
5 0.937928 0.907870 0.015640 0.030556
5 0.959677 0.909259 0.020039 0.035185
5 0.984604 0.837500 0.024927 0.043519
5 0.930841 0.851389 0.008309 0.021296
5 0.911046 0.852315 0.016618 0.032407
5 0.974829 0.764352 0.015152 0.019444
5 0.992424 0.754630 0.013196 0.033333
5 0.958700 0.983796 0.034702 0.026852
5 0.898583 0.737500 0.023949 0.034259
5 0.903226 0.565278 0.021505 0.052778
5 0.947458 0.585185 0.012219 0.035185
5 0.937439 0.618056 0.026393 0.050926
5 0.957234 0.503704 0.009286 0.022222
5 0.954057 0.547222 0.017595 0.027778
5 0.934995 0.350000 0.024438 0.050000
5 0.796921 0.377778 0.011241 0.029630
5 0.749511 0.337037 0.021994 0.040741
5 0.986315 0.360185 0.014663 0.033333
5 0.912023 0.261574 0.022483 0.036111
5 0.920821 0.235185 0.019550 0.035185
5 0.929863 0.259259 0.016129 0.072222
5 0.980694 0.194907 0.019062 0.036111
5 0.870968 0.162963 0.026393 0.037037
5 0.902004 0.183333 0.022972 0.044444
5 0.836266 0.242130 0.020528 0.047222
5 0.798143 0.247685 0.021505 0.028704
5 0.826246 0.418056 0.017107 0.037963
5 0.763930 0.363889 0.014663 0.035185
5 0.916667 0.033333 0.017107 0.033333
5 0.978006 0.048148 0.015640 0.016667
5 0.916667 0.009722 0.022972 0.017593