4 0.041789 0.035185 0.078690 0.070370
5 0.036168 0.488889 0.016618 0.048148
5 0.095797 0.468519 0.011730 0.027778
5 0.161535 0.740278 0.017107 0.041667
5 0.220919 0.772685 0.020528 0.037963
5 0.205034 0.909259 0.031769 0.029630
1 0.231672 0.968056 0.100684 0.062037
1 0.277126 0.821759 0.100684 0.200926
5 0.321848 0.791204 0.015152 0.034259
3 0.291300 0.712963 0.054741 0.075926
1 0.253177 0.563889 0.202346 0.237037
1 0.271017 0.379630 0.132454 0.251852
1 0.272239 0.190278 0.096774 0.263889
1 0.287634 0.092130 0.182307 0.184259
5 0.431085 0.620833 0.043011 0.095370
5 0.482893 0.467593 0.017595 0.035185
5 0.580645 0.659722 0.023460 0.047222
5 0.682307 0.979630 0.033236 0.038889
1 0.795210 0.902778 0.124145 0.192593
5 0.816960 0.814352 0.030792 0.060185
3 0.851662 0.774537 0.117791 0.115741
1 0.804252 0.658796 0.056207 0.204630
5 0.780792 0.480556 0.031769 0.051852
5 0.702346 0.193981 0.040078 0.050926
5 0.688416 0.173611 0.024927 0.050926
5 0.712854 0.237963 0.024927 0.044444
3 0.738759 0.127315 0.030792 0.063889
1 0.798387 0.161111 0.086510 0.246296
3 0.850684 0.439352 0.086510 0.162037
3 0.857283 0.326852 0.106549 0.138889
5 0.828201 0.281944 0.029814 0.050926
5 0.954057 0.403241 0.030303 0.076852
5 0.926197 0.329630 0.025415 0.044444
5 0.930596 0.363889 0.024438 0.051852
5 0.967986 0.285185 0.045455 0.075926
1 0.810362 0.048611 0.067449 0.097222
5 0.762952 0.037963 0.029326 0.029630
5 0.926197 0.093519 0.014663 0.033333
5 0.485826 0.242593 0.030303 0.064815
5 0.559873 0.102778 0.027859 0.062963
5 0.594575 0.100926 0.020039 0.048148
5 0.489736 0.078704 0.020528 0.051852
5 0.471408 0.157407 0.023949 0.038889