5 0.663490 0.987500 0.007331 0.021296
5 0.816471 0.829167 0.045455 0.075000
5 0.249511 0.647222 0.011241 0.022222
5 0.718231 0.568056 0.007331 0.021296
5 0.402493 0.562037 0.009286 0.025926
5 0.214565 0.561111 0.016618 0.037037
5 0.844575 0.628704 0.084066 0.172222
5 0.899804 0.540278 0.007820 0.019444
5 0.123656 0.516204 0.013685 0.026852
5 0.670821 0.507870 0.009286 0.012037
5 0.589198 0.511574 0.033724 0.060185
5 0.260508 0.459259 0.011730 0.031481
5 0.917644 0.454167 0.043500 0.058333
5 0.971652 0.338889 0.009775 0.025926
5 0.094819 0.281481 0.017595 0.051852
2 0.019062 0.241204 0.034213 0.060185
5 0.706745 0.250926 0.036168 0.075926
5 0.791300 0.236574 0.033236 0.056481
5 0.250000 0.225463 0.008309 0.026852
5 0.774438 0.183333 0.027859 0.059259
5 0.851662 0.093056 0.016129 0.045370
5 0.819159 0.021296 0.014663 0.027778
2 0.566471 0.774074 0.022483 0.068519
0 0.387830 0.894444 0.357283 0.209259
0 0.461144 0.317593 0.143206 0.257407
0 0.480694 0.501389 0.183284 0.391667
5 0.770528 0.717130 0.023949 0.043519
5 0.798387 0.705093 0.021994 0.052778
5 0.817937 0.878704 0.009286 0.020370