5 0.020772 0.678704 0.033724 0.035185
5 0.008065 0.901389 0.015152 0.023148
5 0.126588 0.032870 0.041056 0.060185
1 0.318671 0.062500 0.087977 0.125000
1 0.290078 0.162963 0.091398 0.181481
1 0.308895 0.312500 0.134897 0.189815
5 0.366080 0.264815 0.025415 0.038889
5 0.298631 0.481481 0.034213 0.057407
5 0.243646 0.624537 0.038612 0.071296
5 0.307918 0.555093 0.017595 0.039815
5 0.306452 0.596296 0.018573 0.044444
1 0.300342 0.766667 0.183284 0.275926
1 0.298631 0.902778 0.110459 0.188889
5 0.376100 0.761574 0.029814 0.058333
5 0.385630 0.796296 0.018573 0.044444
5 0.363392 0.806481 0.021017 0.037037
5 0.421065 0.742130 0.023949 0.034259
5 0.241202 0.556481 0.023949 0.048148
5 0.453324 0.108333 0.019062 0.070370
5 0.436950 0.086574 0.024438 0.050926
5 0.453324 0.501852 0.044477 0.044444
5 0.503910 0.854167 0.014663 0.047222
5 0.576979 0.088889 0.023949 0.048148
5 0.525171 0.163426 0.021017 0.041667
5 0.557185 0.409722 0.023460 0.030556
5 0.541789 0.528704 0.021994 0.042593
5 0.614858 0.878704 0.021505 0.044444
5 0.665445 0.879167 0.028837 0.041667
5 0.687683 0.548148 0.033236 0.062963
5 0.690127 0.470833 0.014663 0.065741
5 0.683040 0.222685 0.029814 0.054630
5 0.685728 0.108333 0.018573 0.046296
5 0.749756 0.620370 0.038123 0.057407
5 0.765885 0.075463 0.019550 0.039815
1 0.824047 0.117130 0.158358 0.234259
1 0.819892 0.870370 0.121701 0.227778
1 0.813539 0.619907 0.103128 0.241667
5 0.815005 0.975463 0.040567 0.047222
5 0.850929 0.975463 0.016618 0.041667
5 0.787390 0.967130 0.016618 0.060185
5 0.513196 0.242130 0.019550 0.052778
1 0.833089 0.287963 0.098240 0.194444
1 0.814516 0.433796 0.150049 0.186111
5 0.933529 0.026389 0.015640 0.047222
5 0.916178 0.147222 0.042522 0.061111
5 0.913001 0.186111 0.017595 0.053704
5 0.893206 0.019907 0.018084 0.037963
5 0.986804 0.015741 0.013685 0.031481
5 0.988270 0.258796 0.020528 0.050926
5 0.992180 0.412963 0.014663 0.044444
5 0.913245 0.481944 0.027859 0.054630
5 0.927664 0.590741 0.028348 0.068519
5 0.929130 0.725463 0.023460 0.054630
5 0.936461 0.759722 0.015640 0.037963