0 0.569892 0.347222 0.301075 0.394444
0 0.618768 0.107870 0.142717 0.215741
0 0.387097 0.020370 0.092864 0.031481
0 0.523705 0.749537 0.298631 0.495370
5 0.133187 0.128241 0.047410 0.049074
5 0.079179 0.158796 0.032258 0.052778
5 0.045943 0.030093 0.016618 0.047222
5 0.079912 0.265741 0.024927 0.064815
5 0.099707 0.363889 0.033236 0.074074
5 0.109726 0.502315 0.035679 0.078704
5 0.017351 0.334259 0.020039 0.059259
5 0.119501 0.672685 0.028837 0.054630
5 0.154936 0.586111 0.030303 0.048148
5 0.151026 0.661574 0.024438 0.067593
5 0.142962 0.818519 0.027859 0.059259
5 0.112170 0.925000 0.040567 0.074074
5 0.233382 0.890278 0.038612 0.076852
5 0.392473 0.880093 0.044966 0.054630
5 0.378543 0.942130 0.045455 0.087963
5 0.379765 0.807407 0.049853 0.072222
5 0.352639 0.603704 0.045455 0.070370
5 0.347752 0.480093 0.038612 0.071296
5 0.267107 0.500463 0.035679 0.078704
5 0.441593 0.528704 0.034702 0.061111
5 0.517107 0.553241 0.046921 0.113889
5 0.408602 0.320833 0.026393 0.063889
5 0.374145 0.343981 0.021017 0.056481
5 0.358993 0.206481 0.027859 0.062963
5 0.475318 0.219444 0.051320 0.100000
5 0.417889 0.143981 0.054741 0.078704
5 0.490714 0.119907 0.055718 0.065741
5 0.513196 0.081944 0.026393 0.052778
5 0.519550 0.025000 0.030303 0.025926
5 0.578935 0.397685 0.065005 0.080556
5 0.658847 0.479167 0.042033 0.115741
5 0.630254 0.577778 0.026882 0.068519
5 0.673021 0.815741 0.042033 0.072222
5 0.632209 0.826852 0.044477 0.075926
5 0.675220 0.918981 0.044477 0.054630
5 0.726295 0.948148 0.028348 0.055556
5 0.865591 0.945370 0.039101 0.055556
5 0.833089 0.946759 0.036657 0.091667
5 0.699413 0.603704 0.053763 0.101852
5 0.869746 0.806481 0.031769 0.070370
5 0.820870 0.698611 0.038612 0.052778
5 0.867546 0.520833 0.043011 0.076852
5 0.856061 0.450463 0.031769 0.047222
5 0.860459 0.366204 0.035679 0.052778
5 0.748045 0.496759 0.034702 0.054630
5 0.780792 0.346759 0.041544 0.050926
5 0.760997 0.262500 0.065494 0.110185
5 0.769062 0.053241 0.041544 0.049074
5 0.694526 0.135648 0.031281 0.041667
5 0.979472 0.968056 0.032258 0.054630
5 0.978983 0.879167 0.031281 0.041667
5 0.951857 0.858796 0.027859 0.039815
5 0.976540 0.770370 0.038123 0.105556
5 0.981672 0.651852 0.025904 0.066667
5 0.984848 0.480556 0.024438 0.066667
5 0.920821 0.381019 0.041056 0.049074
5 0.942571 0.188889 0.021994 0.055556
5 0.620479 0.244907 0.027859 0.065741
5 0.576979 0.255556 0.040567 0.048148
5 0.664467 0.018056 0.046432 0.030556
5 0.034457 0.612500 0.028837 0.049074
5 0.058651 0.450463 0.013685 0.026852
5 0.052053 0.494907 0.023949 0.050926
5 0.516862 0.262500 0.029814 0.032407
5 0.736070 0.694444 0.056696 0.131481
5 0.742669 0.610648 0.041544 0.084259
5 0.769550 0.142130 0.033724 0.062037
5 0.795455 0.100926 0.046432 0.092593
5 0.854839 0.169444 0.015640 0.051852
5 0.859482 0.145833 0.009286 0.056481
5 0.843597 0.106481 0.020528 0.031481
5 0.859238 0.087037 0.022483 0.050000
5 0.847996 0.045833 0.034213 0.049074
5 0.798631 0.007870 0.021505 0.012037
5 0.712366 0.727315 0.012219 0.037963
5 0.728983 0.737037 0.021017 0.029630
5 0.941838 0.792130 0.014663 0.036111
5 0.900049 0.157870 0.048387 0.087963
5 0.965298 0.033796 0.039101 0.067593
5 0.983138 0.088426 0.031769 0.056481
5 0.988270 0.207407 0.022483 0.087037
5 0.847507 0.653241 0.023460 0.032407
5 0.859971 0.684722 0.016129 0.021296
5 0.881476 0.624074 0.037634 0.046296
5 0.846041 0.617593 0.029326 0.048148
5 0.866080 0.582407 0.024438 0.025926
5 0.881965 0.592130 0.037634 0.026852