5 0.228250 0.182407 0.052786 0.109259
5 0.187683 0.185185 0.036168 0.066667
5 0.294966 0.089352 0.044477 0.073148
5 0.349218 0.085185 0.106061 0.170370
5 0.294233 0.293981 0.051808 0.121296
5 0.165445 0.359722 0.046432 0.080556
5 0.235826 0.356481 0.034702 0.079630
5 0.062072 0.484259 0.054741 0.100000
5 0.377322 0.927315 0.100684 0.139815
1 0.472385 0.952778 0.107038 0.092593
1 0.472385 0.752315 0.120723 0.299074
5 0.545943 0.728704 0.042033 0.050000
1 0.460899 0.612037 0.162268 0.244444
1 0.468475 0.488889 0.073803 0.224074
5 0.510264 0.412037 0.076246 0.131481
5 0.555230 0.212500 0.063539 0.071296
1 0.481916 0.119444 0.096774 0.238889
5 0.711877 0.108796 0.045455 0.084259
3 0.836755 0.282407 0.147605 0.324074
5 0.798631 0.721759 0.069404 0.104630
5 0.980938 0.446296 0.036168 0.085185
5 0.485093 0.317130 0.021994 0.043519
5 0.405181 0.350000 0.020528 0.035185