5 0.855327 0.953704 0.020528 0.046296
5 0.892962 0.938889 0.021505 0.074074
5 0.242424 0.924074 0.038123 0.042593
5 0.960655 0.835648 0.014174 0.049074
0 0.483138 0.865278 0.145161 0.267593
5 0.977273 0.730093 0.027859 0.073148
5 0.130987 0.669907 0.034213 0.028704
5 0.964321 0.577315 0.024438 0.058333
5 0.906647 0.475000 0.021505 0.024074
5 0.081623 0.477315 0.034213 0.069444
1 0.576491 0.625926 0.224340 0.396296
5 0.552053 0.391204 0.011241 0.021296
5 0.452590 0.386574 0.015640 0.015741
5 0.865103 0.393056 0.011730 0.030556
5 0.032014 0.380093 0.021017 0.030556
5 0.305718 0.386111 0.041544 0.079630
5 0.516129 0.362037 0.013685 0.027778
5 0.458944 0.314352 0.011730 0.025000
5 0.839932 0.278704 0.022972 0.053704
5 0.643451 0.257870 0.018084 0.037963
5 0.014418 0.258333 0.017107 0.064815
5 0.972630 0.214815 0.040078 0.068519
5 0.881232 0.144444 0.014663 0.035185
0 0.551075 0.077315 0.088465 0.154630
1 0.454057 0.010185 0.018573 0.020370
5 0.280547 0.273611 0.020528 0.043519