5 0.732893 0.981481 0.027859 0.035185
5 0.350684 0.978241 0.029814 0.041667
5 0.783969 0.935185 0.012708 0.025926
5 0.021750 0.926389 0.034702 0.093519
5 0.732649 0.875463 0.018573 0.021296
5 0.008309 0.840278 0.016618 0.045370
5 0.658113 0.811574 0.014174 0.039815
5 0.422043 0.762037 0.008309 0.024074
5 0.492669 0.762037 0.041056 0.029630
5 0.639052 0.763889 0.021994 0.050000
5 0.579668 0.722685 0.015640 0.041667
5 0.028348 0.727778 0.045943 0.070370
5 0.949902 0.646296 0.013196 0.031481
5 0.827224 0.637963 0.061095 0.057407
5 0.252444 0.608333 0.042522 0.068519
5 0.007820 0.571296 0.015640 0.068519
5 0.785924 0.464815 0.032258 0.046296
5 0.367058 0.451852 0.024438 0.029630
5 0.751711 0.455093 0.033236 0.047222
5 0.279081 0.500463 0.128055 0.213889
5 0.641007 0.379167 0.017107 0.039815
5 0.804741 0.326389 0.025904 0.056481
5 0.546188 0.219444 0.011241 0.031481
5 0.155914 0.251389 0.063539 0.123148
5 0.961144 0.106481 0.028837 0.072222
5 0.760997 0.050463 0.027370 0.041667
1 0.483627 0.095833 0.109971 0.191667
5 0.172043 0.076389 0.032258 0.108333
5 0.273460 0.205093 0.016129 0.032407
5 0.206256 0.966667 0.036168 0.064815
5 0.198680 0.917130 0.045455 0.100926
5 0.266373 0.920370 0.022483 0.033333
5 0.274438 0.854167 0.045455 0.095370
5 0.326979 0.181481 0.074291 0.090741
5 0.365347 0.175926 0.022972 0.066667
1 0.447947 0.584722 0.178397 0.208333
1 0.475318 0.375000 0.150049 0.257407
5 0.461632 0.285185 0.025904 0.053704
5 0.483627 0.225926 0.045455 0.064815
5 0.413490 0.551852 0.066471 0.070370
1 0.459922 0.895833 0.082111 0.112037
1 0.470186 0.941667 0.051808 0.114815