5 0.357771 0.517593 0.017595 0.037037
5 0.525415 0.418056 0.012708 0.028704
5 0.006843 0.096759 0.013685 0.034259
5 0.123167 0.835648 0.037146 0.056481
5 0.119746 0.112037 0.019550 0.042593
2 0.171554 0.010185 0.094819 0.018519
1 0.215787 0.088889 0.114858 0.177778
4 0.332356 0.593056 0.022483 0.045370
1 0.232649 0.516204 0.065494 0.154630
5 0.108993 0.154167 0.018573 0.036111
2 0.228739 0.752315 0.043988 0.078704
3 0.215543 0.847685 0.089932 0.076852
1 0.224829 0.930556 0.103617 0.131481
4 0.018084 0.674537 0.036168 0.115741
5 0.367058 0.781944 0.030303 0.047222
5 0.418377 0.918519 0.009775 0.033333
5 0.360704 0.936111 0.017595 0.044444
5 0.359971 0.859722 0.044477 0.076852
5 0.390762 0.839815 0.037634 0.092593
4 0.973363 0.836574 0.019062 0.045370
4 0.949169 0.849537 0.017595 0.036111
4 0.915445 0.641204 0.022483 0.034259
5 0.955034 0.394444 0.029326 0.042593
5 0.923509 0.281019 0.033724 0.062037
5 0.949658 0.195833 0.024438 0.045370
5 0.949413 0.231944 0.013196 0.036111
4 0.482649 0.347222 0.032747 0.053704
5 0.508065 0.467130 0.020039 0.032407
4 0.481427 0.553241 0.026393 0.043519
5 0.563539 0.726389 0.020528 0.049074
4 0.459677 0.650926 0.033724 0.042593
5 0.517351 0.654167 0.038612 0.080556
5 0.554008 0.589815 0.044477 0.083333
5 0.556696 0.928704 0.019550 0.038889
5 0.613148 0.753241 0.045455 0.100926
4 0.664467 0.871296 0.033724 0.062963
4 0.673998 0.918981 0.068426 0.036111
5 0.848729 0.342593 0.022972 0.040741
5 0.842131 0.449074 0.056696 0.131481
5 0.869990 0.368056 0.029326 0.047222
5 0.613636 0.018519 0.037634 0.031481
5 0.597263 0.382407 0.011730 0.027778
5 0.566960 0.356944 0.047898 0.080556
5 0.623412 0.565741 0.023949 0.050000
5 0.602395 0.544907 0.016129 0.028704
5 0.674976 0.484722 0.023460 0.034259
5 0.651515 0.529630 0.015640 0.042593
4 0.694526 0.643519 0.016618 0.031481
5 0.665934 0.674537 0.004399 0.026852
5 0.769795 0.350000 0.033236 0.051852
5 0.788856 0.357407 0.017595 0.040741
5 0.778592 0.488426 0.021505 0.030556
5 0.747556 0.459259 0.032747 0.051852
1 0.754399 0.412037 0.104106 0.131481
1 0.753421 0.572222 0.075758 0.098148
5 0.768328 0.520833 0.021505 0.021296
5 0.785435 0.645833 0.026393 0.041667
1 0.746090 0.730556 0.137341 0.190741
1 0.764418 0.877315 0.107527 0.206481