0 0.545699 0.112500 0.317204 0.225000
5 0.325024 0.149074 0.043011 0.055556
5 0.299609 0.208333 0.024438 0.050000
5 0.284213 0.075000 0.038612 0.070370
5 0.284457 0.156019 0.024438 0.054630
5 0.260753 0.212963 0.039589 0.037037
5 0.278348 0.387037 0.047410 0.081481
5 0.280792 0.507407 0.079668 0.103704
5 0.273705 0.584722 0.038123 0.082407
5 0.271750 0.653704 0.043011 0.057407
5 0.347019 0.383333 0.034213 0.070370
5 0.408602 0.495833 0.034213 0.065741
5 0.303519 0.803241 0.050831 0.099074
5 0.207722 0.733333 0.041056 0.083333
5 0.287146 0.955556 0.066960 0.083333
5 0.203568 0.947685 0.044477 0.037963
5 0.177419 0.962500 0.059629 0.062037
5 0.141496 0.614352 0.047410 0.075000
5 0.133920 0.544444 0.032258 0.070370
5 0.093353 0.572685 0.032258 0.036111
5 0.136119 0.428704 0.029814 0.068519
5 0.102639 0.386574 0.050831 0.089815
5 0.064761 0.442593 0.033724 0.048148
5 0.069404 0.362500 0.017595 0.060185
5 0.088465 0.160185 0.043988 0.081481
5 0.063050 0.185648 0.042033 0.075000
5 0.046188 0.257870 0.030792 0.075000
5 0.106061 0.032407 0.025415 0.059259
5 0.014174 0.125000 0.023460 0.062963
5 0.062805 0.023611 0.039589 0.045370
5 0.021994 0.181019 0.017595 0.036111
5 0.025904 0.341667 0.045943 0.053704
5 0.021017 0.865278 0.042033 0.084259
5 0.082111 0.932870 0.049853 0.050926
5 0.434995 0.263426 0.030303 0.060185
5 0.486070 0.257870 0.034702 0.056481
5 0.465543 0.291667 0.026882 0.046296
5 0.542033 0.326852 0.019550 0.046296
5 0.648583 0.493981 0.032258 0.065741
5 0.491691 0.900926 0.025415 0.070370
5 0.795699 0.934259 0.018573 0.033333
5 0.766373 0.923611 0.041056 0.089815
5 0.766862 0.985648 0.027370 0.015741
5 0.800587 0.870833 0.030303 0.047222
5 0.808651 0.818519 0.036657 0.059259
5 0.784946 0.792593 0.036168 0.057407
5 0.787390 0.738889 0.029326 0.027778
5 0.763441 0.749074 0.016618 0.035185
5 0.753421 0.786111 0.026882 0.048148
5 0.742180 0.837037 0.033724 0.044444
5 0.773460 0.362963 0.045455 0.138889
5 0.747801 0.245833 0.031281 0.045370
5 0.853128 0.534259 0.040567 0.090741
5 0.892962 0.486111 0.051808 0.090741
5 0.932796 0.572685 0.022972 0.058333
5 0.941105 0.735185 0.027859 0.044444
5 0.975806 0.720370 0.027859 0.057407
5 0.891740 0.769907 0.094330 0.178704
5 0.920577 0.952315 0.026882 0.063889
5 0.857038 0.851389 0.038612 0.054630
5 0.920332 0.990741 0.032258 0.012963
5 0.976540 0.480093 0.029326 0.052778
5 0.965543 0.393056 0.051320 0.099074
5 0.892962 0.375000 0.068426 0.131481
5 0.970919 0.283333 0.045455 0.100000
5 0.971896 0.180093 0.050342 0.076852
5 0.928886 0.208796 0.020039 0.073148
5 0.968964 0.095370 0.044477 0.070370
5 0.981183 0.037963 0.031769 0.044444
5 0.977028 0.549537 0.016618 0.045370
5 0.914467 0.265741 0.023460 0.040741
5 0.583333 0.558333 0.022972 0.033333
5 0.924731 0.135648 0.020528 0.028704
0 0.541300 0.492130 0.323069 0.371296
0 0.590420 0.689815 0.368524 0.618519
0 0.609482 0.960648 0.268817 0.076852