5 0.304497 0.150000 0.067449 0.118519
2 0.314516 0.039815 0.036657 0.079630
5 0.704790 0.171296 0.041056 0.062963
5 0.676931 0.017593 0.038123 0.033333
5 0.786657 0.127315 0.027859 0.054630
5 0.978983 0.321296 0.031281 0.094444
5 0.779081 0.370370 0.014663 0.025926
5 0.806940 0.837963 0.036168 0.055556
5 0.674976 0.838426 0.055718 0.110185
5 0.249511 0.257870 0.017107 0.039815
5 0.180352 0.249074 0.016618 0.031481
5 0.133920 0.209259 0.027370 0.057407
5 0.208211 0.119907 0.013685 0.030556
5 0.096774 0.734722 0.025415 0.050926
5 0.142473 0.843519 0.021994 0.031481
5 0.143451 0.974074 0.021017 0.042593
5 0.025171 0.958796 0.050342 0.080556
5 0.127566 0.032407 0.014663 0.027778
5 0.040078 0.033333 0.025415 0.057407
5 0.589932 0.759722 0.080156 0.152778
5 0.615836 0.271296 0.087977 0.159259
0 0.500978 0.113889 0.327468 0.225926
0 0.361193 0.392130 0.488759 0.517593
0 0.469208 0.755556 0.327468 0.487037