5 0.126833 0.032407 0.040567 0.064815
5 0.084555 0.201389 0.076246 0.075000
5 0.162023 0.221759 0.064027 0.125000
5 0.166667 0.312037 0.031281 0.092593
5 0.243891 0.271759 0.029326 0.065741
5 0.215787 0.335185 0.021017 0.037037
5 0.246579 0.333796 0.023949 0.063889
5 0.032502 0.407870 0.048387 0.097222
5 0.393695 0.151389 0.044477 0.049074
5 0.419110 0.343519 0.044477 0.103704
5 0.402493 0.440741 0.072825 0.207407
5 0.159091 0.514352 0.040567 0.065741
5 0.411535 0.026389 0.025415 0.037963
5 0.325269 0.543056 0.051320 0.067593
5 0.316471 0.463426 0.031769 0.037963
5 0.264907 0.555093 0.047898 0.062037
5 0.230694 0.680556 0.029326 0.087037
5 0.080156 0.638426 0.056696 0.156481
5 0.053519 0.692130 0.026882 0.086111
5 0.037634 0.608333 0.073314 0.072222
5 0.020528 0.681019 0.041056 0.084259
5 0.093842 0.888889 0.037146 0.042593
5 0.151760 0.780556 0.026882 0.044444
5 0.261241 0.858796 0.026882 0.041667
5 0.386364 0.971759 0.065982 0.049074
5 0.222874 0.973611 0.012708 0.043519
5 0.404936 0.831944 0.082600 0.087963