0 0.408847 0.989352 0.062072 0.019444
5 0.066471 0.962037 0.050831 0.074074
2 0.353617 0.958333 0.023949 0.079630
5 0.751222 0.943056 0.056696 0.112037
5 0.490714 0.711574 0.011730 0.013889
5 0.293500 0.677778 0.041544 0.059259
5 0.510020 0.656481 0.031769 0.044444
5 0.192571 0.625926 0.013685 0.035185
5 0.388563 0.631019 0.032258 0.050926
5 0.978250 0.625926 0.021017 0.050000
5 0.061339 0.592130 0.009286 0.030556
5 0.427419 0.566204 0.037634 0.106481
5 0.464076 0.521296 0.012219 0.016667
5 0.921799 0.539352 0.050831 0.063889
5 0.141740 0.513426 0.055718 0.093519
5 0.081623 0.494907 0.030303 0.049074
5 0.712610 0.430556 0.066471 0.068519
5 0.757820 0.339352 0.011241 0.069444
5 0.271017 0.285648 0.014174 0.013889
5 0.174242 0.269907 0.008309 0.026852
5 0.075758 0.068519 0.032258 0.087037
5 0.852639 0.094907 0.111926 0.189815
5 0.030059 0.018519 0.025904 0.037037
5 0.488025 0.634722 0.018084 0.034259
0 0.519306 0.900463 0.392473 0.195370
0 0.525660 0.703704 0.308407 0.424074
5 0.631232 0.318981 0.090420 0.169444
0 0.478250 0.285648 0.227273 0.571296
5 0.471408 0.287500 0.012219 0.021296
0 0.573558 0.062963 0.108993 0.125926
5 0.659824 0.048148 0.058651 0.094444
3 0.690860 0.582870 0.141251 0.293519
3 0.753177 0.706019 0.146628 0.271296
5 0.779570 0.566667 0.063539 0.103704
5 0.844086 0.627778 0.062561 0.103704