5 0.057918 0.821296 0.043500 0.050000
5 0.990714 0.763889 0.004888 0.016667
5 0.140029 0.723611 0.044477 0.076852
5 0.155181 0.673148 0.016129 0.042593
5 0.149316 0.608333 0.042522 0.053704
5 0.086999 0.605093 0.025415 0.067593
5 0.718964 0.511111 0.006843 0.016667
5 0.026882 0.473611 0.019550 0.039815
5 0.802542 0.230093 0.025415 0.028704
5 0.084066 0.213426 0.048876 0.032407
5 0.252933 0.119907 0.027859 0.080556
5 0.781525 0.090278 0.021505 0.028704
5 0.011975 0.057870 0.023949 0.097222
4 0.454057 0.055556 0.004888 0.024074
5 0.401515 0.065278 0.054252 0.125000
0 0.528837 0.254167 0.204301 0.508333
0 0.559140 0.024074 0.033236 0.048148
0 0.523216 0.436574 0.354350 0.530556
5 0.426931 0.469444 0.049365 0.088889
5 0.852884 0.889815 0.051808 0.116667
5 0.871701 0.779630 0.047410 0.090741
5 0.990714 0.615741 0.016618 0.072222
5 0.874389 0.331944 0.030303 0.087963