5 0.152248 0.034259 0.017107 0.037037
5 0.133920 0.068519 0.029326 0.031481
1 0.277615 0.059259 0.182796 0.118519
5 0.197703 0.142593 0.034702 0.066667
5 0.288123 0.147685 0.040567 0.045370
5 0.335533 0.173148 0.027859 0.038889
5 0.369746 0.155093 0.033724 0.034259
1 0.243646 0.311574 0.164712 0.208333
5 0.250978 0.215741 0.067937 0.120370
1 0.279570 0.439815 0.089932 0.185185
5 0.346530 0.420370 0.028348 0.064815
5 0.104839 0.777778 0.022972 0.057407
5 0.143451 0.306944 0.032747 0.045370
5 0.044233 0.487500 0.041544 0.062037
5 0.205279 0.473148 0.023460 0.048148
5 0.206256 0.885185 0.030303 0.051852
1 0.261730 0.725926 0.095308 0.338889
1 0.255865 0.921759 0.108993 0.152778
5 0.307918 0.805556 0.018573 0.057407
5 0.357771 0.906019 0.059629 0.084259
5 0.360459 0.354167 0.038612 0.073148
5 0.382942 0.680093 0.035679 0.049074
5 0.388563 0.493981 0.027370 0.037963
3 0.455034 0.676389 0.068426 0.165741
5 0.499756 0.773148 0.058162 0.103704
5 0.497312 0.870370 0.028837 0.059259
5 0.583578 0.687500 0.055718 0.056481
3 0.487048 0.352778 0.033724 0.044444
3 0.503421 0.378704 0.021505 0.048148
3 0.610704 0.359259 0.067937 0.125926
5 0.485582 0.134259 0.062072 0.127778
5 0.495357 0.061574 0.065005 0.097222
5 0.543500 0.264815 0.022483 0.048148
5 0.593109 0.207870 0.066960 0.067593
5 0.624145 0.256019 0.033236 0.034259
5 0.574780 0.068056 0.024438 0.037963
5 0.418377 0.103704 0.020528 0.046296
5 0.670577 0.103704 0.061584 0.090741
5 0.657869 0.383796 0.034213 0.045370
5 0.015396 0.672685 0.026882 0.037963
5 0.214076 0.765278 0.032258 0.052778
5 0.692082 0.710648 0.055718 0.089815
1 0.800587 0.787963 0.145650 0.285185
1 0.789101 0.613889 0.147116 0.177778
1 0.785191 0.467130 0.168622 0.199074
5 0.772972 0.342130 0.030792 0.045370
5 0.745846 0.288889 0.050831 0.057407
5 0.730205 0.226389 0.085044 0.115741
1 0.804985 0.211111 0.136852 0.231481
1 0.807185 0.087963 0.088465 0.175926
1 0.893939 0.107407 0.112414 0.214815
5 0.932063 0.256944 0.057674 0.156481
5 0.955523 0.736111 0.055718 0.083333
5 0.984604 0.625926 0.028837 0.109259
5 0.972630 0.555093 0.034213 0.056481
5 0.963343 0.510185 0.025415 0.053704
5 0.953079 0.604630 0.020528 0.042593
5 0.913490 0.533333 0.053763 0.087037
5 0.955034 0.403241 0.037146 0.056481
5 0.911779 0.344444 0.058162 0.053704
5 0.979961 0.241204 0.033236 0.089815