5 0.059140 0.081019 0.024438 0.041667
5 0.027126 0.068519 0.022972 0.040741
5 0.006354 0.056944 0.012708 0.028704
5 0.049853 0.219907 0.022483 0.045370
5 0.007087 0.292593 0.013196 0.048148
5 0.194526 0.029167 0.036168 0.058333
5 0.216031 0.016204 0.015640 0.032407
5 0.244379 0.018981 0.016618 0.034259
5 0.088954 0.176389 0.031281 0.041667
5 0.132454 0.168056 0.043011 0.069444
5 0.119257 0.101389 0.089932 0.104630
5 0.229717 0.106944 0.023460 0.032407
5 0.231427 0.137037 0.018084 0.020370
5 0.228006 0.167593 0.025904 0.027778
5 0.225806 0.232870 0.025415 0.041667
5 0.248534 0.261574 0.032747 0.073148
5 0.326002 0.043056 0.029326 0.054630
5 0.060362 0.379167 0.032747 0.065741
5 0.117058 0.380093 0.074780 0.104630
5 0.152981 0.359722 0.033236 0.045370
5 0.183773 0.318519 0.035191 0.051852
5 0.110215 0.505093 0.046432 0.089815
5 0.051564 0.618981 0.017107 0.013889
5 0.041544 0.662963 0.011730 0.031481
5 0.005376 0.722685 0.010753 0.017593
5 0.175464 0.631481 0.042033 0.059259
5 0.177664 0.712963 0.022972 0.037037
5 0.220430 0.693519 0.049853 0.131481
5 0.247556 0.725926 0.042522 0.059259
5 0.249756 0.675926 0.015640 0.035185
5 0.244868 0.557870 0.024438 0.054630
5 0.095308 0.933796 0.040078 0.065741
5 0.087732 0.980556 0.028837 0.029630
5 0.013196 0.941667 0.020528 0.025926
5 0.010753 0.898611 0.021505 0.050926
5 0.009286 0.852778 0.018573 0.040741
5 0.168866 0.843981 0.022972 0.058333
5 0.203079 0.857870 0.022972 0.058333
5 0.229228 0.851389 0.016618 0.047222
5 0.267595 0.814352 0.029814 0.025000
5 0.181818 0.964815 0.055718 0.061111
5 0.149071 0.979167 0.040078 0.034259
5 0.239247 0.966667 0.030792 0.029630
5 0.351662 0.743519 0.011241 0.046296
5 0.449169 0.534722 0.023460 0.049074
5 0.354350 0.314815 0.055718 0.062963
1 0.407869 0.833333 0.164712 0.233333
1 0.423021 0.674074 0.133431 0.201852
5 0.500000 0.619444 0.031281 0.057407
5 0.478495 0.924537 0.033236 0.063889
5 0.494868 0.974074 0.044477 0.044444
5 0.597996 0.962963 0.020039 0.064815
5 0.750000 0.926852 0.043500 0.105556
5 0.715054 0.909722 0.018573 0.050926
5 0.694770 0.881944 0.023949 0.030556
5 0.773216 0.831481 0.030303 0.048148
5 0.796921 0.887500 0.026882 0.039815
5 0.803030 0.825000 0.037146 0.079630
5 0.861193 0.815278 0.013685 0.028704
5 0.787879 0.561111 0.072336 0.070370
5 0.632209 0.512963 0.021994 0.029630
5 0.978739 0.575926 0.035679 0.048148
5 0.684018 0.545833 0.016129 0.039815
5 0.588221 0.464352 0.023949 0.063889
1 0.404448 0.365741 0.173509 0.207407
5 0.506354 0.418056 0.054741 0.076852
5 0.481427 0.349074 0.021505 0.048148
5 0.452346 0.333796 0.020039 0.026852
1 0.422043 0.198611 0.112903 0.156481
1 0.412268 0.079630 0.131476 0.159259
5 0.489003 0.068056 0.021994 0.041667
5 0.563050 0.125926 0.032258 0.072222
5 0.593597 0.076852 0.023949 0.051852
5 0.614125 0.118519 0.035679 0.059259
5 0.650782 0.129630 0.066960 0.114815
5 0.678152 0.196296 0.057185 0.057407
5 0.686217 0.269907 0.020528 0.037963
5 0.738514 0.361111 0.054741 0.081481
5 0.784457 0.402315 0.027370 0.054630
5 0.705034 0.037500 0.030792 0.054630
5 0.808407 0.154167 0.023460 0.097222
5 0.743891 0.153704 0.061584 0.081481
5 0.818182 0.107870 0.022483 0.052778
5 0.845552 0.174074 0.016618 0.035185
5 0.805963 0.297685 0.017595 0.028704
5 0.815738 0.019907 0.031281 0.039815
5 0.905425 0.058796 0.021017 0.036111
5 0.906891 0.149074 0.022972 0.042593
5 0.941838 0.155093 0.022483 0.026852
5 0.991691 0.207407 0.014663 0.035185
5 0.993891 0.259259 0.008309 0.037037
5 0.905425 0.369907 0.026882 0.026852
5 0.875367 0.405093 0.024438 0.017593
5 0.858260 0.536574 0.010753 0.045370
5 0.569892 0.289815 0.022483 0.025926