5 0.011730 0.074074 0.023460 0.029630
5 0.046188 0.112037 0.030792 0.044444
5 0.068671 0.080556 0.019062 0.029630
5 0.106549 0.059259 0.019550 0.033333
5 0.014174 0.218981 0.022483 0.034259
5 0.051564 0.229167 0.024927 0.050926
5 0.104350 0.285185 0.037634 0.061111
5 0.105816 0.254167 0.017107 0.023148
5 0.104594 0.339352 0.035191 0.080556
5 0.114125 0.414352 0.030792 0.060185
5 0.206012 0.206481 0.019062 0.037037
5 0.199902 0.233333 0.022483 0.033333
5 0.197458 0.268519 0.020528 0.048148
5 0.194770 0.275926 0.027859 0.068519
5 0.208944 0.370833 0.030792 0.054630
5 0.245112 0.367130 0.030792 0.032407
5 0.250000 0.364815 0.019062 0.050000
5 0.239736 0.411111 0.019062 0.042593
5 0.020039 0.537963 0.025415 0.051852
5 0.028592 0.579167 0.032747 0.039815
5 0.177175 0.568519 0.033724 0.042593
5 0.053763 0.773611 0.039101 0.049074
5 0.076979 0.854630 0.035679 0.061111
5 0.132698 0.812963 0.032747 0.064815
5 0.090176 0.873148 0.029814 0.038889
5 0.146628 0.859259 0.016618 0.046296
5 0.161779 0.883796 0.025415 0.028704
5 0.106549 0.936111 0.011730 0.062963
5 0.100929 0.949537 0.026882 0.025000
5 0.087488 0.957407 0.009775 0.051852
5 0.148583 0.915741 0.015640 0.033333
5 0.256598 0.026852 0.015640 0.050000
5 0.270283 0.012037 0.025415 0.024074
5 0.381232 0.065741 0.018573 0.029630
5 0.365103 0.012963 0.015640 0.011111
5 0.413490 0.098148 0.019550 0.037037
5 0.397116 0.125926 0.023949 0.037037
5 0.429130 0.202315 0.028348 0.039815
5 0.268817 0.266667 0.031281 0.062963
5 0.241935 0.053241 0.016618 0.028704
5 0.274438 0.111574 0.016129 0.026852
5 0.288612 0.101389 0.008309 0.034259
5 0.282991 0.151389 0.015640 0.036111
5 0.291056 0.178241 0.015152 0.028704
5 0.277126 0.037500 0.012708 0.023148
5 0.245846 0.553704 0.020528 0.044444
5 0.260753 0.515278 0.027859 0.039815
5 0.245357 0.695370 0.017595 0.038889
5 0.264663 0.677315 0.023949 0.026852
5 0.288856 0.636574 0.017595 0.030556
5 0.250978 0.791204 0.029814 0.069444
5 0.260997 0.723148 0.027370 0.088889
5 0.239492 0.725463 0.013685 0.030556
5 0.302542 0.850463 0.024438 0.047222
5 0.235826 0.815278 0.021017 0.034259
5 0.222874 0.782870 0.013685 0.043519
5 0.258065 0.968056 0.034213 0.062037
3 0.264907 0.922685 0.017595 0.045370
5 0.378299 0.618056 0.013685 0.043519
5 0.398338 0.678704 0.024438 0.066667
5 0.371701 0.796296 0.015152 0.038889
5 0.400538 0.814352 0.011241 0.036111
0 0.352395 0.985185 0.058651 0.027778
5 0.372678 0.202778 0.009286 0.038889
5 0.401515 0.213426 0.012219 0.043519
5 0.376344 0.358796 0.019550 0.041667
5 0.387586 0.339352 0.023460 0.025000
5 0.388807 0.859722 0.019062 0.030556
5 0.423265 0.736574 0.018573 0.032407
5 0.415934 0.559259 0.020528 0.031481
5 0.446725 0.412963 0.012708 0.035185
5 0.435239 0.078704 0.013196 0.022222
5 0.484360 0.022222 0.016618 0.044444
5 0.500000 0.020833 0.028348 0.041667
5 0.517107 0.007407 0.006843 0.014815
5 0.542766 0.018056 0.032747 0.036111
5 0.542278 0.089352 0.018084 0.037963
5 0.486804 0.233796 0.019550 0.062037
5 0.548387 0.198611 0.024438 0.047222
5 0.531036 0.180556 0.012219 0.029630
0 0.626344 0.380093 0.353372 0.632407
5 0.643939 0.037963 0.009286 0.031481
5 0.617302 0.225000 0.028348 0.048148
5 0.563050 0.385185 0.018573 0.033333
5 0.507087 0.301389 0.011241 0.036111
5 0.539589 0.276852 0.018573 0.042593
5 0.617302 0.608796 0.027370 0.047222
5 0.478250 0.555556 0.021994 0.037037
5 0.652981 0.662037 0.037146 0.075926
5 0.638807 0.667593 0.017595 0.066667
5 0.616569 0.672222 0.018084 0.025926
5 0.628055 0.683333 0.017595 0.035185
5 0.493402 0.561574 0.023949 0.030556
5 0.560117 0.717130 0.011730 0.028704
5 0.549120 0.914815 0.021017 0.044444
0 0.526637 0.825463 0.247801 0.347222
5 0.765152 0.024537 0.031769 0.049074
5 0.790323 0.064352 0.041056 0.063889
5 0.766129 0.152778 0.023949 0.051852
5 0.745846 0.193056 0.012708 0.052778
5 0.730450 0.200463 0.012219 0.021296
5 0.740225 0.268981 0.026882 0.050926
5 0.751955 0.373611 0.026882 0.058333
5 0.880010 0.358796 0.030792 0.060185
5 0.791300 0.377315 0.042033 0.067593
5 0.735337 0.403704 0.018084 0.037037
5 0.728983 0.475926 0.041544 0.081481
5 0.747312 0.443519 0.028348 0.044444
5 0.770283 0.528704 0.029326 0.062963
5 0.735826 0.569907 0.011241 0.025000
5 0.760020 0.650000 0.043011 0.070370
5 0.740714 0.710648 0.035679 0.067593
5 0.786901 0.806944 0.034213 0.069444
5 0.742180 0.836111 0.018084 0.051852
5 0.767595 0.834259 0.033724 0.064815
5 0.744135 0.917593 0.017107 0.068519
5 0.751466 0.926389 0.028837 0.028704
5 0.863636 0.892593 0.015640 0.031481
5 0.806696 0.611111 0.011241 0.031481
2 0.758798 0.253704 0.038612 0.066667
5 0.866325 0.114352 0.012219 0.036111
5 0.934751 0.089815 0.024927 0.040741
5 0.914467 0.023611 0.021505 0.041667
5 0.944282 0.004167 0.008798 0.008333
5 0.969697 0.039815 0.021505 0.038889
5 0.907380 0.056944 0.034702 0.062037
5 0.913001 0.973611 0.031281 0.036111
5 0.941593 0.931944 0.022972 0.041667
5 0.899316 0.936574 0.016618 0.025000
5 0.905914 0.807407 0.018084 0.042593
5 0.914956 0.834259 0.018573 0.044444
5 0.927908 0.846759 0.018084 0.028704
5 0.898338 0.861574 0.012708 0.034259
5 0.935973 0.779630 0.021505 0.031481
5 0.974096 0.797685 0.021505 0.043519
5 0.980694 0.775926 0.013196 0.011111
5 0.959189 0.722222 0.031769 0.053704
5 0.897849 0.656019 0.027370 0.052778
5 0.914956 0.681019 0.015640 0.039815
5 0.906647 0.700463 0.019550 0.023148
5 0.878299 0.687963 0.030303 0.059259
5 0.892229 0.573148 0.029814 0.048148
5 0.966031 0.585185 0.030792 0.051852
5 0.967986 0.609259 0.016129 0.029630
5 0.978739 0.551389 0.016129 0.025000
5 0.933284 0.540741 0.021994 0.042593
5 0.955279 0.504630 0.038612 0.059259
5 0.956989 0.467593 0.015640 0.029630
5 0.981916 0.472685 0.035191 0.089815
5 0.957478 0.390278 0.017595 0.049074
5 0.852151 0.779167 0.007331 0.019444
5 0.915200 0.212037 0.011241 0.012963
5 0.977517 0.225000 0.037146 0.053704
5 0.946481 0.254167 0.023949 0.037963
5 0.961388 0.268981 0.017595 0.045370
5 0.964809 0.305556 0.013685 0.029630
5 0.960899 0.338426 0.020528 0.050926
5 0.670088 0.453704 0.065494 0.090741