5 0.242913 0.078704 0.030303 0.055556
5 0.200635 0.111574 0.020039 0.045370
5 0.091642 0.082870 0.028837 0.032407
5 0.085777 0.026852 0.035679 0.053704
5 0.131232 0.033333 0.040567 0.061111
5 0.119990 0.134722 0.041544 0.065741
5 0.104106 0.212963 0.036168 0.040741
5 0.118768 0.294444 0.045943 0.077778
5 0.128788 0.391204 0.035679 0.060185
5 0.118768 0.494444 0.037146 0.059259
5 0.120479 0.571759 0.028837 0.063889
5 0.063050 0.584722 0.027370 0.063889
5 0.019062 0.619907 0.035191 0.076852
5 0.066471 0.699074 0.030303 0.072222
5 0.035191 0.693981 0.035191 0.091667
5 0.057185 0.842130 0.027370 0.047222
5 0.030059 0.773148 0.035679 0.057407
5 0.010020 0.806019 0.020039 0.175000
5 0.008309 0.688889 0.016618 0.035185
5 0.192571 0.542130 0.014663 0.065741
5 0.159335 0.472685 0.025415 0.041667
5 0.274927 0.155556 0.040567 0.081481
5 0.307429 0.088889 0.031281 0.048148
5 0.433284 0.181944 0.046432 0.095370
5 0.433529 0.046759 0.065494 0.093519
5 0.434751 0.296759 0.034702 0.067593
5 0.396383 0.338426 0.023460 0.060185
5 0.377810 0.508796 0.037146 0.062037
5 0.431329 0.503241 0.032747 0.054630
5 0.271017 0.487963 0.032747 0.068519
5 0.310850 0.457407 0.036168 0.042593
5 0.310117 0.521759 0.033724 0.062037
5 0.283724 0.600926 0.034702 0.079630
5 0.251466 0.591667 0.039589 0.072222
5 0.268573 0.658333 0.036657 0.066667
5 0.283969 0.746759 0.067449 0.087963
5 0.292522 0.964352 0.033724 0.058333
5 0.245601 0.941204 0.027859 0.041667
5 0.083333 0.962963 0.033724 0.072222
5 0.006109 0.050463 0.009286 0.054630
5 0.875367 0.491204 0.063539 0.097222
5 0.901026 0.558333 0.028837 0.077778
5 0.934751 0.546296 0.028837 0.087037
5 0.958944 0.519907 0.026393 0.065741
5 0.975562 0.501389 0.043011 0.134259
5 0.970674 0.784259 0.043011 0.079630
5 0.953812 0.966667 0.039589 0.061111
5 0.880987 0.875463 0.052297 0.086111
5 0.894673 0.688426 0.032747 0.063889
5 0.890029 0.766204 0.040078 0.071296
5 0.633920 0.340278 0.049853 0.073148
5 0.674487 0.287037 0.115347 0.188889
5 0.799365 0.121759 0.055230 0.075000
5 0.875855 0.250463 0.048876 0.086111
5 0.893451 0.116204 0.045943 0.067593
5 0.911290 0.044907 0.045455 0.084259
5 0.975073 0.168056 0.043011 0.091667
5 0.977517 0.266667 0.036168 0.066667
5 0.966031 0.318981 0.033724 0.089815
5 0.768084 0.023148 0.048387 0.046296
5 0.726051 0.186574 0.046432 0.150926
5 0.752199 0.362500 0.024438 0.047222
5 0.760753 0.426389 0.040567 0.067593
5 0.756354 0.890278 0.032747 0.089815
5 0.723851 0.918056 0.045943 0.062037
5 0.745846 0.965278 0.074291 0.063889
5 0.627322 0.703704 0.041544 0.112963
5 0.778104 0.726852 0.031281 0.053704
5 0.771994 0.618981 0.038612 0.069444
5 0.757331 0.548611 0.039589 0.097222
5 0.704790 0.502315 0.049853 0.104630
5 0.719697 0.369907 0.021994 0.052778
5 0.644428 0.412500 0.040567 0.062037
0 0.570381 0.925926 0.244379 0.146296
0 0.571848 0.662500 0.267840 0.308333
5 0.542278 0.223611 0.031769 0.073148
5 0.526637 0.343056 0.039589 0.063889
5 0.486804 0.750000 0.025415 0.037037
5 0.582845 0.302315 0.021994 0.030556
5 0.516373 0.022685 0.028837 0.039815
5 0.507820 0.081944 0.030303 0.078704
5 0.526393 0.489352 0.045943 0.056481
5 0.496823 0.702315 0.026882 0.065741
5 0.468231 0.867130 0.018573 0.030556
5 0.229961 0.508796 0.026882 0.034259
5 0.265640 0.539352 0.028837 0.026852
0 0.569404 0.256481 0.227761 0.507407
0 0.597996 0.073148 0.139296 0.146296