5 0.638563 0.035648 0.119746 0.071296
2 0.751222 0.038426 0.021505 0.076852
2 0.896139 0.051389 0.045455 0.100926
2 0.885630 0.115741 0.037146 0.107407
5 0.705279 0.219444 0.053763 0.050000
5 0.693793 0.379630 0.037634 0.072222
5 0.668377 0.298611 0.027859 0.060185
5 0.289589 0.746296 0.039589 0.079630
4 0.015396 0.600926 0.030792 0.162963
4 0.016862 0.896296 0.033724 0.198148
4 0.025660 0.056481 0.051320 0.107407
5 0.192571 0.230556 0.022483 0.046296
0 0.584555 0.679630 0.288368 0.451852
0 0.495601 0.839815 0.428152 0.314815
5 0.439638 0.340278 0.028837 0.050926