5 0.216031 0.025926 0.009775 0.051852
5 0.353372 0.135648 0.022483 0.043519
5 0.265640 0.357870 0.013196 0.037963
5 0.361926 0.560648 0.025904 0.063889
5 0.128788 0.830556 0.022972 0.029630
5 0.274438 0.887037 0.017107 0.029630
5 0.345064 0.885648 0.006843 0.021296
5 0.208211 0.718519 0.015640 0.027778
5 0.442815 0.484259 0.019550 0.038889
5 0.434506 0.287963 0.024438 0.037037
5 0.576246 0.208796 0.013685 0.050926
5 0.395894 0.012963 0.029326 0.025926
5 0.423265 0.023148 0.018573 0.046296
5 0.491447 0.441667 0.005376 0.024074
5 0.423998 0.497222 0.005376 0.025926
5 0.429130 0.675000 0.050831 0.196296
5 0.461632 0.600926 0.011241 0.029630
0 0.500244 0.517593 0.305474 0.772222
0 0.519795 0.720833 0.171554 0.552778
0 0.455523 0.226389 0.308895 0.452778
0 0.479228 0.764815 0.227273 0.466667
5 0.609726 0.917593 0.026882 0.051852
0 0.688172 0.957407 0.123167 0.083333
5 0.730450 0.633333 0.038612 0.020370
5 0.773705 0.720833 0.027370 0.073148
5 0.741691 0.673611 0.011241 0.052778
5 0.810117 0.855556 0.042522 0.029630
5 0.881965 0.978704 0.019062 0.035185
0 0.350684 0.951389 0.297654 0.095370
0 0.296921 0.995370 0.027859 0.007407
5 0.977273 0.025463 0.021017 0.028704
5 0.835777 0.171296 0.028348 0.053704
5 0.877322 0.337963 0.035191 0.075926
5 0.980938 0.300926 0.019550 0.038889
5 0.759775 0.075000 0.078690 0.150000
5 0.942082 0.466667 0.060117 0.085185
5 0.967009 0.575000 0.039589 0.053704
5 0.015396 0.816204 0.028837 0.067593