5 0.252933 0.372685 0.052297 0.062037
5 0.239736 0.424074 0.044477 0.062963
5 0.261241 0.270370 0.021994 0.062963
5 0.383920 0.450463 0.033724 0.041667
5 0.055474 0.447685 0.017107 0.043519
5 0.020039 0.297685 0.035191 0.069444
5 0.068671 0.409722 0.022972 0.030556
5 0.061584 0.722685 0.024438 0.039815
0 0.106305 0.631019 0.052297 0.089815
5 0.028348 0.560648 0.055718 0.095370
5 0.103128 0.121759 0.019550 0.034259
5 0.067693 0.056019 0.029814 0.039815
5 0.176442 0.042130 0.029326 0.043519
5 0.158358 0.252315 0.025415 0.041667
5 0.068671 0.791204 0.021017 0.050926
5 0.018328 0.734259 0.028837 0.024074
5 0.381965 0.079630 0.023949 0.025926
5 0.573069 0.937963 0.041544 0.066667
5 0.664223 0.728241 0.022483 0.041667
0 0.627077 0.112500 0.223851 0.225000
2 0.580401 0.183333 0.038612 0.122222
0 0.626588 0.359259 0.332356 0.553704
0 0.617058 0.666204 0.325024 0.443519
5 0.793011 0.014815 0.026882 0.027778
5 0.502199 0.965741 0.041544 0.059259
5 0.068426 0.658796 0.012708 0.026852
5 0.328201 0.089352 0.026882 0.019444
5 0.447458 0.250926 0.019062 0.031481
5 0.625367 0.665278 0.016129 0.039815
5 0.294233 0.850000 0.020528 0.031481