5 0.019062 0.039352 0.038123 0.078704
5 0.116080 0.049537 0.074780 0.099074
5 0.154203 0.118519 0.037634 0.072222
5 0.167889 0.970833 0.025904 0.054630
5 0.245601 0.883796 0.056207 0.145370
5 0.317449 0.892593 0.058162 0.044444
5 0.313294 0.954167 0.036168 0.045370
5 0.283724 0.754167 0.023949 0.076852
5 0.157380 0.751852 0.034213 0.042593
5 0.171310 0.390741 0.027859 0.061111
5 0.012708 0.318519 0.023460 0.042593
5 0.284457 0.451852 0.047898 0.112963
5 0.188905 0.171296 0.026882 0.055556
5 0.174731 0.205556 0.040567 0.037037
5 0.289834 0.052778 0.028348 0.061111
5 0.320137 0.232870 0.019550 0.071296
5 0.358260 0.737037 0.041056 0.075926
5 0.325024 0.058796 0.027370 0.043519
5 0.346774 0.122685 0.036657 0.050926
5 0.350196 0.077778 0.028837 0.068519
5 0.371212 0.031019 0.070870 0.062037
5 0.395406 0.587500 0.062561 0.097222
5 0.370723 0.465741 0.036657 0.057407
5 0.359726 0.425926 0.021505 0.040741
5 0.374145 0.296759 0.027859 0.041667
5 0.432551 0.526389 0.025415 0.056481
5 0.457967 0.040278 0.045943 0.071296
1 0.495601 0.145370 0.065494 0.251852
1 0.521017 0.204630 0.080156 0.220370
1 0.495846 0.360185 0.191105 0.222222
5 0.553275 0.275463 0.043011 0.039815
5 0.448436 0.242593 0.049365 0.088889
5 0.401271 0.296296 0.054741 0.096296
1 0.541056 0.630556 0.152493 0.325926
5 0.480450 0.702778 0.080156 0.198148
1 0.502933 0.876389 0.149560 0.245370
5 0.446481 0.163889 0.028837 0.055556
5 0.652981 0.093981 0.039101 0.073148
5 0.617546 0.226389 0.144184 0.308333
5 0.599707 0.489815 0.084066 0.109259
5 0.643206 0.605556 0.063539 0.077778
5 0.682796 0.493056 0.069404 0.102778
5 0.688416 0.408796 0.023949 0.108333
5 0.719208 0.400463 0.022972 0.073148
5 0.687439 0.296296 0.048387 0.109259
5 0.727273 0.250000 0.045943 0.059259
5 0.646139 0.033796 0.063539 0.047222
5 0.765885 0.953704 0.087977 0.087037
5 0.763930 0.862037 0.026393 0.088889
5 0.760020 0.806019 0.025415 0.037963
5 0.794233 0.810648 0.053763 0.099074
5 0.835777 0.974074 0.031281 0.038889
5 0.887341 0.820833 0.033724 0.071296
1 0.976051 0.913426 0.044966 0.167593
1 0.961144 0.760185 0.072825 0.261111
1 0.978250 0.629630 0.040567 0.129630
5 0.882698 0.519444 0.027370 0.051852
5 0.802053 0.481481 0.032258 0.046296
5 0.871701 0.396296 0.024927 0.044444
5 0.917400 0.386574 0.045943 0.063889
1 0.962121 0.434259 0.072825 0.083333
1 0.969941 0.304167 0.058162 0.093519
5 0.917889 0.206481 0.044966 0.159259
1 0.987048 0.388426 0.024927 0.073148
1 0.966764 0.101389 0.064516 0.202778
5 0.810117 0.041667 0.034702 0.083333