5 0.051075 0.108796 0.021994 0.025000
5 0.137341 0.011111 0.017595 0.022222
5 0.161535 0.011111 0.008309 0.022222
5 0.040078 0.222222 0.021505 0.061111
5 0.081134 0.278704 0.033236 0.044444
5 0.167155 0.261111 0.021505 0.046296
5 0.120479 0.364815 0.033724 0.062963
5 0.036657 0.449074 0.042033 0.066667
5 0.023949 0.608796 0.020528 0.013889
5 0.104106 0.625926 0.020528 0.035185
5 0.149316 0.543519 0.015152 0.074074
5 0.414956 0.025000 0.017595 0.031481
5 0.394184 0.158333 0.021017 0.051852
5 0.397849 0.228704 0.028348 0.044444
5 0.363148 0.425463 0.031281 0.052778
5 0.377810 0.468056 0.015640 0.021296
5 0.357283 0.532870 0.022483 0.049074
5 0.436217 0.572685 0.032747 0.045370
5 0.471652 0.590741 0.022483 0.050000
5 0.420821 0.665741 0.021505 0.046296
5 0.435239 0.673611 0.033724 0.082407
5 0.383187 0.720370 0.031281 0.066667
5 0.373900 0.537963 0.019550 0.050000
5 0.392473 0.540741 0.027370 0.050000
5 0.370723 0.650463 0.011241 0.047222
5 0.252688 0.621296 0.019550 0.055556
5 0.208456 0.639815 0.033724 0.022222
5 0.186217 0.641667 0.019550 0.050000
0 0.541789 0.833333 0.379765 0.331481
5 0.634164 0.909259 0.060117 0.177778
5 0.524927 0.968056 0.037146 0.054630
0 0.510020 0.187500 0.076735 0.375000
5 0.496823 0.239815 0.012219 0.038889
5 0.555474 0.200463 0.034702 0.073148
5 0.543011 0.191667 0.015640 0.024074
5 0.601173 0.220370 0.035191 0.064815
5 0.549853 0.063889 0.019550 0.072222
5 0.567693 0.067593 0.021994 0.055556
5 0.541544 0.290741 0.018573 0.042593
5 0.543011 0.352778 0.032258 0.040741
5 0.584311 0.335648 0.019062 0.032407
5 0.605572 0.343981 0.020528 0.060185
0 0.618524 0.112037 0.062072 0.224074
5 0.634409 0.258796 0.043011 0.078704
5 0.646628 0.307407 0.014663 0.051852
5 0.612903 0.528241 0.045943 0.076852
5 0.628543 0.459722 0.031281 0.041667
0 0.578935 0.612500 0.208700 0.649074
5 0.472874 0.506944 0.012219 0.026852
5 0.591398 0.800000 0.017595 0.038889
5 0.857283 0.035185 0.031281 0.062963
5 0.831623 0.094444 0.015152 0.033333
5 0.842864 0.171296 0.027859 0.048148
5 0.718719 0.055093 0.037634 0.086111
5 0.720430 0.040278 0.049853 0.052778
5 0.721163 0.020370 0.024927 0.040741
5 0.741447 0.027778 0.019550 0.055556
5 0.758553 0.022685 0.031281 0.045370
5 0.706500 0.118519 0.042522 0.040741
5 0.690371 0.107407 0.034702 0.035185
5 0.767107 0.187963 0.046432 0.051852
5 0.740714 0.206481 0.041544 0.046296
5 0.782747 0.243056 0.035679 0.082407
5 0.722630 0.127315 0.033724 0.045370
5 0.716031 0.154630 0.020528 0.033333
5 0.704301 0.168519 0.020528 0.014815
5 0.749267 0.137963 0.043011 0.072222
5 0.734115 0.164352 0.026393 0.052778
5 0.871212 0.258333 0.042522 0.059259
5 0.823803 0.308333 0.043500 0.062963
5 0.876344 0.358796 0.022483 0.045370
5 0.717742 0.569907 0.019062 0.054630
5 0.849218 0.594444 0.024927 0.068519
5 0.797898 0.509722 0.043500 0.062037
5 0.746823 0.250000 0.021505 0.044444
5 0.873656 0.420370 0.035679 0.053704
5 0.821603 0.403704 0.040078 0.103704
5 0.833089 0.384259 0.018084 0.044444
5 0.841642 0.406481 0.018573 0.098148
5 0.855816 0.411111 0.018573 0.051852
5 0.841887 0.464352 0.030792 0.049074
5 0.846530 0.450463 0.012708 0.021296
5 0.748778 0.745833 0.011730 0.060185
5 0.776882 0.762963 0.019062 0.027778
5 0.827224 0.882407 0.040567 0.064815
5 0.854594 0.913889 0.043500 0.070370
5 0.836022 0.803241 0.007331 0.052778
5 0.867058 0.803241 0.036168 0.060185
5 0.865836 0.845370 0.031769 0.068519
5 0.917400 0.803241 0.031281 0.063889
5 0.906403 0.588889 0.041544 0.055556
5 0.934995 0.597222 0.026393 0.062963
5 0.967498 0.942130 0.046432 0.086111
5 0.933284 0.987963 0.014174 0.022222
5 0.978495 0.702778 0.027370 0.059259
5 0.988025 0.341667 0.021017 0.024074
5 0.962854 0.083333 0.031281 0.062963
5 0.986315 0.060648 0.024438 0.073148
5 0.934751 0.236111 0.039589 0.059259
5 0.923509 0.173611 0.031769 0.063889
5 0.956256 0.175000 0.037634 0.087037
5 0.988025 0.265278 0.014174 0.030556
5 0.940860 0.143056 0.017595 0.036111
5 0.929863 0.206019 0.025904 0.021296
5 0.897361 0.064352 0.019550 0.019444
5 0.896139 0.102778 0.014174 0.029630
5 0.907380 0.046296 0.044477 0.061111
5 0.924976 0.025463 0.035679 0.047222
5 0.941838 0.054167 0.029326 0.052778
5 0.979228 0.087963 0.023949 0.029630