5 0.203812 0.773148 0.006843 0.016667
5 0.087243 0.675463 0.019062 0.017593
5 0.054985 0.578704 0.054252 0.057407
5 0.813783 0.496759 0.009775 0.041667
5 0.192571 0.505093 0.056696 0.115741
5 0.923509 0.439815 0.011241 0.024074
5 0.984848 0.443519 0.029326 0.127778
5 0.180352 0.359722 0.011730 0.013889
5 0.438905 0.360648 0.019550 0.073148
5 0.169355 0.247222 0.009286 0.033333
5 0.132942 0.247685 0.033236 0.065741
5 0.629765 0.178704 0.009286 0.024074
5 0.007331 0.103704 0.007820 0.025926
5 0.790323 0.077315 0.095797 0.154630
5 0.412268 0.729630 0.019062 0.022222
5 0.523949 0.732870 0.016618 0.026852
0 0.458700 0.761574 0.405181 0.475000
0 0.565249 0.409259 0.299609 0.812963
5 0.612903 0.104167 0.022483 0.050926
3 0.628055 0.122685 0.010753 0.021296
0 0.565494 0.303241 0.282502 0.382407
0 0.550098 0.077315 0.090420 0.154630
5 0.527370 0.096296 0.008798 0.020370