5 0.298143 0.943056 0.031281 0.060185
5 0.920332 0.901389 0.015640 0.032407
5 0.348485 0.911111 0.043011 0.112963
5 0.251711 0.834259 0.031281 0.072222
5 0.312072 0.837963 0.032747 0.083333
5 0.274194 0.741204 0.070381 0.084259
5 0.397605 0.678704 0.021994 0.044444
1 0.021505 0.754630 0.043011 0.166667
5 0.353372 0.651852 0.066471 0.153704
5 0.789101 0.577315 0.015152 0.050926
5 0.282014 0.550926 0.047898 0.072222
5 0.049365 0.433796 0.013685 0.032407
5 0.151760 0.456944 0.044477 0.084259
5 0.380254 0.434722 0.020528 0.039815
5 0.956256 0.430093 0.025904 0.028704
5 0.288612 0.396759 0.034702 0.032407
5 0.293255 0.363889 0.015640 0.029630
5 0.448925 0.366204 0.019062 0.037963
5 0.816960 0.355556 0.015152 0.025926
5 0.384409 0.366204 0.037634 0.093519
5 0.663245 0.302315 0.016618 0.030556
5 0.537634 0.291204 0.037146 0.062037
5 0.703079 0.245833 0.022972 0.037963
1 0.014907 0.351389 0.029814 0.275000
5 0.592375 0.243981 0.022483 0.043519
5 0.153226 0.223148 0.014174 0.024074
5 0.864125 0.201389 0.016618 0.025000
5 0.588710 0.193981 0.018084 0.028704
5 0.473607 0.143056 0.049853 0.084259
5 0.317693 0.113889 0.021505 0.051852
5 0.296676 0.061574 0.013685 0.023148
5 0.751222 0.094444 0.063539 0.118519
5 0.499267 0.048148 0.015152 0.038889
5 0.827713 0.060185 0.046432 0.074074
5 0.723851 0.033333 0.030303 0.033333
5 0.264418 0.023611 0.030303 0.034259
5 0.892962 0.022685 0.021505 0.041667
5 0.870968 0.016204 0.015640 0.032407
1 0.559384 0.094907 0.059140 0.189815
5 0.337732 0.009722 0.021505 0.019444
1 0.028837 0.046296 0.057674 0.092593
1 0.527615 0.540278 0.117791 0.230556
1 0.529326 0.701852 0.082111 0.164815
5 0.525904 0.899537 0.028348 0.050926
5 0.539834 0.924537 0.028837 0.056481
5 0.487781 0.960185 0.034213 0.070370
1 0.545210 0.974537 0.062072 0.049074
5 0.066471 0.818056 0.031281 0.063889
5 0.325269 0.081944 0.021994 0.049074
5 0.346041 0.056481 0.034213 0.048148