1 0.272972 0.068981 0.131476 0.137963
5 0.395650 0.090741 0.033724 0.079630
1 0.231916 0.300000 0.125611 0.231481
1 0.247312 0.494444 0.140762 0.248148
1 0.257331 0.879630 0.117791 0.237037
5 0.332111 0.870833 0.029814 0.056481
5 0.500244 0.051389 0.031769 0.058333
5 0.493891 0.109259 0.027859 0.066667
5 0.577468 0.114352 0.030792 0.060185
5 0.564761 0.211111 0.031769 0.046296
5 0.593109 0.385648 0.025904 0.054630
5 0.453568 0.332407 0.032258 0.051852
5 0.469941 0.827778 0.027859 0.044444
5 0.554985 0.688889 0.034702 0.070370
5 0.603128 0.656944 0.031281 0.062037
5 0.677664 0.615278 0.039589 0.082407
5 0.641007 0.750000 0.021994 0.064815
5 0.617546 0.730556 0.024927 0.061111
5 0.697703 0.135648 0.028837 0.073148
1 0.789834 0.025926 0.098729 0.051852
1 0.799365 0.199074 0.093353 0.275926
1 0.793011 0.448148 0.127566 0.196296
3 0.773460 0.087963 0.038612 0.055556
5 0.854594 0.318056 0.033724 0.056481
1 0.782014 0.708796 0.206256 0.287963
1 0.794721 0.912500 0.139785 0.173148
5 0.787879 0.849537 0.042033 0.056481
5 0.946970 0.254167 0.025904 0.050926
5 0.945992 0.211111 0.023949 0.050000
5 0.964565 0.216667 0.023949 0.042593
5 0.956989 0.296296 0.028348 0.042593
5 0.933773 0.117130 0.027859 0.034259
5 0.958456 0.404630 0.035191 0.053704
5 0.956500 0.467130 0.021505 0.043519
5 0.872434 0.555093 0.024438 0.049074
5 0.963099 0.334722 0.021017 0.054630
5 0.967009 0.600463 0.020039 0.036111
5 0.718475 0.137037 0.023460 0.040741
5 0.701857 0.016667 0.017595 0.033333