1 0.486804 0.338426 0.136852 0.152778
1 0.475318 0.545370 0.149071 0.222222
1 0.447947 0.128241 0.140274 0.176852
1 0.959433 0.377778 0.080156 0.151852
1 0.984115 0.189815 0.030792 0.255556
1 0.465054 0.864352 0.115836 0.269444
5 0.558895 0.182870 0.058162 0.097222
5 0.698680 0.250463 0.052297 0.047222
5 0.852639 0.315278 0.034702 0.058333
5 0.522972 0.050000 0.046921 0.072222
5 0.759286 0.384722 0.031769 0.037963
5 0.770039 0.533333 0.033724 0.101852
5 0.625122 0.557407 0.030303 0.053704
5 0.901515 0.878704 0.034702 0.048148
5 0.859726 0.760648 0.035191 0.050926
5 0.851906 0.866667 0.025415 0.077778
5 0.688416 0.571296 0.020039 0.037037
5 0.552786 0.640278 0.038123 0.076852
5 0.517107 0.706944 0.025415 0.058333
5 0.445259 0.734259 0.048876 0.112963
5 0.395406 0.792130 0.037146 0.087963
5 0.345797 0.830093 0.028837 0.075000
5 0.285924 0.700000 0.035191 0.140741
5 0.264418 0.855556 0.026393 0.068519
5 0.306452 0.362037 0.071359 0.116667
5 0.259286 0.271296 0.056207 0.079630
5 0.268817 0.204630 0.030303 0.033333
5 0.214321 0.199537 0.021017 0.060185
5 0.172287 0.072222 0.044477 0.077778
5 0.248778 0.022685 0.025415 0.021296
5 0.130254 0.300000 0.063050 0.105556
5 0.048143 0.195833 0.021017 0.050926
5 0.192082 0.443981 0.039101 0.080556
5 0.393451 0.440741 0.021505 0.075926
5 0.300831 0.438426 0.027859 0.056481
5 0.096041 0.168056 0.031769 0.043519
5 0.358260 0.612963 0.032258 0.068519
5 0.359238 0.525463 0.032258 0.050926
5 0.395161 0.530093 0.018084 0.054630
5 0.311584 0.541204 0.034702 0.054630
5 0.291789 0.587963 0.046921 0.044444
5 0.287879 0.480093 0.049853 0.078704
5 0.240714 0.505093 0.039589 0.076852
5 0.254154 0.393519 0.029326 0.064815
5 0.247801 0.647222 0.023460 0.061111
5 0.241447 0.565278 0.036168 0.054630
5 0.195503 0.783796 0.039101 0.062037
5 0.173754 0.597222 0.077713 0.150000
5 0.161290 0.751389 0.043011 0.075000
5 0.147361 0.819907 0.031769 0.037963
5 0.192571 0.966667 0.040078 0.057407
5 0.089198 0.801389 0.030792 0.091667
5 0.062561 0.859722 0.022483 0.050926
5 0.048876 0.951852 0.037146 0.068519
5 0.058407 0.755093 0.043500 0.087963
5 0.017107 0.681481 0.034213 0.077778
5 0.026882 0.853241 0.050831 0.069444
5 0.042766 0.447222 0.031769 0.051852
5 0.244135 0.106481 0.022972 0.057407