5 0.208211 0.940741 0.015640 0.027778
2 0.439150 0.958796 0.022972 0.080556
5 0.176197 0.921759 0.012219 0.034259
5 0.326491 0.893519 0.011730 0.014815
0 0.569648 0.879630 0.169599 0.238889
5 0.930841 0.846759 0.009286 0.030556
5 0.528104 0.838889 0.013196 0.016667
5 0.909824 0.784259 0.013196 0.027778
5 0.121212 0.775000 0.018573 0.027778
5 0.311095 0.761111 0.030792 0.042593
5 0.234115 0.748611 0.011730 0.034259
5 0.122434 0.625463 0.018084 0.043519
5 0.704057 0.617593 0.011241 0.037037
5 0.645406 0.606019 0.008309 0.017593
5 0.013196 0.579630 0.010753 0.018519
5 0.905670 0.556019 0.009775 0.017593
5 0.445259 0.519907 0.009775 0.019444
5 0.358749 0.514815 0.013685 0.024074
5 0.109726 0.525463 0.025904 0.067593
5 0.716764 0.487500 0.008309 0.019444
5 0.458944 0.458796 0.008798 0.017593
5 0.143451 0.424074 0.010264 0.014815
5 0.112414 0.416667 0.011730 0.025926
5 0.687928 0.312037 0.008309 0.029630
5 0.411779 0.284259 0.014174 0.027778
5 0.837977 0.249537 0.014174 0.021296
5 0.803519 0.204167 0.013685 0.015741
5 0.568915 0.197222 0.013685 0.012963
5 0.860459 0.141667 0.008309 0.018519
5 0.883431 0.136574 0.008309 0.015741
5 0.818426 0.107407 0.014174 0.027778
5 0.688172 0.096759 0.010753 0.015741
5 0.644184 0.081944 0.013685 0.019444
5 0.332111 0.056944 0.009286 0.028704
5 0.891251 0.036574 0.009286 0.023148
5 0.319648 0.018056 0.008798 0.026852
5 0.456256 0.003704 0.012219 0.007407
5 0.548387 0.885185 0.008798 0.022222
5 0.677419 0.250000 0.010753 0.012963
0 0.535924 0.483333 0.095308 0.246296