5 0.342375 0.068519 0.064027 0.048148
5 0.434751 0.233796 0.025904 0.084259
5 0.406891 0.112963 0.027859 0.096296
5 0.515396 0.167593 0.030792 0.048148
5 0.417889 0.396759 0.022483 0.069444
5 0.405181 0.702778 0.051808 0.070370
5 0.464076 0.642130 0.027859 0.037963
5 0.389296 0.529630 0.022972 0.068519
5 0.325513 0.639815 0.027370 0.064815
5 0.475806 0.720370 0.026882 0.038889
5 0.481183 0.828704 0.060117 0.103704
5 0.436950 0.850926 0.039101 0.050000
5 0.257087 0.714352 0.028348 0.041667
5 0.215298 0.690278 0.027859 0.045370
5 0.233138 0.509259 0.026393 0.048148
5 0.208700 0.560648 0.022483 0.047222
5 0.226295 0.635185 0.015640 0.037037
5 0.166422 0.602315 0.027859 0.063889
5 0.145650 0.667593 0.020528 0.038889
5 0.311584 0.254630 0.060117 0.129630
5 0.087488 0.632870 0.028348 0.041667
5 0.036413 0.605556 0.039589 0.083333
5 0.023949 0.668519 0.036168 0.050000
5 0.035435 0.860648 0.034702 0.039815
5 0.097996 0.435185 0.032747 0.046296
5 0.088710 0.291204 0.027859 0.043519
5 0.158113 0.042130 0.022972 0.026852
5 0.449413 0.549074 0.020039 0.035185
5 0.500489 0.385648 0.026393 0.049074
5 0.523460 0.394444 0.019550 0.038889
5 0.635630 0.457407 0.046432 0.072222
5 0.629277 0.407870 0.020039 0.043519
5 0.654448 0.823148 0.037146 0.079630
5 0.685973 0.915741 0.052297 0.066667
5 0.700147 0.963889 0.042522 0.048148
5 0.815738 0.879167 0.039101 0.076852
5 0.865591 0.920370 0.034213 0.088889
5 0.853861 0.850926 0.023460 0.046296
5 0.821848 0.787500 0.033724 0.054630
5 0.788123 0.791667 0.026882 0.055556
5 0.759286 0.762963 0.030792 0.112963
5 0.719697 0.724074 0.026882 0.083333
5 0.739247 0.624537 0.039589 0.099074
5 0.757820 0.536574 0.016129 0.037963
5 0.771017 0.495370 0.045455 0.061111
5 0.675709 0.531944 0.028837 0.054630
5 0.641496 0.652778 0.014174 0.046296
5 0.800587 0.441667 0.027370 0.064815
5 0.826002 0.717130 0.048876 0.086111
5 0.779081 0.734722 0.017595 0.067593
5 0.885386 0.821296 0.051320 0.127778
5 0.931085 0.687037 0.047898 0.079630
5 0.974585 0.700000 0.042033 0.114815
5 0.876100 0.691667 0.027859 0.051852
5 0.899316 0.586574 0.025415 0.063889
5 0.856305 0.547222 0.035191 0.020370
5 0.835533 0.614815 0.021017 0.070370
5 0.859726 0.478241 0.035191 0.069444
5 0.863636 0.367130 0.031281 0.063889
5 0.910313 0.524074 0.021994 0.025926
5 0.972630 0.533333 0.037146 0.057407
5 0.941349 0.384722 0.030303 0.045370
5 0.886852 0.330556 0.059140 0.088889
5 0.809873 0.272685 0.034213 0.067593
5 0.854350 0.283333 0.038123 0.055556
5 0.768328 0.278241 0.024438 0.030556
5 0.665934 0.271296 0.019062 0.057407
5 0.856305 0.172685 0.027370 0.100926
5 0.785924 0.029630 0.031281 0.057407
5 0.728495 0.010648 0.018084 0.019444
5 0.958456 0.097222 0.030303 0.057407
5 0.924976 0.069907 0.032747 0.063889
5 0.939394 0.009259 0.029326 0.018519
5 0.981183 0.934259 0.023949 0.094444
5 0.992913 0.410648 0.008309 0.037963
5 0.644917 0.971759 0.022972 0.037963
1 0.565494 0.886111 0.096774 0.225926
1 0.563050 0.737963 0.138807 0.148148
1 0.576491 0.516667 0.088465 0.209259
5 0.550342 0.598148 0.036168 0.033333
5 0.532747 0.510185 0.012708 0.085185
1 0.549120 0.046759 0.114858 0.093519
5 0.640029 0.563889 0.016129 0.029630
5 0.698436 0.300000 0.025415 0.035185
5 0.771017 0.832407 0.020039 0.035185
5 0.504643 0.944907 0.016129 0.039815
5 0.768328 0.117130 0.067449 0.145370
1 0.553030 0.281944 0.118768 0.145370
1 0.588221 0.191667 0.067937 0.257407