5 0.940127 0.904630 0.016129 0.044444
5 0.719697 0.906481 0.018084 0.018519
5 0.988514 0.895833 0.021994 0.065741
5 0.666667 0.869444 0.028348 0.057407
5 0.986070 0.612963 0.012219 0.027778
5 0.452835 0.617130 0.040567 0.100926
5 0.486315 0.551389 0.029326 0.089815
5 0.955034 0.535648 0.033236 0.067593
5 0.938172 0.505093 0.012219 0.013889
5 0.472630 0.468981 0.020528 0.045370
5 0.385142 0.427315 0.022483 0.056481
5 0.719208 0.379630 0.018084 0.053704
5 0.734848 0.389815 0.015152 0.031481
5 0.480450 0.346759 0.037146 0.047222
5 0.492913 0.253241 0.009286 0.056481
5 0.474340 0.258796 0.021017 0.049074
5 0.837732 0.267593 0.049853 0.085185
5 0.377566 0.186111 0.016129 0.051852
5 0.102639 0.149537 0.017595 0.037963
5 0.524927 0.062963 0.036168 0.081481
1 0.226051 0.939815 0.208700 0.116667
5 0.246579 0.875000 0.039589 0.064815
5 0.289101 0.858333 0.037634 0.085185
5 0.283969 0.806944 0.025415 0.060185
5 0.301075 0.759259 0.027370 0.051852
5 0.121457 0.954630 0.023949 0.044444
5 0.284213 0.670370 0.021994 0.035185
5 0.237537 0.670370 0.018573 0.040741
1 0.231427 0.592593 0.173509 0.148148
1 0.226784 0.463426 0.091887 0.219444
1 0.261730 0.254630 0.133431 0.274074
5 0.121945 0.043519 0.021017 0.031481
5 0.150538 0.074537 0.020528 0.037963
5 0.128788 0.156019 0.019062 0.050926
3 0.187439 0.137037 0.032747 0.051852
3 0.201369 0.112963 0.033236 0.048148
3 0.224585 0.114352 0.034702 0.054630
5 0.175953 0.140741 0.025415 0.066667
3 0.208211 0.155093 0.031281 0.037963
5 0.144673 0.028241 0.042033 0.056481
5 0.261486 0.112037 0.019550 0.033333
5 0.483138 0.575463 0.045455 0.021296
5 0.345308 0.445370 0.019062 0.033333
1 0.772239 0.786574 0.185728 0.382407
5 0.709433 0.604630 0.064027 0.120370
1 0.251466 0.067593 0.135386 0.131481
1 0.805474 0.532870 0.149560 0.239815
5 0.840665 0.564815 0.028348 0.051852
1 0.759531 0.292130 0.161290 0.206481
1 0.783236 0.110648 0.163734 0.221296
1 0.822336 0.027315 0.122678 0.052778
5 0.828935 0.863889 0.024438 0.025926
1 0.812561 0.956019 0.089443 0.086111
5 0.817204 0.899537 0.043988 0.065741
5 0.976295 0.066204 0.012219 0.015741