5 0.153715 0.025000 0.024927 0.050000
5 0.119746 0.153704 0.021505 0.044444
5 0.181329 0.201389 0.028348 0.041667
5 0.135386 0.856019 0.016618 0.062037
5 0.194037 0.881481 0.066471 0.055556
5 0.369257 0.705093 0.030792 0.093519
5 0.343109 0.443519 0.043011 0.062963
5 0.385630 0.457407 0.011730 0.020370
5 0.439394 0.491667 0.032258 0.079630
5 0.520528 0.482870 0.042033 0.089815
5 0.548387 0.624074 0.013685 0.022222
5 0.499022 0.612963 0.068426 0.075926
5 0.376344 0.255556 0.038123 0.055556
5 0.367546 0.134259 0.032258 0.064815
5 0.679863 0.087500 0.059629 0.136111
5 0.699413 0.146296 0.005865 0.016667
5 0.578201 0.837963 0.051808 0.061111
5 0.609971 0.808333 0.038123 0.068519
5 0.714565 0.735185 0.011730 0.024074
5 0.692326 0.979630 0.037634 0.038889
5 0.833578 0.255556 0.030792 0.072222
5 0.872434 0.151389 0.046921 0.050926
2 0.882942 0.090741 0.117791 0.155556
5 0.927908 0.294444 0.007331 0.022222
2 0.819892 0.846296 0.047410 0.177778
5 0.918866 0.887963 0.064516 0.107407
5 0.958456 0.183333 0.009775 0.029630
0 0.544721 0.053241 0.115836 0.106481
0 0.565982 0.282870 0.042033 0.137963
5 0.559384 0.965741 0.024927 0.066667
2 0.358749 0.927315 0.140762 0.095370
2 0.422776 0.828241 0.069404 0.184259
2 0.446725 0.713889 0.152493 0.200000
5 0.445748 0.875463 0.016618 0.028704