5 0.492669 0.993519 0.008798 0.011111
5 0.362170 0.981481 0.018573 0.035185
5 0.409824 0.978704 0.033724 0.040741
5 0.979717 0.934722 0.027859 0.073148
5 0.086510 0.943056 0.015640 0.049074
5 0.468231 0.928704 0.029326 0.037037
5 0.952102 0.806944 0.034213 0.019444
5 0.415445 0.835648 0.036168 0.113889
5 0.984604 0.780556 0.019062 0.055556
5 0.390518 0.744907 0.009775 0.017593
5 0.291544 0.722685 0.015152 0.041667
5 0.377322 0.708796 0.025415 0.049074
5 0.535924 0.656481 0.028837 0.033333
5 0.965787 0.640278 0.026393 0.100926
5 0.493157 0.644907 0.018573 0.058333
5 0.344819 0.636574 0.029814 0.056481
5 0.602639 0.605093 0.022483 0.034259
5 0.667155 0.613889 0.018573 0.072222
5 0.960411 0.582407 0.012708 0.025926
5 0.538856 0.576389 0.019062 0.037963
5 0.470674 0.578704 0.045943 0.057407
5 0.848729 0.559722 0.026882 0.021296
4 0.505132 0.542593 0.016129 0.075926
5 0.351662 0.512500 0.020039 0.030556
5 0.364858 0.502778 0.022972 0.055556
5 0.678152 0.491667 0.025904 0.020370
5 0.097019 0.473148 0.041544 0.077778
5 0.346530 0.460185 0.022483 0.070370
5 0.442082 0.410648 0.038612 0.100926
5 0.169599 0.432407 0.058651 0.053704
5 0.710655 0.423611 0.012708 0.052778
5 0.626100 0.405556 0.019550 0.051852
5 0.332111 0.410648 0.024927 0.036111
5 0.038368 0.377778 0.076735 0.092593
5 0.959433 0.346296 0.019550 0.050000
5 0.606794 0.290278 0.028837 0.050926
5 0.448192 0.309259 0.025415 0.057407
5 0.988759 0.303704 0.021505 0.096296
5 0.471408 0.230556 0.018084 0.051852
5 0.723851 0.212963 0.031281 0.033333
5 0.363636 0.243056 0.048876 0.112037
5 0.761730 0.199074 0.012219 0.025926
5 0.496090 0.242593 0.044966 0.129630
5 0.988759 0.114815 0.021505 0.068519
5 0.486559 0.131481 0.066960 0.096296
5 0.249511 0.075926 0.025904 0.024074
5 0.742913 0.048148 0.022483 0.055556
5 0.415200 0.059722 0.027859 0.036111
5 0.546188 0.014815 0.057185 0.029630
4 0.478983 0.012963 0.019550 0.025926
5 0.043255 0.748611 0.050342 0.100926
5 0.141740 0.206019 0.061584 0.050926
5 0.174487 0.232870 0.051808 0.045370
5 0.227273 0.346759 0.078201 0.137963
5 0.202835 0.310648 0.030303 0.034259
5 0.227028 0.269444 0.029814 0.057407
1 0.244379 0.028241 0.072336 0.056481
5 0.289834 0.097685 0.058651 0.047222
5 0.330401 0.112500 0.127077 0.225000
1 0.259775 0.229630 0.099218 0.403704
5 0.178152 0.781019 0.043500 0.130556
5 0.135386 0.671759 0.074291 0.147222
4 0.091153 0.699074 0.036657 0.096296
5 0.004888 0.817130 0.009775 0.021296
1 0.277126 0.912037 0.139785 0.174074
1 0.247067 0.825463 0.118768 0.337963
5 0.249511 0.681944 0.033724 0.045370
1 0.249267 0.542593 0.195503 0.151852
5 0.262708 0.615741 0.010264 0.040741
5 0.170332 0.480556 0.014174 0.044444
5 0.359726 0.349537 0.059629 0.093519
5 0.603128 0.721759 0.029326 0.030556
5 0.622678 0.739815 0.026393 0.118519
5 0.628543 0.710185 0.023460 0.037037
5 0.667644 0.631944 0.046921 0.019444
5 0.684018 0.607870 0.023949 0.045370
5 0.496579 0.787500 0.065494 0.147222
5 0.479228 0.862963 0.033724 0.072222
5 0.446237 0.645370 0.039101 0.116667
5 0.424242 0.650463 0.029326 0.062037
5 0.458211 0.676389 0.018084 0.039815
5 0.550587 0.495370 0.031769 0.061111
2 0.504888 0.479167 0.109482 0.156481
5 0.406158 0.109259 0.032258 0.064815
5 0.423509 0.150463 0.042522 0.071296
4 0.393695 0.081944 0.021994 0.054630
5 0.716520 0.635185 0.018573 0.018519
5 0.709922 0.812500 0.047410 0.136111
5 0.687439 0.472685 0.006354 0.012037
5 0.710411 0.431481 0.035679 0.033333
5 0.719697 0.493981 0.024927 0.086111
5 0.734360 0.438426 0.018084 0.045370
5 0.690127 0.146759 0.020528 0.045370
4 0.644428 0.019907 0.021017 0.039815
4 0.665689 0.061111 0.043988 0.122222
5 0.930352 0.037500 0.034702 0.075000
5 0.931329 0.871296 0.050342 0.151852
5 0.762952 0.396296 0.052786 0.077778
5 0.788368 0.409259 0.012708 0.051852
5 0.800831 0.428241 0.018084 0.065741
1 0.807185 0.086111 0.116813 0.172222
5 0.744135 0.014352 0.010264 0.026852
5 0.454057 0.006019 0.015640 0.012037
5 0.473118 0.326389 0.026393 0.041667
5 0.561584 0.216667 0.077224 0.083333
5 0.516862 0.276852 0.057185 0.083333
2 0.487292 0.306944 0.134897 0.232407
5 0.583333 0.400463 0.050342 0.054630
5 0.574047 0.432407 0.055230 0.064815
5 0.609971 0.244907 0.024438 0.039815
5 0.615836 0.212500 0.025415 0.041667
5 0.616080 0.339815 0.046432 0.083333
5 0.649071 0.439352 0.025415 0.063889
4 0.642962 0.386111 0.034702 0.074074
4 0.703324 0.325926 0.024438 0.048148
5 0.696481 0.363889 0.032258 0.066667
5 0.649560 0.270370 0.059629 0.083333
5 0.703324 0.262037 0.062561 0.062963
1 0.786657 0.262963 0.154936 0.270370
5 0.828446 0.581944 0.017595 0.054630
1 0.820870 0.468981 0.149071 0.249074
5 0.996823 0.310185 0.005376 0.025926
5 0.945992 0.410648 0.047410 0.071296
5 0.946725 0.475463 0.067449 0.099074
5 0.907869 0.451852 0.017107 0.075926
1 0.821359 0.711574 0.133431 0.278704
1 0.782014 0.821759 0.116325 0.249074
1 0.860459 0.826389 0.094330 0.204630
1 0.781281 0.924537 0.134409 0.147222
1 0.862170 0.945370 0.102639 0.105556