5 0.039101 0.013889 0.012708 0.027778
5 0.114125 0.091667 0.022972 0.044444
5 0.114125 0.074074 0.031769 0.018519
5 0.087977 0.521296 0.041056 0.027778
5 0.190371 0.931019 0.048387 0.060185
5 0.181329 0.428704 0.014663 0.037037
5 0.195015 0.303704 0.009775 0.012963
5 0.163245 0.023611 0.030303 0.047222
5 0.170821 0.022685 0.008309 0.017593
5 0.276149 0.891667 0.004888 0.012963
4 0.318426 0.915741 0.041544 0.029630
5 0.292766 0.908333 0.009775 0.020370
5 0.353372 0.766667 0.027370 0.038889
5 0.274194 0.758333 0.016618 0.025926
5 0.282258 0.772222 0.019062 0.040741
5 0.299120 0.779630 0.058651 0.107407
5 0.320626 0.503241 0.010753 0.023148
5 0.337732 0.346759 0.009775 0.025000
5 0.418622 0.045833 0.013196 0.028704
5 0.413001 0.039352 0.013685 0.028704
5 0.452102 0.420833 0.015640 0.028704
5 0.383920 0.569907 0.024927 0.041667
5 0.456745 0.749537 0.025904 0.073148
5 0.422532 0.981944 0.042522 0.034259
4 0.440616 0.908333 0.021017 0.027778
5 0.509531 0.005556 0.010264 0.011111
5 0.509531 0.030093 0.014174 0.015741
5 0.532014 0.015741 0.021994 0.031481
5 0.499267 0.105093 0.035679 0.049074
5 0.496334 0.283796 0.012219 0.010185
5 0.499756 0.322222 0.012219 0.025926
5 0.503421 0.491667 0.026393 0.051852
5 0.496334 0.538889 0.014174 0.038889
5 0.520528 0.520370 0.014663 0.033333
5 0.501222 0.612500 0.013196 0.028704
5 0.557185 0.819907 0.019550 0.069444
5 0.579668 0.906481 0.033236 0.055556
5 0.597263 0.489352 0.007820 0.017593
5 0.913490 0.313426 0.014663 0.019444
5 0.954057 0.846759 0.014663 0.019444
5 0.892717 0.939352 0.024927 0.073148
5 0.981672 0.853241 0.013196 0.026852
5 0.991935 0.852778 0.015152 0.016667
5 0.990958 0.820833 0.017107 0.036111
5 0.994868 0.838889 0.009286 0.022222
5 0.795210 0.668981 0.026393 0.028704
5 0.778348 0.530093 0.051320 0.087963
5 0.811584 0.194907 0.033724 0.039815
5 0.775171 0.220833 0.009775 0.025000
5 0.783236 0.232870 0.028837 0.075000
0 0.575758 0.227778 0.200391 0.455556
5 0.646139 0.585185 0.338221 0.731481
0 0.570626 0.762037 0.383675 0.472222
0 0.539834 0.896296 0.452102 0.205556