5 0.706012 0.910648 0.018084 0.039815
1 0.292766 0.935185 0.084066 0.090741
1 0.804741 0.832870 0.079668 0.208333
5 0.152248 0.700000 0.017107 0.035185
5 0.659580 0.697685 0.019062 0.034259
5 0.194526 0.104630 0.019550 0.042593
5 0.226051 0.043056 0.013196 0.017593
1 0.297898 0.810185 0.070870 0.116667
1 0.317204 0.656481 0.123167 0.240741
1 0.275415 0.488889 0.072825 0.125926
2 0.330156 0.412500 0.065982 0.126852
5 0.157869 0.781019 0.023460 0.047222
1 0.337977 0.241667 0.107038 0.222222
1 0.296676 0.082407 0.137830 0.162963
5 0.470674 0.472685 0.086999 0.152778
5 0.553030 0.343056 0.066960 0.106481
5 0.708211 0.025463 0.019550 0.047222
5 0.659335 0.040278 0.039101 0.075000
5 0.729472 0.488889 0.051320 0.120370
2 0.817693 0.604167 0.055718 0.073148
2 0.817449 0.660185 0.070870 0.116667
1 0.800587 0.423148 0.107527 0.200000
1 0.841398 0.207407 0.133431 0.185185
1 0.814272 0.064815 0.107527 0.127778