1 0.210166 0.077778 0.127077 0.155556
0 0.273705 0.377778 0.080156 0.081481
1 0.745601 0.196759 0.112903 0.167593
1 0.737537 0.066667 0.080156 0.131481
5 0.498289 0.405093 0.040567 0.087963
5 0.483382 0.554630 0.032258 0.070370
5 0.452102 0.535185 0.023460 0.079630
5 0.450880 0.440741 0.029814 0.061111
5 0.438905 0.342593 0.029326 0.042593
5 0.464321 0.372685 0.014663 0.039815
5 0.476051 0.251852 0.026393 0.061111
5 0.369501 0.230556 0.032258 0.046296
5 0.555963 0.700463 0.035679 0.043519
5 0.604350 0.696296 0.029814 0.057407
5 0.523949 0.723148 0.030303 0.050000
5 0.473363 0.762037 0.021994 0.048148
5 0.445259 0.794444 0.020528 0.048148
5 0.380254 0.510648 0.020528 0.039815
5 0.630987 0.364815 0.025415 0.064815
5 0.588465 0.319907 0.029326 0.062037
5 0.611926 0.210648 0.019550 0.037963
5 0.658847 0.167593 0.018573 0.044444
5 0.649804 0.104167 0.021017 0.049074
5 0.574780 0.180556 0.031281 0.057407
5 0.541544 0.493056 0.030303 0.052778
5 0.503910 0.459259 0.024438 0.020370
5 0.674487 0.509722 0.019550 0.063889
5 0.615836 0.637963 0.016618 0.046296
5 0.678152 0.858796 0.026882 0.056481
5 0.655181 0.262500 0.021017 0.030556
5 0.961632 0.837500 0.028837 0.054630
5 0.919599 0.855556 0.033724 0.055556
5 0.943304 0.923611 0.030303 0.037963
5 0.838710 0.856019 0.025415 0.052778
5 0.852395 0.714815 0.026393 0.055556
5 0.895650 0.727778 0.022972 0.040741
5 0.896872 0.678241 0.032258 0.056481
5 0.909335 0.636574 0.033724 0.052778
5 0.979228 0.726852 0.014174 0.044444
5 0.980205 0.656944 0.028837 0.112037
5 0.957478 0.604630 0.011730 0.029630
5 0.937683 0.587963 0.034702 0.053704
5 0.906158 0.572222 0.025415 0.057407
5 0.919599 0.464815 0.012219 0.051852
5 0.961388 0.436111 0.071359 0.109259
5 0.837977 0.621296 0.027859 0.057407
5 0.846041 0.357407 0.032258 0.044444
5 0.939394 0.209722 0.022483 0.036111
5 0.930352 0.074074 0.027859 0.046296
5 0.893939 0.142593 0.029326 0.046296
2 0.224585 0.568981 0.188172 0.293519
1 0.231183 0.804630 0.086999 0.309259
1 0.768817 0.921296 0.129032 0.155556
1 0.730205 0.745833 0.139785 0.249074
1 0.748045 0.478704 0.098240 0.311111
1 0.796432 0.355556 0.108993 0.211111