5 0.086022 0.129630 0.032258 0.112963
5 0.129765 0.027315 0.031769 0.039815
5 0.052786 0.264352 0.029326 0.052778
5 0.014907 0.290278 0.020039 0.023148
5 0.074536 0.477778 0.030792 0.070370
5 0.138074 0.460185 0.065982 0.092593
5 0.054252 0.675000 0.033236 0.044444
5 0.011975 0.992130 0.021994 0.013889
5 0.238759 0.901389 0.065982 0.089815
5 0.198436 0.875926 0.062561 0.081481
5 0.108749 0.582870 0.095308 0.069444
5 0.149804 0.611574 0.063050 0.056481
1 0.251222 0.790741 0.160313 0.118519
5 0.336755 0.744907 0.084066 0.217593
5 0.296188 0.667593 0.036168 0.077778
5 0.238025 0.702778 0.085044 0.068519
1 0.251466 0.604630 0.134409 0.144444
5 0.167644 0.532870 0.035191 0.043519
5 0.418133 0.696296 0.039589 0.107407
5 0.454545 0.720370 0.030303 0.051852
5 0.192571 0.566667 0.042033 0.131481
1 0.231427 0.493981 0.161779 0.237963
1 0.253421 0.323611 0.134409 0.249074
5 0.192326 0.320370 0.030792 0.061111
1 0.191349 0.241667 0.108016 0.133333
1 0.233138 0.135185 0.160313 0.185185
1 0.269795 0.049537 0.099707 0.091667
5 0.354350 0.049537 0.024438 0.041667
5 0.379277 0.168056 0.016618 0.034259
5 0.337488 0.281019 0.031769 0.082407
5 0.321359 0.338426 0.061095 0.089815
5 0.358504 0.450463 0.032747 0.062037
5 0.395406 0.472222 0.007820 0.040741
5 0.413001 0.478241 0.030303 0.080556
5 0.378299 0.340278 0.050831 0.050926
5 0.425220 0.394444 0.072336 0.098148
5 0.410313 0.357407 0.010264 0.029630
5 0.475806 0.344907 0.065982 0.200926
5 0.470919 0.511111 0.033724 0.094444
5 0.496823 0.535648 0.019062 0.036111
5 0.476540 0.176389 0.018573 0.039815
5 0.440127 0.073611 0.016129 0.032407
5 0.491691 0.059259 0.085044 0.100000
5 0.523216 0.015278 0.065982 0.030556
5 0.552542 0.073611 0.018084 0.043519
5 0.567937 0.064352 0.018573 0.056481
5 0.407136 0.860185 0.028348 0.042593
5 0.423754 0.872222 0.025415 0.053704
5 0.406647 0.916204 0.027370 0.037963
5 0.549853 0.862963 0.079179 0.125926
5 0.533236 0.825926 0.027370 0.048148
5 0.503421 0.753704 0.085044 0.135185
5 0.487781 0.677315 0.010753 0.032407
5 0.548387 0.683333 0.050831 0.068519
5 0.499511 0.621296 0.013685 0.027778
5 0.596530 0.646759 0.025904 0.050926
5 0.593597 0.443519 0.054252 0.094444
5 0.635142 0.550000 0.073803 0.125926
5 0.585777 0.548148 0.057185 0.046296
5 0.659580 0.472685 0.026882 0.067593
5 0.616080 0.271296 0.035679 0.079630
5 0.588465 0.314815 0.038123 0.081481
5 0.557185 0.256019 0.013685 0.047222
5 0.570626 0.237963 0.014174 0.061111
5 0.589932 0.244907 0.043988 0.121296
5 0.551564 0.190741 0.017107 0.042593
5 0.616325 0.124537 0.077224 0.097222
5 0.677908 0.262037 0.049853 0.116667
5 0.657625 0.749537 0.034702 0.078704
5 0.696970 0.751389 0.053763 0.115741
5 0.692082 0.813889 0.022483 0.048148
5 0.727761 0.689352 0.023460 0.034259
5 0.751466 0.967593 0.038612 0.062963
5 0.695015 0.951389 0.025415 0.047222
5 0.836510 0.930093 0.113881 0.137963
5 0.940127 0.935185 0.062072 0.125926
5 0.983627 0.783796 0.030792 0.115741
1 0.793744 0.755556 0.114370 0.214815
5 0.919355 0.745833 0.068426 0.091667
5 0.847996 0.760185 0.026393 0.020370
5 0.850196 0.712963 0.031769 0.070370
5 0.824536 0.827778 0.019550 0.020370
5 0.880743 0.651389 0.088954 0.158333
5 0.909091 0.667130 0.026393 0.045370
5 0.875855 0.563889 0.027370 0.092593
1 0.778592 0.552778 0.169110 0.242593
5 0.681574 0.565741 0.022972 0.053704
5 0.701124 0.525463 0.017107 0.084259
5 0.685239 0.505093 0.008798 0.028704
5 0.739980 0.539815 0.063539 0.055556
5 0.761486 0.466204 0.046921 0.130556
5 0.742913 0.443056 0.009775 0.036111
5 0.837732 0.466204 0.027370 0.060185
5 0.819648 0.451389 0.009775 0.026852
5 0.799609 0.433333 0.009775 0.029630
5 0.794477 0.366667 0.021017 0.066667
5 0.779081 0.313426 0.033236 0.047222
5 0.696725 0.190741 0.027859 0.111111
5 0.660802 0.171759 0.030303 0.060185
5 0.704057 0.117130 0.056207 0.162037
1 0.776637 0.111574 0.124145 0.187963
5 0.815005 0.222685 0.019062 0.039815
5 0.818426 0.010648 0.090420 0.021296
5 0.832845 0.307870 0.017595 0.045370
5 0.828935 0.268056 0.028348 0.030556
5 0.856794 0.341204 0.015640 0.030556
5 0.876833 0.363889 0.018573 0.046296
5 0.876833 0.170833 0.030303 0.028704
5 0.892473 0.139815 0.036168 0.085185
5 0.901026 0.062963 0.020039 0.044444
5 0.902737 0.225000 0.059629 0.062963
5 0.868035 0.211574 0.017595 0.028704
5 0.936461 0.116667 0.037146 0.100000
5 0.986315 0.055556 0.025415 0.074074
5 0.991691 0.124537 0.014663 0.049074
5 0.992424 0.185648 0.013196 0.063889
5 0.939638 0.225000 0.011241 0.031481
5 0.956989 0.179630 0.027370 0.066667
5 0.946970 0.285648 0.070870 0.141667
5 0.990958 0.349537 0.017107 0.030556
5 0.947947 0.388889 0.056207 0.087037
5 0.986804 0.439352 0.024438 0.065741
5 0.910313 0.486574 0.024927 0.056481
5 0.975562 0.486574 0.014663 0.026852
5 0.962854 0.581481 0.019550 0.064815
5 0.986070 0.572222 0.024927 0.062963
5 0.533480 0.975000 0.027859 0.040741