5 0.023705 0.210648 0.035679 0.050926
5 0.021750 0.285185 0.011241 0.027778
5 0.189394 0.169907 0.027859 0.063889
5 0.166178 0.294444 0.019550 0.038889
5 0.124389 0.293981 0.030792 0.036111
5 0.136119 0.371759 0.019062 0.026852
5 0.207722 0.412037 0.019550 0.037037
5 0.235093 0.398611 0.012708 0.025000
5 0.270283 0.384722 0.013685 0.036111
5 0.271994 0.354167 0.018084 0.023148
5 0.264174 0.290741 0.018084 0.022222
5 0.189150 0.443519 0.012708 0.035185
5 0.180352 0.394907 0.021505 0.052778
5 0.141984 0.443056 0.021017 0.019444
5 0.223851 0.020370 0.030303 0.040741
1 0.280059 0.040741 0.070381 0.081481
2 0.328201 0.043981 0.028837 0.013889
1 0.281036 0.200000 0.129032 0.242593
5 0.311828 0.149537 0.035191 0.045370
5 0.330890 0.359722 0.020528 0.030556
5 0.390518 0.303704 0.053763 0.059259
1 0.274927 0.458333 0.040567 0.062963
5 0.343109 0.428704 0.052786 0.079630
2 0.222385 0.468519 0.018573 0.024074
5 0.163978 0.609722 0.029814 0.041667
1 0.264907 0.687963 0.207234 0.318519
2 0.304985 0.569907 0.050831 0.071296
5 0.151760 0.749537 0.029814 0.036111
5 0.041789 0.784259 0.030792 0.070370
5 0.304252 0.843981 0.029814 0.045370
5 0.304252 0.887500 0.039589 0.028704
5 0.077713 0.843056 0.077224 0.130556
5 0.083333 0.938889 0.032747 0.074074
5 0.097752 0.985648 0.043011 0.026852
1 0.286657 0.943981 0.123656 0.108333
5 0.138319 0.919444 0.018573 0.018519
5 0.410802 0.651852 0.017107 0.033333
5 0.485826 0.706019 0.044966 0.045370
5 0.480450 0.744907 0.012708 0.034259
5 0.495601 0.759259 0.017595 0.040741
5 0.518084 0.760648 0.020528 0.052778
5 0.536901 0.766667 0.013196 0.035185
5 0.543744 0.744444 0.021994 0.031481
5 0.519306 0.712500 0.023949 0.065741
5 0.583578 0.773611 0.012708 0.052778
5 0.408113 0.941667 0.029326 0.031481
1 0.475318 0.910185 0.111926 0.175926
1 0.471652 0.984259 0.019550 0.029630
5 0.524927 0.913889 0.017595 0.035185
5 0.495846 0.907407 0.012219 0.029630
5 0.489492 0.862963 0.014174 0.038889
5 0.427419 0.828241 0.026882 0.039815
5 0.586999 0.892130 0.019550 0.039815
5 0.581867 0.833796 0.022972 0.037963
5 0.608260 0.821296 0.017107 0.031481
5 0.483627 0.643981 0.015152 0.028704
5 0.570626 0.680093 0.023949 0.078704
5 0.559140 0.654167 0.020528 0.037963
5 0.524682 0.631481 0.010264 0.029630
5 0.459922 0.562500 0.018573 0.060185
5 0.473851 0.544907 0.008309 0.019444
5 0.463832 0.489352 0.014663 0.043519
5 0.504399 0.584259 0.051808 0.166667
5 0.543988 0.529167 0.046921 0.136111
5 0.512463 0.456481 0.025904 0.050000
5 0.534702 0.447685 0.012708 0.019444
5 0.603617 0.576852 0.018573 0.046296
5 0.606794 0.545370 0.011241 0.020370
5 0.429863 0.394907 0.044477 0.058333
5 0.426442 0.357870 0.021017 0.013889
5 0.435728 0.289352 0.020039 0.028704
5 0.460655 0.130093 0.029814 0.030556
5 0.469941 0.161574 0.020039 0.030556
5 0.491202 0.093519 0.024438 0.024074
5 0.469697 0.038889 0.041056 0.077778
5 0.516373 0.006481 0.022972 0.012963
5 0.581623 0.125000 0.044966 0.094444
5 0.541056 0.287037 0.021505 0.033333
5 0.559384 0.404167 0.029814 0.037963
5 0.605083 0.457407 0.017595 0.068519
5 0.590665 0.340278 0.016129 0.087963
5 0.612414 0.349537 0.016618 0.058333
5 0.612170 0.398148 0.027859 0.038889
5 0.620235 0.506019 0.018573 0.043519
5 0.655914 0.707407 0.014663 0.050000
5 0.666422 0.786111 0.016129 0.033333
5 0.633187 0.892593 0.022972 0.048148
5 0.638563 0.979630 0.025904 0.038889
5 0.604350 0.960648 0.024927 0.034259
5 0.665200 0.982407 0.019550 0.025926
5 0.714809 0.971296 0.059140 0.050000
5 0.749511 0.976389 0.054252 0.039815
5 0.726051 0.675926 0.029814 0.061111
1 0.799609 0.810648 0.132942 0.225000
5 0.827468 0.631944 0.023460 0.036111
5 0.833333 0.693519 0.018573 0.025926
5 0.875367 0.631944 0.024438 0.032407
5 0.897849 0.973611 0.026393 0.037963
5 0.897605 0.934259 0.016129 0.033333
5 0.943060 0.534722 0.064027 0.093519
5 0.861437 0.543519 0.021994 0.087037
5 0.863636 0.466204 0.028348 0.058333
1 0.800098 0.556481 0.090909 0.170370
5 0.761975 0.658796 0.012708 0.036111
5 0.726295 0.503241 0.010753 0.021296
1 0.804985 0.400463 0.095797 0.210185
5 0.847507 0.457407 0.017595 0.079630
5 0.717742 0.378704 0.029814 0.040741
5 0.727273 0.257407 0.053763 0.079630
5 0.780547 0.297222 0.020528 0.035185
5 0.755865 0.194907 0.054252 0.099074
5 0.719697 0.111111 0.032747 0.048148
5 0.627810 0.081944 0.022972 0.041667
5 0.657136 0.045833 0.021017 0.039815
1 0.807674 0.170833 0.078690 0.237963
5 0.854106 0.275463 0.023949 0.050926
5 0.845797 0.239352 0.014174 0.025000
5 0.841153 0.156019 0.015640 0.039815
1 0.794966 0.069444 0.109971 0.138889
5 0.912757 0.049074 0.028837 0.072222
5 0.981672 0.168519 0.016129 0.029630
5 0.993402 0.116667 0.012219 0.024074
5 0.925953 0.291204 0.031769 0.045370
5 0.878055 0.338889 0.021017 0.055556
5 0.886119 0.375463 0.026393 0.065741
5 0.931574 0.423611 0.029326 0.034259
5 0.865103 0.895833 0.010753 0.034259
5 0.854594 0.841667 0.012219 0.027778
5 0.810606 0.984722 0.020039 0.026852
5 0.904448 0.742130 0.072825 0.199074
5 0.938416 0.847685 0.099707 0.200926
5 0.980694 0.843981 0.036657 0.154630