5 0.938661 0.881944 0.036657 0.056481
1 0.269550 0.913889 0.102151 0.155556
5 0.987537 0.779630 0.022972 0.061111
5 0.874145 0.763426 0.009286 0.026852
5 0.932063 0.716667 0.048876 0.109259
1 0.231183 0.736111 0.090909 0.198148
1 0.253910 0.543981 0.076735 0.125000
5 0.640029 0.462500 0.013196 0.039815
5 0.574047 0.377778 0.029814 0.044444
1 0.257331 0.423611 0.099218 0.110185
5 0.070381 0.238426 0.023460 0.041667
5 0.341887 0.239815 0.037634 0.053704
5 0.335044 0.184259 0.021017 0.057407
5 0.640518 0.150926 0.027859 0.048148
1 0.258553 0.228241 0.112414 0.247222
5 0.557918 0.080556 0.036657 0.059259
5 0.243646 0.020370 0.021994 0.040741
5 0.475073 0.208333 0.029326 0.042593
5 0.499267 0.264815 0.024927 0.037037
5 0.506843 0.295370 0.017595 0.031481
5 0.485826 0.412037 0.025415 0.027778
5 0.497801 0.500463 0.012219 0.037963
5 0.451613 0.372222 0.018573 0.037037
5 0.450880 0.327315 0.040567 0.089815
5 0.404448 0.341667 0.024927 0.033333
5 0.419844 0.316204 0.024438 0.036111
5 0.419599 0.285648 0.009286 0.021296
5 0.412023 0.245833 0.031281 0.045370
5 0.522972 0.183796 0.020528 0.036111
5 0.325269 0.115741 0.019062 0.050000
5 0.295943 0.690741 0.027859 0.053704
5 0.447947 0.779167 0.021017 0.026852
5 0.311828 0.408796 0.017595 0.034259
5 0.539834 0.913889 0.032747 0.046296
5 0.582600 0.845370 0.014663 0.053704
5 0.570137 0.831019 0.021994 0.052778
5 0.592620 0.813889 0.016129 0.037037
5 0.577224 0.771759 0.025415 0.045370
5 0.552542 0.582870 0.016129 0.030556
5 0.579179 0.504630 0.021505 0.053704
5 0.678641 0.504630 0.021994 0.027778
5 0.713099 0.715741 0.021505 0.031481
5 0.683040 0.872685 0.014174 0.030556
5 0.740958 0.688889 0.028348 0.031481
2 0.738514 0.705556 0.083089 0.122222
5 0.602395 0.419444 0.019062 0.046296
5 0.619013 0.390741 0.028837 0.048148
5 0.705279 0.381944 0.020528 0.067593
5 0.746823 0.368056 0.029326 0.052778
5 0.669110 0.271296 0.027370 0.040741
5 0.664223 0.185648 0.020528 0.026852
5 0.618280 0.126389 0.029326 0.045370
5 0.608993 0.062500 0.029326 0.052778
5 0.681818 0.029167 0.038123 0.056481
1 0.800098 0.526389 0.149560 0.197222
2 0.765640 0.622685 0.072825 0.067593
5 0.856549 0.491667 0.021994 0.044444
5 0.911046 0.528704 0.046921 0.035185
5 0.908847 0.497685 0.017107 0.025000
5 0.967009 0.239352 0.013196 0.036111
5 0.936461 0.077315 0.017595 0.030556
5 0.963587 0.038426 0.016129 0.036111
5 0.941593 0.019907 0.013196 0.025000
5 0.967253 0.335648 0.012708 0.036111
5 0.957234 0.356481 0.022972 0.024074
5 0.955279 0.386111 0.023949 0.024074
5 0.954301 0.494907 0.021994 0.037963
5 0.933284 0.436574 0.015152 0.032407
5 0.921554 0.345370 0.044477 0.070370
5 0.927175 0.405093 0.019550 0.043519
5 0.954057 0.452315 0.038123 0.071296
5 0.973363 0.633333 0.025904 0.037037
5 0.993891 0.647222 0.011241 0.050000
5 0.977273 0.599074 0.014174 0.024074
5 0.972141 0.538889 0.013685 0.018519
5 0.945015 0.659259 0.023949 0.029630
1 0.814272 0.316204 0.099707 0.225000
5 0.786413 0.237963 0.035191 0.050000
5 0.808162 0.250926 0.023949 0.057407
1 0.802786 0.018519 0.088465 0.035185
1 0.783969 0.112500 0.198436 0.210185
1 0.740714 0.244907 0.055230 0.110185
1 0.754888 0.871296 0.067937 0.250000
5 0.823803 0.878704 0.017107 0.035185
5 0.857283 0.937963 0.022483 0.059259
5 0.945748 0.935648 0.030303 0.037963