5 0.884897 0.986111 0.022972 0.025926
5 0.785191 0.974537 0.064027 0.049074
5 0.981672 0.962500 0.030792 0.039815
5 0.847507 0.966667 0.035191 0.064815
5 0.940371 0.964352 0.036168 0.069444
5 0.861193 0.931944 0.018573 0.026852
5 0.604106 0.948148 0.034213 0.074074
5 0.848729 0.907870 0.018084 0.026852
5 0.635875 0.905556 0.026393 0.040741
5 0.158847 0.939352 0.092864 0.119444
5 0.102639 0.882870 0.023460 0.045370
5 0.065249 0.862963 0.014174 0.038889
5 0.747312 0.859259 0.030303 0.048148
5 0.371212 0.859722 0.023949 0.050926
5 0.950635 0.861574 0.030303 0.078704
5 0.850929 0.829167 0.046921 0.054630
5 0.245846 0.835648 0.057674 0.076852
5 0.036168 0.736111 0.017595 0.042593
5 0.266129 0.736574 0.032747 0.067593
5 0.733382 0.728241 0.046432 0.060185
5 0.843353 0.716204 0.013196 0.049074
5 0.683529 0.674537 0.008309 0.026852
5 0.187683 0.614815 0.024438 0.042593
5 0.386364 0.623148 0.010264 0.025926
5 0.128788 0.624537 0.049365 0.104630
5 0.259286 0.575000 0.033724 0.098148
5 0.189883 0.534259 0.024927 0.042593
5 0.509775 0.517593 0.019550 0.070370
5 0.542766 0.486111 0.013196 0.027778
5 0.434018 0.448611 0.009775 0.030556
5 0.044233 0.456481 0.022972 0.044444
5 0.551320 0.450000 0.024438 0.038889
5 0.689638 0.482870 0.063539 0.110185
5 0.847263 0.438889 0.014174 0.033333
5 0.559140 0.411111 0.015640 0.035185
5 0.239492 0.405556 0.017595 0.022222
5 0.471896 0.410648 0.020039 0.036111
5 0.177664 0.391667 0.021017 0.016667
5 0.528104 0.378241 0.015152 0.017593
5 0.828201 0.378704 0.010264 0.042593
5 0.468231 0.371759 0.059629 0.084259
5 0.097263 0.355556 0.055718 0.083333
5 0.793500 0.310185 0.021017 0.042593
5 0.275904 0.304630 0.023949 0.044444
5 0.853128 0.299074 0.024927 0.050000
5 0.824291 0.256944 0.022972 0.047222
5 0.772727 0.247685 0.011730 0.026852
5 0.251711 0.264352 0.027370 0.060185
5 0.409091 0.239352 0.013685 0.043519
1 0.015152 0.258796 0.030303 0.078704
5 0.591887 0.217593 0.014663 0.040741
5 0.343597 0.266667 0.050831 0.146296
5 0.971408 0.200463 0.028837 0.067593
5 0.870723 0.163889 0.024927 0.051852
5 0.115103 0.152778 0.031769 0.083333
5 0.577713 0.089352 0.006843 0.021296
5 0.911535 0.087037 0.014663 0.037037
5 0.783724 0.070833 0.021017 0.032407
5 0.779570 0.019907 0.026393 0.039815
1 0.022239 0.041667 0.044477 0.083333
5 0.794477 0.123611 0.021994 0.034259
5 0.746334 0.440278 0.036168 0.091667
5 0.759775 0.477315 0.020039 0.043519
5 0.692082 0.951389 0.068426 0.095370
5 0.651515 0.947222 0.030303 0.077778
1 0.490714 0.061111 0.153470 0.122222
1 0.488759 0.213889 0.158358 0.253704
5 0.540323 0.084722 0.031769 0.039815
5 0.367546 0.725463 0.029326 0.052778
5 0.272972 0.062037 0.036657 0.075926
5 0.219453 0.057870 0.061584 0.115741
5 0.284702 0.169907 0.021994 0.073148
5 0.245846 0.195370 0.056696 0.055556
5 0.272483 0.934259 0.020039 0.048148
5 0.271750 0.969444 0.018573 0.050000
5 0.153470 0.496296 0.044966 0.112963
5 0.139541 0.448148 0.015152 0.037037
5 0.023216 0.543519 0.046432 0.111111
5 0.024927 0.631944 0.049853 0.102778
1 0.456989 0.681481 0.149560 0.248148
1 0.452102 0.794444 0.172043 0.101852
1 0.466031 0.913889 0.159824 0.170370