5 0.731183 0.967593 0.010753 0.020370
5 0.858749 0.893981 0.009775 0.026852
5 0.808162 0.836111 0.061095 0.096296
5 0.713343 0.812963 0.016129 0.068519
5 0.850196 0.772685 0.011241 0.021296
5 0.970186 0.581944 0.019550 0.056481
5 0.671065 0.581481 0.027370 0.092593
5 0.313050 0.514815 0.030792 0.033333
5 0.748778 0.421296 0.011730 0.029630
5 0.054008 0.345833 0.036657 0.075000
5 0.420088 0.155093 0.014174 0.015741
2 0.094086 0.031944 0.029814 0.043519
0 0.536168 0.212500 0.280547 0.425000
5 0.100196 0.596759 0.008798 0.019444
5 0.032502 0.961574 0.045455 0.063889
0 0.447947 0.655556 0.385630 0.681481
0 0.539345 0.817593 0.255621 0.361111
5 0.978006 0.215741 0.027370 0.057407
5 0.988025 0.162500 0.021017 0.037963
5 0.838221 0.003704 0.014663 0.007407