5 0.131476 0.108333 0.081134 0.133333
5 0.137097 0.418519 0.025904 0.061111
5 0.081134 0.565278 0.032258 0.062037
5 0.088954 0.615278 0.020528 0.028704
5 0.156158 0.636111 0.041544 0.062963
5 0.225073 0.680093 0.020039 0.045370
5 0.310362 0.553241 0.015640 0.032407
5 0.347263 0.550463 0.017107 0.052778
5 0.345797 0.613426 0.030792 0.049074
5 0.364858 0.652315 0.024927 0.037963
5 0.398338 0.581481 0.038123 0.079630
5 0.434018 0.861574 0.050831 0.063889
5 0.537390 0.770833 0.016129 0.041667
5 0.536901 0.797222 0.027859 0.050000
5 0.514418 0.981481 0.042522 0.033333
5 0.546676 0.944444 0.036657 0.048148
5 0.584066 0.933333 0.038123 0.042593
5 0.642229 0.934722 0.039101 0.047222
5 0.670577 0.937037 0.056696 0.122222
5 0.725073 0.842593 0.028837 0.053704
5 0.716764 0.921759 0.062072 0.112037
5 0.766129 0.962037 0.045455 0.074074
1 0.810606 0.946296 0.074780 0.105556
5 0.835533 0.877778 0.041544 0.051852
5 0.854106 0.876389 0.025904 0.099074
5 0.860948 0.950926 0.022972 0.042593
5 0.952835 0.937963 0.046432 0.070370
5 0.909091 0.868519 0.042033 0.090741
5 0.226295 0.200463 0.038123 0.084259
5 0.210411 0.311111 0.032747 0.029630
1 0.287879 0.194907 0.047898 0.239815
1 0.280792 0.076852 0.126588 0.153704
5 0.427908 0.058796 0.067937 0.084259
5 0.460166 0.046296 0.022972 0.048148
5 0.492180 0.036111 0.024438 0.055556
5 0.503910 0.192130 0.030303 0.049074
5 0.398094 0.312037 0.040567 0.053704
5 0.396383 0.387037 0.060606 0.131481
5 0.436217 0.386111 0.029814 0.048148
5 0.471652 0.454630 0.020528 0.072222
5 0.469697 0.559722 0.025415 0.052778
5 0.487537 0.503704 0.026882 0.053704
5 0.512952 0.479167 0.044477 0.078704
5 0.494135 0.400463 0.029326 0.078704
5 0.554985 0.410185 0.045455 0.109259
5 0.584311 0.387037 0.057185 0.127778
5 0.592864 0.490278 0.061584 0.125000
5 0.541789 0.492593 0.026882 0.042593
5 0.560850 0.463426 0.036657 0.067593
5 0.462366 0.691204 0.021505 0.050926
5 0.503666 0.701389 0.048387 0.039815
5 0.657136 0.723611 0.035679 0.084259
5 0.692326 0.764352 0.083578 0.143519
1 0.794233 0.828241 0.115347 0.206481
5 0.742913 0.687500 0.030303 0.060185
1 0.792033 0.706019 0.140274 0.210185
1 0.788368 0.539352 0.128055 0.199074
5 0.681085 0.456019 0.073803 0.123148
5 0.739736 0.450926 0.018084 0.053704
5 0.706500 0.343056 0.051320 0.104630
5 0.753666 0.316204 0.053763 0.076852
5 0.792766 0.421759 0.023460 0.091667
5 0.834800 0.438426 0.067449 0.112037
5 0.838954 0.291204 0.036657 0.071296
5 0.836755 0.217130 0.034213 0.087963
5 0.724340 0.104630 0.030303 0.066667
5 0.690371 0.059259 0.066960 0.118519
5 0.658113 0.108796 0.042522 0.102778
5 0.665934 0.262037 0.036657 0.087037
5 0.629277 0.212037 0.064027 0.162963
5 0.542278 0.162963 0.027859 0.090741
5 0.600440 0.099074 0.077713 0.094444
5 0.586266 0.030093 0.021994 0.050926
5 0.955767 0.766667 0.028837 0.083333
5 0.282258 0.682407 0.023949 0.029630
5 0.342620 0.843981 0.056696 0.141667
5 0.315982 0.874074 0.018084 0.037037
5 0.318182 0.931019 0.033236 0.112037
1 0.233871 0.916204 0.201857 0.165741
5 0.019795 0.809259 0.037634 0.087037
5 0.139541 0.769444 0.081623 0.096296
5 0.850440 0.052315 0.082111 0.102778
5 0.857771 0.151389 0.054741 0.091667
5 0.888319 0.409722 0.031769 0.043519
5 0.846530 0.350926 0.027370 0.040741
5 0.915445 0.346296 0.033236 0.107407
5 0.953568 0.375000 0.067449 0.107407
5 0.992669 0.350926 0.012708 0.031481
5 0.946970 0.284259 0.033724 0.042593
2 0.957722 0.131019 0.080645 0.217593
5 0.974829 0.026852 0.026882 0.050000
5 0.975562 0.115278 0.044966 0.063889
5 0.900538 0.119444 0.025904 0.040741
5 0.935484 0.180093 0.042033 0.071296
5 0.832845 0.632870 0.040078 0.095370
5 0.860459 0.689352 0.032747 0.076852
5 0.875367 0.654630 0.031281 0.083333
5 0.919844 0.656481 0.030303 0.072222
5 0.919599 0.612500 0.010264 0.025000
5 0.953568 0.543519 0.090909 0.175926
5 0.924731 0.493056 0.020528 0.028704
5 0.915445 0.804167 0.040078 0.054630
5 0.977517 0.803241 0.042033 0.086111
5 0.955767 0.689352 0.044477 0.067593
5 0.986559 0.731944 0.025904 0.076852
5 0.940616 0.128241 0.021994 0.028704
5 0.476051 0.279630 0.027370 0.042593
5 0.433773 0.316204 0.021994 0.039815
5 0.411290 0.146759 0.027859 0.050926
5 0.365347 0.195370 0.021017 0.027778
5 0.352151 0.054167 0.039589 0.065741
5 0.305963 0.110185 0.036168 0.064815
1 0.240225 0.596296 0.127566 0.198148
1 0.275415 0.457870 0.095308 0.152778
1 0.799609 0.099537 0.123167 0.187963
1 0.782502 0.251852 0.086999 0.196296