4 0.078201 0.031019 0.047898 0.058333
5 0.208700 0.355556 0.030303 0.038889
5 0.196970 0.433333 0.031281 0.037037
4 0.066471 0.966667 0.067449 0.062963
4 0.274682 0.815741 0.039101 0.042593
4 0.308895 0.152315 0.042033 0.082407
5 0.450880 0.631944 0.021017 0.054630
4 0.500733 0.874537 0.036657 0.113889
0 0.452835 0.216667 0.202835 0.425926
0 0.463099 0.658333 0.132454 0.638889
4 0.532502 0.526389 0.027859 0.052778
4 0.514907 0.725926 0.040567 0.057407
5 0.701613 0.025926 0.018084 0.035185
5 0.878543 0.146296 0.022972 0.037037
4 0.984360 0.191667 0.026393 0.064815
4 0.900538 0.268519 0.055230 0.092593
4 0.950635 0.290741 0.021505 0.051852
5 0.858016 0.332407 0.017107 0.033333
4 0.891496 0.328241 0.033236 0.062037
4 0.936706 0.356481 0.016129 0.040741
4 0.948192 0.399537 0.044966 0.049074
5 0.952102 0.672685 0.034213 0.050926
5 0.966276 0.538426 0.025415 0.032407
4 0.893695 0.544444 0.034702 0.118519
5 0.960899 0.777778 0.023460 0.044444
5 0.966764 0.748611 0.019550 0.037963
5 0.931329 0.854167 0.028837 0.056481
5 0.940860 0.826852 0.014663 0.027778