5 0.236315 0.183333 0.026882 0.051852
5 0.281036 0.060185 0.027370 0.079630
2 0.273460 0.382407 0.100196 0.172222
2 0.262708 0.252778 0.039589 0.022222
2 0.103861 0.168056 0.131476 0.167593
5 0.218475 0.460185 0.075269 0.170370
5 0.026637 0.141667 0.021994 0.044444
1 0.206256 0.733796 0.134897 0.108333
5 0.241935 0.606019 0.057674 0.097222
5 0.541300 0.623148 0.028837 0.046296
5 0.475073 0.829167 0.025415 0.043519
5 0.483627 0.317593 0.023949 0.046296
5 0.491691 0.225000 0.020528 0.040741
5 0.553030 0.133796 0.020039 0.054630
5 0.647116 0.287500 0.017595 0.039815
5 0.652004 0.365741 0.018573 0.042593
5 0.690127 0.285648 0.028348 0.045370
5 0.704057 0.261111 0.035679 0.048148
5 0.641984 0.808333 0.029814 0.061111
5 0.675220 0.825000 0.032747 0.066667
5 0.691838 0.881944 0.037634 0.080556
5 0.710899 0.794907 0.041544 0.075000
1 0.760020 0.942593 0.065494 0.107407
5 0.766862 0.862037 0.071359 0.124074
5 0.795699 0.812037 0.024438 0.040741
5 0.726051 0.737500 0.032747 0.056481
5 0.652493 0.658796 0.025415 0.039815
5 0.707722 0.702778 0.025415 0.042593
5 0.835777 0.906019 0.038123 0.065741
5 0.834066 0.769444 0.028837 0.048148
5 0.929374 0.842593 0.036657 0.070370
5 0.970186 0.865741 0.033236 0.064815
5 0.907869 0.642130 0.037634 0.058333
5 0.937928 0.597222 0.047898 0.090741
5 0.929863 0.410648 0.031769 0.062037
5 0.674976 0.540741 0.058651 0.085185
1 0.774682 0.520833 0.119257 0.319444
5 0.932551 0.226389 0.020528 0.056481
5 0.948925 0.200000 0.032747 0.087037
1 0.768573 0.169444 0.159824 0.183333
1 0.771505 0.053241 0.075758 0.106481