5 0.087243 0.244444 0.018084 0.048148
5 0.008065 0.287963 0.016129 0.011111
5 0.024682 0.401389 0.018084 0.036111
5 0.175953 0.155556 0.040078 0.098148
5 0.214076 0.164352 0.030303 0.063889
5 0.184751 0.299074 0.032258 0.050000
5 0.165445 0.324537 0.050342 0.037963
5 0.107038 0.391204 0.014663 0.017593
5 0.092375 0.537037 0.007820 0.025926
5 0.138074 0.542130 0.029814 0.043519
5 0.203324 0.504630 0.069404 0.201852
5 0.143939 0.637037 0.031769 0.070370
5 0.103372 0.764815 0.021994 0.038889
5 0.138807 0.812037 0.014663 0.024074
5 0.164467 0.797222 0.024927 0.040741
5 0.198192 0.794907 0.021017 0.100926
5 0.184995 0.906944 0.121701 0.184259
5 0.136364 0.910648 0.040078 0.071296
5 0.249511 0.873148 0.038612 0.062963
5 0.287390 0.273148 0.044966 0.051852
5 0.298143 0.431944 0.044966 0.067593
1 0.407625 0.885648 0.154448 0.226852
1 0.395161 0.719444 0.135386 0.075926
5 0.359971 0.751852 0.017107 0.037037
5 0.455279 0.874537 0.014174 0.030556
5 0.465543 0.815278 0.006354 0.034259
5 0.404448 0.593981 0.020039 0.036111
5 0.402737 0.528704 0.012708 0.029630
5 0.496579 0.540741 0.013685 0.025926
1 0.429863 0.390741 0.129521 0.348148
5 0.497312 0.349074 0.034702 0.048148
5 0.443793 0.093519 0.038123 0.129630
5 0.418866 0.154167 0.007820 0.030556
5 0.425464 0.118981 0.011241 0.036111
1 0.422287 0.038889 0.162268 0.075926
5 0.575024 0.975926 0.020039 0.044444
5 0.678152 0.981944 0.019062 0.013889
5 0.612414 0.918519 0.024438 0.053704
5 0.691105 0.899537 0.029326 0.030556
5 0.709433 0.872222 0.021994 0.037037
5 0.731916 0.881481 0.018084 0.051852
5 0.690616 0.804167 0.030303 0.056481
5 0.707722 0.735648 0.035191 0.060185
5 0.697947 0.743519 0.010753 0.057407
5 0.741447 0.788426 0.032258 0.062037
5 0.716764 0.700926 0.019062 0.037037
5 0.740714 0.373611 0.025904 0.019444
5 0.624878 0.421296 0.007331 0.040741
5 0.623656 0.264815 0.011730 0.027778
5 0.645894 0.202778 0.015152 0.029630
5 0.843109 0.722222 0.015640 0.027778
5 0.967009 0.899074 0.008309 0.024074
5 0.914956 0.884722 0.018573 0.026852
5 0.932796 0.287500 0.031769 0.028704
5 0.892962 0.338426 0.009775 0.015741
5 0.911046 0.381481 0.011730 0.014815
5 0.829179 0.595833 0.015152 0.030556
5 0.805963 0.605556 0.012708 0.035185
5 0.122678 0.710648 0.006843 0.026852