5 0.081623 0.254630 0.034213 0.074074
5 0.114858 0.252778 0.030303 0.061111
5 0.108016 0.498148 0.035191 0.072222
5 0.169599 0.433796 0.044966 0.043519
5 0.222141 0.524537 0.030792 0.054630
5 0.097507 0.712037 0.035679 0.074074
5 0.350196 0.118519 0.035679 0.042593
3 0.576002 0.046759 0.071848 0.089815
0 0.619257 0.084259 0.050831 0.162963
0 0.594819 0.394907 0.246334 0.256481
5 0.563294 0.510185 0.091398 0.131481
5 0.951613 0.653704 0.037146 0.064815
5 0.973363 0.644907 0.029814 0.075000
0 0.625367 0.957407 0.062072 0.079630