1 0.240958 0.060185 0.071359 0.118519
5 0.178641 0.150463 0.030792 0.056481
1 0.235337 0.187500 0.075758 0.132407
2 0.296432 0.233796 0.058162 0.154630
5 0.200391 0.284259 0.038123 0.057407
5 0.267840 0.350463 0.036168 0.039815
5 0.265152 0.570370 0.037634 0.061111
1 0.227273 0.751852 0.159335 0.125926
5 0.183284 0.910648 0.024438 0.054630
5 0.347263 0.878241 0.033724 0.065741
5 0.659091 0.325463 0.032747 0.076852
5 0.651515 0.392130 0.038123 0.039815
5 0.705767 0.415741 0.031281 0.059259
5 0.761241 0.416667 0.046432 0.079630
5 0.648827 0.560648 0.021994 0.054630
5 0.569892 0.489815 0.043011 0.081481
5 0.513196 0.459259 0.029326 0.051852
5 0.486559 0.514352 0.047410 0.076852
5 0.513196 0.609259 0.044966 0.046296
5 0.488025 0.677315 0.048387 0.060185
5 0.459677 0.748148 0.033724 0.059259
5 0.351662 0.638889 0.036657 0.053704
5 0.651026 0.826852 0.024438 0.040741
5 0.687195 0.850926 0.029326 0.042593
5 0.674976 0.751852 0.030303 0.046296
5 0.560850 0.141667 0.035679 0.061111
5 0.430352 0.220370 0.033724 0.044444
5 0.342375 0.247685 0.020039 0.028704
5 0.044477 0.662037 0.021505 0.050000
2 0.737781 0.067130 0.139296 0.123148
5 0.703079 0.048148 0.029814 0.062963
1 0.742424 0.215278 0.067449 0.186111
5 0.693793 0.174537 0.027859 0.030556
1 0.733382 0.603241 0.100196 0.254630
1 0.745846 0.829167 0.128055 0.217593
5 0.933529 0.894907 0.029326 0.060185
5 0.982405 0.589815 0.029326 0.070370
5 0.982160 0.863889 0.028837 0.037037
5 0.939394 0.540741 0.031281 0.062963
5 0.893451 0.439815 0.027370 0.059259
5 0.844819 0.424074 0.025904 0.068519
5 0.773949 0.366667 0.021017 0.046296
5 0.779081 0.297685 0.026393 0.039815
5 0.946481 0.291204 0.038612 0.065741
5 0.964076 0.361574 0.046432 0.104630
5 0.987048 0.228241 0.020039 0.063889
5 0.990958 0.318056 0.011241 0.041667
5 0.950880 0.459722 0.028837 0.037963
5 0.923998 0.205556 0.027859 0.035185
5 0.962366 0.056944 0.031281 0.045370
2 0.793744 0.185185 0.042033 0.079630
5 0.200635 0.021296 0.012219 0.031481
5 0.193060 0.088889 0.025415 0.044444
5 0.972874 0.134722 0.012219 0.028704
5 0.793500 0.111111 0.016129 0.033333
5 0.876588 0.015278 0.018084 0.023148
5 0.947947 0.718981 0.015152 0.026852
2 0.286413 0.672222 0.040078 0.064815
2 0.229472 0.849074 0.029814 0.127778
5 0.565738 0.640741 0.028837 0.048148
5 0.559384 0.601389 0.021994 0.056481
5 0.559384 0.733796 0.037634 0.075000
5 0.537146 0.788426 0.011730 0.030556
5 0.906891 0.324537 0.024927 0.043519
5 0.886119 0.294444 0.032258 0.064815
5 0.874389 0.144444 0.027370 0.046296
5 0.891007 0.127778 0.013685 0.025926
5 0.918133 0.791667 0.016129 0.022222
5 0.987537 0.764815 0.021994 0.053704