5 0.135875 0.029630 0.020528 0.053704
1 0.235582 0.132407 0.176931 0.259259
1 0.247067 0.321759 0.190127 0.304630
1 0.254399 0.434722 0.134409 0.195370
1 0.219697 0.770370 0.152004 0.451852
5 0.600440 0.472685 0.044477 0.126852
5 0.555718 0.200000 0.032258 0.075926
5 0.797654 0.911574 0.061584 0.071296
5 0.971408 0.520370 0.042522 0.118519
5 0.655425 0.112963 0.040078 0.055556
1 0.760508 0.078241 0.110459 0.150926
1 0.753666 0.241667 0.096774 0.209259
1 0.793011 0.470370 0.105083 0.225926
1 0.755132 0.635648 0.155425 0.202778
1 0.789834 0.784722 0.108504 0.202778
5 0.374878 0.537963 0.028348 0.038889
5 0.960899 0.217130 0.046921 0.058333
5 0.816227 0.167130 0.038123 0.073148