5 0.067449 0.202315 0.036168 0.043519
5 0.043744 0.150463 0.034702 0.037963
5 0.065738 0.118519 0.024927 0.040741
5 0.168622 0.348148 0.026393 0.050000
5 0.049365 0.579630 0.021505 0.029630
5 0.219453 0.275463 0.026393 0.032407
5 0.377566 0.379630 0.074780 0.098148
5 0.414223 0.365741 0.039589 0.068519
5 0.394673 0.456019 0.025904 0.050926
5 0.368280 0.473148 0.023949 0.040741
5 0.505865 0.759722 0.052786 0.078704
5 0.480694 0.182407 0.038612 0.066667
5 0.426197 0.094907 0.023460 0.056481
5 0.503177 0.102315 0.031769 0.106481
5 0.526149 0.055093 0.039589 0.086111
1 0.580156 0.081944 0.077224 0.162037
1 0.564761 0.269444 0.107038 0.235185
1 0.576979 0.450926 0.102151 0.224074
1 0.573558 0.615741 0.099218 0.218519
1 0.554497 0.777778 0.055230 0.196296
1 0.531525 0.928704 0.112903 0.125926
5 0.720186 0.518519 0.074780 0.170370
5 0.780303 0.525463 0.067937 0.126852
5 0.779081 0.444907 0.026393 0.047222
5 0.710655 0.272222 0.038123 0.059259
5 0.624878 0.205556 0.028837 0.051852
5 0.692082 0.076389 0.031281 0.043519
5 0.829912 0.471759 0.018573 0.047222
5 0.708456 0.858333 0.028837 0.079630
5 0.609726 0.799074 0.023949 0.033333
5 0.782258 0.787963 0.051320 0.077778
5 0.806207 0.860648 0.027859 0.076852
5 0.775660 0.703704 0.026393 0.066667
5 0.841642 0.865741 0.023460 0.070370
5 0.942082 0.751852 0.060117 0.103704
5 0.652004 0.330556 0.030303 0.038889
5 0.961632 0.141204 0.019062 0.062037
5 0.941349 0.248611 0.021505 0.058333
5 0.974829 0.260648 0.021017 0.041667
1 0.984604 0.794444 0.029814 0.114815
5 0.974829 0.884722 0.029814 0.050926
5 0.989736 0.170833 0.018573 0.065741
5 0.883920 0.376852 0.015152 0.031481