1 0.579423 0.813426 0.091398 0.358333
1 0.724096 0.557870 0.125611 0.252778
5 0.713343 0.811111 0.041544 0.090741
5 0.657136 0.837500 0.067937 0.125000
5 0.781036 0.771759 0.048876 0.073148
5 0.860948 0.616667 0.085533 0.140741
5 0.954545 0.578241 0.085044 0.160185
5 0.529081 0.865278 0.052297 0.100926
5 0.442815 0.869907 0.027370 0.084259
5 0.481672 0.798148 0.031769 0.042593
5 0.514174 0.685185 0.041056 0.035185
5 0.413490 0.627315 0.055718 0.075000
5 0.434751 0.540741 0.049365 0.103704
5 0.372434 0.520833 0.073314 0.147222
5 0.325513 0.454167 0.043988 0.084259
5 0.451613 0.202315 0.089932 0.160185
5 0.398338 0.144444 0.054741 0.142593
5 0.329668 0.149537 0.077713 0.182407
5 0.454301 0.035185 0.071848 0.068519
5 0.237292 0.324074 0.041544 0.105556
5 0.169599 0.070833 0.086999 0.087963
5 0.019795 0.341667 0.033724 0.111111
5 0.077957 0.295833 0.034702 0.039815
5 0.174487 0.464815 0.060606 0.114815
5 0.271017 0.607870 0.034702 0.141667
5 0.162512 0.806019 0.047410 0.097222
5 0.025904 0.710648 0.025415 0.050926
5 0.165445 0.909259 0.032747 0.066667
5 0.387097 0.937963 0.045943 0.101852
5 0.520528 0.968056 0.037146 0.054630
5 0.713832 0.094907 0.126588 0.171296
5 0.885875 0.330556 0.043500 0.092593
3 0.788856 0.417593 0.081134 0.085185
5 0.712366 0.373611 0.051320 0.089815
5 0.659335 0.412037 0.029326 0.092593
5 0.649804 0.555093 0.039589 0.075000
5 0.896628 0.474074 0.015152 0.061111
5 0.863392 0.416204 0.063050 0.062037
5 0.841398 0.491667 0.041544 0.079630
5 0.787879 0.603704 0.048876 0.092593
5 0.787879 0.505556 0.048876 0.062963
5 0.975806 0.373611 0.041544 0.104630
5 0.861681 0.219444 0.091887 0.177778
5 0.908113 0.113889 0.036168 0.059259
5 0.873656 0.041204 0.065005 0.080556
5 0.950880 0.050463 0.087488 0.099074
5 0.804741 0.050000 0.068915 0.090741
5 0.800587 0.190278 0.057674 0.087963
5 0.741691 0.262500 0.028837 0.049074
5 0.728006 0.211574 0.038612 0.043519
5 0.760508 0.215278 0.024438 0.076852
5 0.039101 0.900463 0.029326 0.065741
5 0.455034 0.461574 0.026393 0.060185
5 0.320626 0.856481 0.030303 0.048148
5 0.276393 0.902778 0.028837 0.061111
1 0.583333 0.586574 0.141251 0.139815
1 0.842375 0.930093 0.206745 0.130556
1 0.835533 0.812500 0.097263 0.199074
1 0.893206 0.896759 0.021994 0.087963
1 0.577957 0.381019 0.138319 0.306481
1 0.567693 0.115278 0.147116 0.230556