5 0.028837 0.024074 0.029326 0.048148
5 0.034213 0.205556 0.030303 0.051852
5 0.104594 0.237500 0.020528 0.028704
5 0.049365 0.414815 0.017595 0.050000
5 0.081134 0.561574 0.009775 0.019444
5 0.102395 0.605093 0.016129 0.039815
5 0.014663 0.651852 0.029326 0.059259
5 0.077468 0.725000 0.025904 0.061111
5 0.080156 0.763426 0.015640 0.043519
5 0.055718 0.983796 0.032258 0.030556
5 0.145406 0.948611 0.053275 0.099074
5 0.163734 0.769907 0.029326 0.041667
5 0.192815 0.885185 0.045455 0.107407
5 0.211388 0.934722 0.026882 0.054630
5 0.263441 0.783796 0.020528 0.030556
5 0.236315 0.673611 0.007331 0.010185
3 0.157136 0.479167 0.020039 0.036111
5 0.178641 0.452778 0.027859 0.050000
5 0.207478 0.362963 0.008309 0.009259
5 0.150049 0.280556 0.016618 0.075926
5 0.211877 0.204630 0.033724 0.046296
3 0.255132 0.099537 0.014663 0.025000
5 0.222630 0.071296 0.036657 0.077778
5 0.198925 0.285648 0.056696 0.093519
5 0.268328 0.440741 0.012708 0.022222
5 0.298143 0.473611 0.035191 0.050926
5 0.219208 0.546296 0.085533 0.161111
5 0.271261 0.245370 0.048876 0.064815
5 0.292522 0.363889 0.015152 0.024074
3 0.336510 0.472685 0.015152 0.034259
5 0.341887 0.093981 0.024927 0.039815
5 0.318671 0.237500 0.032258 0.054630
5 0.354839 0.257407 0.019550 0.042593
5 0.322336 0.276389 0.067937 0.075000
5 0.408602 0.926389 0.012708 0.034259
4 0.373412 0.562500 0.014663 0.039815
5 0.418622 0.175463 0.011241 0.041667
5 0.390274 0.034722 0.038612 0.069444
5 0.410068 0.026852 0.022483 0.025926
3 0.523949 0.375463 0.011730 0.025000
3 0.538368 0.495833 0.015152 0.023148
5 0.552786 0.671759 0.058651 0.108333
5 0.562317 0.634259 0.021994 0.018519
5 0.529814 0.767130 0.030303 0.054630
5 0.501222 0.833796 0.077713 0.186111
5 0.478495 0.873148 0.023460 0.033333
1 0.463099 0.939352 0.090420 0.119444
5 0.547654 0.114352 0.035679 0.063889
5 0.528104 0.094907 0.008309 0.008333
5 0.545455 0.185185 0.036168 0.033333
5 0.568915 0.232407 0.025415 0.051852
5 0.588954 0.079630 0.020528 0.024074
5 0.611193 0.117593 0.045455 0.083333
5 0.723118 0.871759 0.013196 0.015741
5 0.724585 0.743519 0.010264 0.018519
5 0.743157 0.707407 0.038612 0.055556
5 0.729717 0.184722 0.011730 0.023148
5 0.723118 0.272685 0.024927 0.060185
5 0.703079 0.276852 0.025904 0.083333
5 0.796676 0.106019 0.009775 0.037963
5 0.819892 0.158333 0.018084 0.038889
5 0.839687 0.206019 0.007820 0.019444
5 0.824780 0.235648 0.016129 0.032407
5 0.835044 0.229630 0.011241 0.027778
1 0.507576 0.043981 0.095308 0.087963
1 0.464076 0.148611 0.143206 0.184259
1 0.447458 0.305556 0.131476 0.205556
1 0.465054 0.662963 0.145161 0.285185
5 0.806207 0.827778 0.054252 0.122222
5 0.987537 0.888426 0.022972 0.028704
5 0.842864 0.587963 0.029814 0.061111
5 0.862659 0.641204 0.012708 0.023148
5 0.912512 0.585648 0.018573 0.034259
5 0.775415 0.346759 0.014174 0.025000
5 0.826735 0.402315 0.019062 0.021296
5 0.825513 0.263426 0.021505 0.037963