5 0.027859 0.020833 0.029326 0.041667
1 0.303275 0.095370 0.145161 0.190741
1 0.337732 0.206944 0.068426 0.093519
5 0.181574 0.619907 0.021017 0.032407
1 0.296188 0.822222 0.223851 0.183333
1 0.276393 0.914352 0.134409 0.169444
4 0.338465 0.671759 0.118768 0.097222
5 0.429863 0.137037 0.033724 0.051852
5 0.666178 0.042593 0.043011 0.064815
5 0.656647 0.283796 0.036657 0.108333
4 0.525660 0.630556 0.049365 0.101852
5 0.519306 0.546759 0.026882 0.032407
4 0.819648 0.873611 0.054741 0.106481
1 0.818915 0.710648 0.148094 0.212037
1 0.822336 0.557407 0.144184 0.174074
1 0.821603 0.394907 0.130010 0.202778
1 0.822336 0.243981 0.098240 0.282407
1 0.834800 0.098611 0.121212 0.093519
1 0.838221 0.019907 0.068426 0.039815
5 0.546188 0.791667 0.028837 0.033333