5 0.223363 0.016204 0.032258 0.030556
1 0.279570 0.232870 0.132942 0.186111
5 0.153959 0.609259 0.014663 0.027778
5 0.347019 0.537037 0.019550 0.040741
5 0.322336 0.491667 0.032747 0.044444
1 0.259775 0.474074 0.132454 0.264815
1 0.222141 0.580556 0.084555 0.231481
3 0.265640 0.692130 0.058162 0.208333
1 0.264907 0.833796 0.184751 0.330556
5 0.156891 0.827315 0.020528 0.036111
1 0.283724 0.957870 0.068915 0.082407
5 0.441593 0.150463 0.031769 0.036111
5 0.414467 0.518056 0.048876 0.065741
5 0.469697 0.703241 0.010753 0.028704
5 0.495601 0.702315 0.025415 0.032407
5 0.565005 0.721759 0.015640 0.034259
5 0.461632 0.929630 0.089443 0.137037
5 0.489980 0.873148 0.058162 0.074074
5 0.470919 0.939815 0.025904 0.057407
5 0.528592 0.935648 0.014174 0.045370
5 0.558895 0.959722 0.014174 0.021296
5 0.562805 0.470833 0.013196 0.021296
5 0.601662 0.604167 0.035191 0.086111
5 0.566471 0.608796 0.033236 0.067593
5 0.687439 0.180556 0.047410 0.112963
5 0.706256 0.036111 0.021505 0.050000
1 0.797654 0.058796 0.156403 0.115741
5 0.865103 0.029630 0.026393 0.040741
5 0.675953 0.305093 0.021505 0.032407
5 0.684018 0.291204 0.024927 0.030556
3 0.811828 0.619444 0.096774 0.174074
1 0.807918 0.255093 0.132942 0.163889
3 0.861437 0.239352 0.123656 0.182407
1 0.812072 0.449537 0.129521 0.275000
5 0.788123 0.348148 0.020039 0.029630
5 0.811584 0.428704 0.016129 0.027778
3 0.858749 0.885648 0.096774 0.143519
5 0.915934 0.957407 0.031281 0.037037
1 0.781525 0.866204 0.111437 0.265741
5 0.742424 0.812037 0.016618 0.057407
1 0.858504 0.965741 0.048387 0.066667
5 0.950147 0.015278 0.015640 0.030556
5 0.957722 0.027315 0.027859 0.049074
5 0.984604 0.643981 0.026882 0.056481