5 0.222385 0.528241 0.035191 0.062037
5 0.178397 0.515278 0.032258 0.041667
5 0.127810 0.627315 0.031769 0.030556
5 0.212366 0.789815 0.049365 0.094444
5 0.267840 0.745833 0.027370 0.047222
5 0.189150 0.879630 0.037146 0.105556
5 0.269795 0.964815 0.034213 0.066667
5 0.395650 0.676389 0.025904 0.041667
5 0.349707 0.904630 0.080645 0.116667
5 0.419844 0.850463 0.015640 0.063889
5 0.473607 0.946759 0.080156 0.102778
1 0.537146 0.937037 0.074291 0.124074
1 0.531281 0.721296 0.101662 0.148148
5 0.552786 0.754167 0.020528 0.076852
1 0.561339 0.565741 0.141251 0.235185
1 0.532502 0.384722 0.195015 0.236111
5 0.526393 0.271296 0.018573 0.088889
1 0.499267 0.091204 0.106061 0.173148
5 0.735093 0.729167 0.030303 0.060185
5 0.705279 0.552778 0.071359 0.127778
5 0.773705 0.413889 0.045943 0.055556
5 0.813050 0.423148 0.026882 0.068519
5 0.858504 0.440278 0.045455 0.054630
5 0.858260 0.170370 0.067449 0.148148
5 0.779570 0.083333 0.042033 0.055556
1 0.981183 0.043519 0.035679 0.085185
5 0.936461 0.186111 0.034213 0.103704
1 0.985582 0.350926 0.027859 0.094444
5 0.961632 0.406481 0.031769 0.029630
1 0.977273 0.663426 0.042522 0.241667
5 0.951857 0.916667 0.049365 0.109259
1 0.979472 0.963426 0.039101 0.071296