5 0.942326 0.970833 0.023460 0.056481
5 0.974096 0.831944 0.024438 0.041667
1 0.039834 0.696296 0.079668 0.207407
5 0.914956 0.485648 0.025415 0.073148
1 0.043011 0.455093 0.086022 0.313889
5 0.701613 0.317593 0.043500 0.050000
5 0.320626 0.220833 0.026393 0.082407
5 0.097019 0.159259 0.045455 0.075926
1 0.539834 0.134259 0.127566 0.268519
1 0.591642 0.014815 0.035679 0.029630
1 0.028837 0.056019 0.057674 0.112037
1 0.041056 0.907407 0.082111 0.094444
5 0.212366 0.755556 0.019062 0.066667
5 0.234115 0.757407 0.030303 0.059259
5 0.111437 0.448611 0.031281 0.082407
5 0.241691 0.527315 0.056207 0.178704
5 0.278837 0.446759 0.071848 0.102778
5 0.354350 0.521296 0.029326 0.051852
5 0.350196 0.482407 0.026882 0.044444
1 0.539101 0.947685 0.142717 0.097222
5 0.576979 0.796759 0.038612 0.123148
5 0.598240 0.801852 0.021505 0.051852
5 0.622434 0.787963 0.026882 0.048148
5 0.520039 0.421759 0.059629 0.060185
1 0.560606 0.556944 0.090909 0.245370
1 0.557185 0.319907 0.083089 0.091667
5 0.139296 0.061111 0.063539 0.088889
5 0.260264 0.012037 0.047410 0.024074
5 0.343597 0.063889 0.053763 0.072222