5 0.022727 0.403241 0.014174 0.067593
5 0.012708 0.534722 0.024438 0.037963
5 0.247801 0.911574 0.052786 0.067593
5 0.296676 0.679630 0.023460 0.029630
5 0.372923 0.920833 0.014663 0.017593
5 0.383187 0.880556 0.016618 0.012963
5 0.397849 0.905556 0.014663 0.029630
5 0.224829 0.079630 0.008798 0.020370
0 0.580890 0.039815 0.068915 0.079630
5 0.636119 0.111574 0.012219 0.032407
3 0.521261 0.397222 0.070870 0.187037
5 0.651271 0.454630 0.006354 0.027778
5 0.610948 0.517593 0.007820 0.024074
0 0.493157 0.462963 0.222874 0.461111
5 0.531525 0.664352 0.026882 0.060185
5 0.521261 0.684259 0.020039 0.051852
5 0.461388 0.676389 0.014663 0.015741
5 0.478006 0.548611 0.008798 0.032407
5 0.558895 0.785185 0.011241 0.044444
5 0.593353 0.788889 0.014663 0.040741
5 0.467498 0.916667 0.026882 0.029630
0 0.547410 0.845370 0.220919 0.307407
0 0.645650 0.028704 0.019550 0.057407
5 0.712854 0.046759 0.021017 0.060185
5 0.811828 0.173148 0.027370 0.050000
5 0.737537 0.215278 0.021505 0.034259
5 0.748045 0.282870 0.035679 0.049074
5 0.718231 0.405093 0.036657 0.097222
5 0.754154 0.531019 0.036168 0.067593
5 0.733382 0.654167 0.034702 0.075000
5 0.877566 0.735648 0.019062 0.034259
5 0.899316 0.894907 0.030303 0.045370
5 0.895406 0.843056 0.010753 0.026852
5 0.944770 0.779630 0.018573 0.022222
5 0.969941 0.795833 0.012219 0.028704
5 0.968231 0.614352 0.020528 0.043519
5 0.900538 0.545370 0.028837 0.081481
5 0.933773 0.518056 0.023949 0.026852
5 0.879521 0.371296 0.014174 0.042593
5 0.949169 0.181019 0.021505 0.047222
5 0.973607 0.172222 0.024438 0.062963
5 0.953812 0.063426 0.014174 0.026852
5 0.893451 0.014352 0.021505 0.026852
5 0.500978 0.389815 0.015640 0.020370