5 0.369257 0.933333 0.011241 0.029630
5 0.397849 0.911574 0.039101 0.067593
2 0.690127 0.921296 0.110459 0.081481
2 0.235582 0.844444 0.031281 0.087037
3 0.169599 0.924537 0.052786 0.149074
5 0.852151 0.836111 0.028837 0.048148
5 0.504399 0.810648 0.030303 0.087963
5 0.630010 0.790741 0.052786 0.066667
4 0.907625 0.721296 0.034213 0.059259
5 0.841398 0.575000 0.019062 0.027778
5 0.834800 0.493056 0.041056 0.043519
5 0.958211 0.431944 0.056207 0.087963
5 0.336266 0.400463 0.017595 0.030556
5 0.135142 0.371296 0.051320 0.062963
5 0.823069 0.105093 0.036168 0.039815
5 0.044721 0.068056 0.029814 0.065741
5 0.264418 0.066667 0.040078 0.083333
5 0.404203 0.024074 0.005865 0.029630
5 0.905181 0.916204 0.028348 0.071296