5 0.084311 0.015278 0.035679 0.030556
5 0.114858 0.052778 0.029326 0.074074
5 0.014663 0.150000 0.029326 0.037037
5 0.122678 0.212037 0.014663 0.061111
5 0.258065 0.194907 0.019550 0.054630
5 0.119501 0.453241 0.020039 0.036111
5 0.146383 0.515278 0.021017 0.030556
5 0.014907 0.201389 0.025904 0.049074
5 0.025171 0.788426 0.026882 0.045370
5 0.009286 0.604167 0.017595 0.056481
0 0.531769 0.849537 0.235582 0.295370
5 0.575269 0.687500 0.023460 0.049074
0 0.525660 0.556019 0.424731 0.295370
5 0.506109 0.386574 0.029814 0.049074
0 0.559384 0.258796 0.145161 0.517593
2 0.559140 0.387963 0.068426 0.035185
5 0.941349 0.142593 0.043011 0.075926
5 0.731427 0.377315 0.020039 0.041667
5 0.954301 0.725463 0.021994 0.043519
5 0.969697 0.758796 0.030303 0.060185