0 0.522483 0.183796 0.257087 0.367593
0 0.552053 0.368056 0.434506 0.637963
5 0.634164 0.360185 0.070870 0.090741
5 0.728983 0.445833 0.035679 0.086111
5 0.772727 0.453241 0.037146 0.076852
5 0.826735 0.715741 0.075758 0.198148
5 0.792033 0.848148 0.084555 0.153704
0 0.565249 0.773148 0.145161 0.448148
0 0.447458 0.946759 0.058162 0.100926
5 0.572825 0.613426 0.023460 0.045370
5 0.663490 0.025926 0.046432 0.050000
5 0.249022 0.015741 0.025904 0.022222
5 0.008309 0.217593 0.016618 0.085185
5 0.017107 0.434259 0.031281 0.070370
5 0.266373 0.373611 0.039101 0.045370
5 0.220674 0.222685 0.033724 0.030556
5 0.154692 0.738889 0.032747 0.037037
5 0.460411 0.075463 0.025415 0.049074
5 0.227517 0.462500 0.028837 0.045370
5 0.931818 0.869907 0.025904 0.036111