5 0.960411 0.989352 0.011730 0.019444
5 0.565494 0.987963 0.026393 0.022222
5 0.796921 0.979167 0.013196 0.039815
5 0.639052 0.976389 0.056207 0.045370
5 0.835288 0.974537 0.016618 0.049074
5 0.260997 0.963889 0.010753 0.044444
1 0.226540 0.965741 0.046432 0.066667
5 0.537390 0.962037 0.022972 0.074074
5 0.303763 0.917593 0.010264 0.016667
5 0.784457 0.908796 0.013685 0.028704
5 0.994379 0.906944 0.010264 0.036111
5 0.586510 0.874074 0.036168 0.079630
5 0.619013 0.798148 0.052297 0.081481
5 0.335288 0.799537 0.033236 0.047222
5 0.419599 0.752315 0.026882 0.034259
5 0.099462 0.763426 0.019062 0.034259
5 0.198436 0.699537 0.014663 0.017593
5 0.010508 0.653241 0.020039 0.060185
5 0.972141 0.667593 0.048876 0.090741
5 0.551564 0.610185 0.014174 0.044444
5 0.030059 0.587963 0.029814 0.081481
5 0.565249 0.536574 0.010264 0.013889
5 0.503177 0.555556 0.018084 0.085185
5 0.973607 0.566667 0.051808 0.140741
5 0.336755 0.506019 0.015640 0.041667
2 0.405914 0.418981 0.022972 0.076852
5 0.686217 0.454630 0.046921 0.120370
5 0.552053 0.376852 0.041544 0.081481
5 0.495357 0.314352 0.020039 0.054630
5 0.340909 0.290741 0.018084 0.053704
5 0.615103 0.280093 0.065982 0.147222
5 0.535191 0.214815 0.019550 0.037037
5 0.463832 0.218981 0.028348 0.041667
5 0.466276 0.187037 0.053763 0.053704
1 0.232649 0.208333 0.077224 0.188889
5 0.513441 0.068519 0.026882 0.079630
5 0.421065 0.010648 0.023949 0.021296
5 0.314761 0.181944 0.039101 0.041667
5 0.267840 0.234722 0.025415 0.037963
5 0.339443 0.063426 0.022972 0.030556
5 0.382209 0.225926 0.020528 0.024074
5 0.404692 0.216204 0.021505 0.041667
5 0.409824 0.187037 0.019062 0.027778
5 0.404692 0.150463 0.015640 0.028704
5 0.451124 0.120833 0.028348 0.030556
5 0.437928 0.167130 0.017595 0.025000
1 0.241447 0.065278 0.177908 0.130556
5 0.476051 0.065278 0.025415 0.091667
5 0.488025 0.148148 0.031769 0.083333
5 0.465054 0.491204 0.019062 0.052778
5 0.498045 0.483333 0.012708 0.040741
5 0.446237 0.393519 0.026393 0.057407
5 0.532014 0.506019 0.016129 0.034259
5 0.548631 0.056944 0.054252 0.113889
5 0.507576 0.218519 0.016129 0.020370
5 0.545210 0.149074 0.017107 0.035185
5 0.343597 0.557870 0.018573 0.028704
5 0.363636 0.510185 0.017595 0.027778
5 0.369257 0.548611 0.022972 0.039815
5 0.382698 0.633333 0.014663 0.031481
5 0.426931 0.576389 0.017107 0.023148
5 0.430596 0.610185 0.010753 0.018519
5 0.412757 0.661574 0.020039 0.021296
5 0.440616 0.581944 0.010264 0.026852
5 0.438905 0.830556 0.016618 0.035185
5 0.457967 0.840278 0.014663 0.037963
5 0.475318 0.763889 0.019062 0.048148
1 0.224585 0.527315 0.142229 0.323148
1 0.242180 0.774074 0.143206 0.287037
5 0.562072 0.800926 0.024438 0.040741
5 0.635875 0.722685 0.022483 0.034259
5 0.639296 0.928241 0.024438 0.025000
5 0.539101 0.642593 0.023460 0.037037
5 0.529570 0.576852 0.032747 0.066667
5 0.666422 0.064352 0.053275 0.115741
5 0.698925 0.046296 0.016618 0.044444
5 0.713343 0.063889 0.025904 0.040741
5 0.708456 0.100000 0.013196 0.037037
5 0.734604 0.087963 0.037146 0.053704
5 0.747556 0.117593 0.029814 0.070370
5 0.767107 0.150463 0.021017 0.058333
5 0.780303 0.088889 0.022972 0.035185
5 0.817449 0.146296 0.105083 0.203704
5 0.768573 0.230093 0.024927 0.039815
5 0.808895 0.248148 0.015640 0.044444
5 0.828446 0.266204 0.017595 0.026852
5 0.928886 0.283796 0.038612 0.095370
5 0.895161 0.196759 0.016129 0.034259
5 0.961632 0.229630 0.021994 0.046296
5 0.984848 0.254630 0.027370 0.042593
5 0.840665 0.020370 0.030303 0.035185
5 0.931085 0.156481 0.039101 0.061111
5 0.980938 0.187037 0.036168 0.072222
5 0.870235 0.037037 0.032747 0.066667
5 0.899560 0.054630 0.030792 0.042593
5 0.937439 0.057870 0.045943 0.115741
5 0.990225 0.017593 0.018573 0.035185
5 0.737292 0.017593 0.019062 0.035185
1 0.767351 0.028704 0.043988 0.057407
1 0.774438 0.340741 0.118768 0.244444
5 0.782014 0.291204 0.014663 0.052778
5 0.804985 0.289815 0.024438 0.018519
1 0.754888 0.514352 0.100196 0.247222
5 0.744868 0.723611 0.061584 0.139815
5 0.806940 0.692593 0.043988 0.161111
5 0.843597 0.733333 0.016618 0.033333
5 0.811828 0.596296 0.015640 0.025926
5 0.871945 0.694907 0.019550 0.030556
5 0.793500 0.757870 0.012219 0.025000
5 0.770528 0.835185 0.021994 0.016667
5 0.806452 0.864815 0.016618 0.040741
5 0.846774 0.860648 0.010264 0.039815
5 0.742424 0.900926 0.043988 0.074074
5 0.635142 0.776852 0.016129 0.050000
5 0.504643 0.796296 0.025904 0.046296
5 0.517107 0.892593 0.016618 0.025926
5 0.519550 0.789352 0.013685 0.054630
5 0.528104 0.829630 0.023949 0.064815
5 0.512219 0.857407 0.037146 0.046296
5 0.500733 0.841204 0.019062 0.034259