5 0.267595 0.095370 0.048387 0.057407
5 0.157625 0.251852 0.037634 0.074074
5 0.179374 0.349537 0.030303 0.060185
5 0.317204 0.234259 0.074291 0.114815
5 0.400538 0.137500 0.037634 0.037963
5 0.194037 0.037500 0.044966 0.049074
5 0.019062 0.730093 0.038123 0.065741
2 0.070870 0.387963 0.141740 0.079630
2 0.040567 0.322222 0.081134 0.038889
2 0.039345 0.214352 0.071848 0.134259
2 0.020283 0.150463 0.040567 0.073148
2 0.059140 0.060185 0.087977 0.066667
5 0.155425 0.149537 0.021505 0.045370
5 0.236804 0.215278 0.033724 0.034259
5 0.144184 0.718981 0.030303 0.052778
5 0.190371 0.628704 0.021017 0.051852
5 0.223607 0.656944 0.026882 0.065741
5 0.269062 0.680556 0.059140 0.090741
5 0.220919 0.775463 0.046921 0.045370
5 0.182551 0.794444 0.021017 0.037037
5 0.217498 0.861574 0.036168 0.052778
5 0.264418 0.988426 0.022483 0.019444
5 0.307185 0.924074 0.047410 0.061111
5 0.331623 0.815278 0.072825 0.080556
5 0.389785 0.788426 0.036657 0.100926
5 0.370479 0.871759 0.028348 0.049074
5 0.417889 0.868981 0.054741 0.063889
5 0.444037 0.985648 0.041544 0.026852
5 0.419110 0.793056 0.021994 0.041667
5 0.358504 0.660185 0.062072 0.050000
5 0.442815 0.552778 0.046921 0.111111
5 0.332845 0.479630 0.050831 0.137037
5 0.395406 0.525000 0.040078 0.075926
5 0.397605 0.451852 0.084555 0.096296
5 0.388563 0.382407 0.089932 0.127778
5 0.474096 0.341667 0.045943 0.055556
5 0.436950 0.283333 0.046921 0.077778
5 0.471163 0.212037 0.043011 0.050000
5 0.467253 0.172222 0.023460 0.027778
5 0.468964 0.131019 0.074780 0.078704
5 0.522239 0.156944 0.019062 0.082407
5 0.485582 0.071296 0.030792 0.024074
5 0.457234 0.036111 0.042522 0.066667
5 0.415445 0.037500 0.025415 0.041667
5 0.361926 0.024537 0.017107 0.045370
5 0.446725 0.791667 0.050831 0.105556
5 0.454545 0.875926 0.015640 0.031481
5 0.486804 0.823148 0.056696 0.122222
5 0.517351 0.897222 0.043500 0.062963
5 0.568182 0.873148 0.031769 0.100000
5 0.577224 0.818981 0.016618 0.032407
5 0.684018 0.897222 0.065005 0.103704
1 0.577957 0.960648 0.141251 0.076852
5 0.533724 0.704167 0.061584 0.099074
5 0.482893 0.716204 0.047898 0.089815
5 0.460655 0.681944 0.048387 0.125000
5 0.541544 0.515741 0.027370 0.079630
5 0.575024 0.498611 0.036657 0.104630
5 0.603861 0.523611 0.022972 0.078704
5 0.669599 0.578704 0.060606 0.124074
5 0.711877 0.637963 0.027859 0.075926
5 0.692571 0.787963 0.084066 0.094444
5 0.726784 0.764815 0.017595 0.029630
1 0.577713 0.382870 0.153470 0.265741
5 0.654203 0.383796 0.030792 0.050926
5 0.656403 0.487037 0.010753 0.024074
5 0.543500 0.297222 0.037146 0.033333
5 0.674487 0.157407 0.047898 0.057407
5 0.707234 0.207407 0.013685 0.038889
5 0.572581 0.158796 0.048387 0.069444
1 0.586999 0.093519 0.137830 0.138889
5 0.629032 0.139352 0.026393 0.045370
2 0.604106 0.209722 0.025415 0.089815
5 0.551808 0.015741 0.011730 0.031481
5 0.652493 0.018981 0.027370 0.037963
5 0.772483 0.096296 0.063050 0.100000
5 0.718719 0.268981 0.037634 0.091667
5 0.739492 0.360185 0.068426 0.096296
5 0.759531 0.263426 0.066471 0.121296
5 0.761730 0.151389 0.022972 0.037963
5 0.749267 0.025926 0.061584 0.051852
5 0.768817 0.529167 0.019550 0.054630
5 0.737537 0.900000 0.020528 0.064815
1 0.597263 0.811111 0.098729 0.185185
5 0.582356 0.596296 0.076735 0.066667
1 0.593353 0.670833 0.080156 0.126852
5 0.652004 0.707407 0.036168 0.061111
5 0.684751 0.731019 0.037146 0.036111
5 0.647605 0.661574 0.035191 0.025000
5 0.800342 0.026852 0.044477 0.053704
5 0.785435 0.312963 0.020528 0.044444
5 0.784946 0.437963 0.045943 0.101852
5 0.782014 0.600926 0.067449 0.105556
5 0.777126 0.668981 0.047898 0.095370
5 0.802542 0.733333 0.062561 0.064815
5 0.829423 0.696296 0.053763 0.050000
5 0.806207 0.890278 0.059140 0.132407
5 0.842620 0.831019 0.049853 0.050926
5 0.895650 0.843519 0.041544 0.077778
5 0.905670 0.816204 0.028348 0.037963
5 0.944770 0.964352 0.023460 0.041667
5 0.909824 0.956944 0.021994 0.037963
5 0.941349 0.917130 0.031281 0.045370
5 0.881232 0.901389 0.043011 0.089815
5 0.807674 0.985185 0.039589 0.025926
5 0.859971 0.953241 0.066960 0.087963
5 0.964076 0.807870 0.028837 0.039815
5 0.955279 0.767593 0.020039 0.031481
5 0.914956 0.720833 0.044966 0.045370
5 0.926686 0.675463 0.072336 0.110185
5 0.979961 0.722222 0.034213 0.061111
5 0.943793 0.577315 0.047898 0.078704
5 0.898094 0.605093 0.043500 0.093519
5 0.880987 0.582407 0.021017 0.053704
5 0.856794 0.567130 0.048876 0.063889
5 0.804985 0.552315 0.011730 0.032407
5 0.897605 0.475463 0.100196 0.108333
5 0.964565 0.422685 0.023949 0.043519
5 0.963832 0.342593 0.068426 0.144444
5 0.916178 0.318519 0.030792 0.037037
5 0.951124 0.274074 0.034213 0.112963
5 0.980938 0.248148 0.029326 0.048148
5 0.858749 0.385648 0.074291 0.063889
5 0.909580 0.387500 0.047898 0.071296
5 0.840909 0.340741 0.038612 0.070370
5 0.882454 0.327315 0.045455 0.054630
5 0.835777 0.218056 0.041056 0.097222
5 0.905670 0.218056 0.051808 0.121296
5 0.934995 0.096759 0.098729 0.167593
5 0.818671 0.126852 0.046921 0.111111
5 0.854106 0.149074 0.039589 0.096296
5 0.868280 0.050000 0.059140 0.100000
5 0.967253 0.018056 0.059629 0.036111
5 0.157625 0.991204 0.024927 0.013889