5 0.199169 0.988426 0.029814 0.021296
5 0.855816 0.911111 0.007820 0.022222
5 0.994135 0.907870 0.010753 0.019444
2 0.034946 0.895370 0.016129 0.027778
5 0.082600 0.848611 0.008798 0.025000
5 0.051808 0.854167 0.023460 0.043519
5 0.467253 0.796759 0.013685 0.025000
0 0.993646 0.771296 0.011730 0.042593
2 0.751466 0.748148 0.015152 0.012963
2 0.919599 0.747222 0.006354 0.022222
5 0.755621 0.715278 0.017595 0.034259
5 0.032747 0.707407 0.049853 0.038889
5 0.564272 0.680093 0.032747 0.037963
5 0.423998 0.662037 0.019062 0.031481
5 0.812072 0.608333 0.022972 0.037037
5 0.307918 0.634259 0.023460 0.057407
5 0.867791 0.558333 0.043500 0.035185
5 0.846530 0.538889 0.028348 0.038889
2 0.909824 0.543056 0.035679 0.056481
5 0.739736 0.510185 0.021017 0.035185
0 0.989247 0.475926 0.020528 0.083333
5 0.258798 0.419907 0.015152 0.028704
2 0.544233 0.409722 0.017107 0.026852
5 0.170821 0.425000 0.021017 0.062963
5 0.255376 0.387963 0.023949 0.046296
5 0.679374 0.397685 0.018573 0.043519
5 0.204057 0.387037 0.018084 0.042593
5 0.895650 0.289815 0.025904 0.033333
5 0.232649 0.241204 0.030303 0.052778
5 0.721652 0.176389 0.024927 0.037963
2 0.948192 0.101852 0.006843 0.020370
5 0.066716 0.107407 0.017107 0.064815
2 0.086022 0.016667 0.023460 0.033333
5 0.012952 0.281019 0.017107 0.047222
5 0.096285 0.254167 0.029326 0.049074
5 0.153470 0.272222 0.020528 0.033333
5 0.173509 0.275463 0.026393 0.045370
5 0.183284 0.127778 0.013685 0.027778
5 0.136364 0.782870 0.027370 0.025000
5 0.190616 0.889352 0.051808 0.084259
5 0.334311 0.376852 0.022483 0.027778
2 0.421310 0.093056 0.014663 0.023148
5 0.701369 0.046296 0.012708 0.033333
5 0.955523 0.013889 0.014663 0.022222
5 0.930841 0.293056 0.013196 0.045370
5 0.931818 0.368981 0.010264 0.030556
5 0.960899 0.359259 0.010753 0.031481
5 0.919355 0.083796 0.016618 0.017593
0 0.452590 0.838889 0.290323 0.318519
0 0.488270 0.469907 0.336266 0.391667
0 0.462854 0.228704 0.158358 0.457407
5 0.494135 0.591667 0.014663 0.018519
5 0.472874 0.465741 0.014174 0.038889
5 0.488514 0.350000 0.016129 0.037037
5 0.471652 0.015741 0.022483 0.025926
2 0.502933 0.367593 0.033236 0.114815