5 0.237537 0.130093 0.118280 0.254630
5 0.414223 0.191667 0.059140 0.124074
1 0.219208 0.428241 0.185239 0.312037
5 0.184262 0.742593 0.069404 0.109259
1 0.228006 0.647685 0.099218 0.197222
1 0.226784 0.962963 0.172043 0.070370
5 0.480694 0.930556 0.085533 0.127778
1 0.778592 0.920833 0.151515 0.147222
1 0.777615 0.693056 0.074291 0.282407
1 0.775171 0.429630 0.140762 0.364815
5 0.787879 0.106481 0.101662 0.211111
5 0.675464 0.113889 0.036168 0.050000
5 0.739247 0.159259 0.036657 0.040741
5 0.152493 0.467593 0.035191 0.051852