5 0.203079 0.370833 0.038612 0.073148
4 0.204057 0.533796 0.030792 0.050926
5 0.224585 0.651389 0.013196 0.019444
5 0.333089 0.643056 0.016129 0.050926
5 0.347507 0.699537 0.022483 0.043519
4 0.298631 0.809259 0.043011 0.092593
4 0.192571 0.904167 0.029326 0.026852
5 0.202346 0.984259 0.041056 0.029630
4 0.056696 0.652315 0.064516 0.130556
2 0.945748 0.968519 0.043988 0.018519
5 0.855083 0.911574 0.019062 0.034259
4 0.900049 0.860185 0.048387 0.083333
4 0.951613 0.874537 0.018573 0.052778
5 0.875855 0.724074 0.026393 0.035185
4 0.982893 0.771296 0.030303 0.070370
5 0.762463 0.814815 0.010753 0.020370
5 0.845308 0.822222 0.016129 0.027778
5 0.967009 0.571296 0.014174 0.022222
2 0.979717 0.637037 0.022972 0.027778
4 0.824047 0.502315 0.042033 0.049074
5 0.783236 0.454167 0.025904 0.026852
4 0.825513 0.438889 0.035191 0.062963
5 0.841153 0.386111 0.015640 0.029630
5 0.971408 0.349074 0.016129 0.025926
5 0.932796 0.256481 0.017107 0.029630
5 0.948436 0.205093 0.023949 0.028704
4 0.948192 0.133796 0.053763 0.121296
4 0.970919 0.054167 0.052297 0.060185
5 0.881720 0.050463 0.028348 0.052778
5 0.698192 0.629630 0.020039 0.044444
4 0.698436 0.211111 0.035191 0.033333
4 0.744379 0.204630 0.023460 0.040741
5 0.708944 0.260648 0.029814 0.058333
5 0.569159 0.518056 0.020039 0.039815
4 0.500244 0.093056 0.075758 0.104630
2 0.526882 0.400926 0.015640 0.057407
0 0.504888 0.036574 0.097752 0.073148
0 0.473607 0.675463 0.168133 0.647222
4 0.491691 0.781481 0.026393 0.050000
0 0.428397 0.889815 0.231183 0.218519