5 0.735582 0.868981 0.030303 0.041667
5 0.679374 0.837963 0.015640 0.053704
0 0.609482 0.882870 0.026393 0.226852
5 0.977273 0.730556 0.022972 0.042593
5 0.902493 0.692593 0.022972 0.051852
5 0.794233 0.673611 0.030303 0.080556
5 0.009286 0.649074 0.018573 0.057407
5 0.581623 0.628241 0.018573 0.041667
5 0.637341 0.601389 0.006843 0.023148
5 0.717498 0.540741 0.017595 0.046296
5 0.784946 0.491204 0.034213 0.034259
5 0.965543 0.437037 0.023949 0.048148
3 0.607283 0.396759 0.099218 0.156481
5 0.073069 0.356481 0.015152 0.022222
5 0.733627 0.290278 0.009775 0.023148
5 0.687683 0.243981 0.030303 0.073148
3 0.829423 0.166667 0.038123 0.094444
3 0.374878 0.130093 0.033236 0.049074
5 0.914956 0.018056 0.025415 0.036111
5 0.222385 0.749074 0.019550 0.083333
5 0.252933 0.796296 0.028837 0.042593
0 0.480694 0.186111 0.204790 0.366667
5 0.587977 0.064815 0.025415 0.074074
0 0.373900 0.397685 0.437928 0.650926
0 0.350929 0.682870 0.412512 0.628704
3 0.820137 0.530093 0.024438 0.028704