5 0.358260 0.750000 0.005865 0.018519
5 0.783236 0.667130 0.039589 0.030556
5 0.685239 0.614815 0.017595 0.038889
5 0.103617 0.407870 0.011730 0.017593
1 0.841887 0.783796 0.163734 0.169444
1 0.812317 0.875000 0.157380 0.248148
1 0.772239 0.086574 0.125122 0.173148
1 0.820381 0.159259 0.092375 0.261111
1 0.805474 0.328241 0.126100 0.180556
1 0.821114 0.467593 0.130987 0.201852
3 0.849951 0.547685 0.135875 0.187963
5 0.933529 0.024537 0.028348 0.043519
1 0.282747 0.177315 0.136364 0.249074
5 0.253177 0.280093 0.097752 0.160185
1 0.297654 0.665741 0.143695 0.157407
1 0.275660 0.765741 0.087977 0.164815
3 0.282747 0.897222 0.100196 0.161111
1 0.284702 0.955556 0.097263 0.085185
3 0.298876 0.525926 0.125611 0.151852
3 0.243157 0.600463 0.095308 0.236111
3 0.275660 0.433333 0.120235 0.122222
5 0.582356 0.788889 0.056207 0.048148