5 0.903470 0.927315 0.065005 0.097222
5 0.831134 0.729167 0.060117 0.076852
1 0.423265 0.730093 0.036168 0.071296
5 0.913734 0.667593 0.020039 0.083333
5 0.009775 0.597685 0.018573 0.049074
5 0.787634 0.545370 0.020039 0.051852
5 0.794966 0.480556 0.018084 0.038889
1 0.451369 0.456481 0.032747 0.050000
1 0.985337 0.462500 0.028348 0.112037
5 0.909335 0.331944 0.013196 0.030556
5 0.971408 0.156944 0.025904 0.030556
5 0.930841 0.157407 0.045455 0.103704
5 0.919355 0.029167 0.035191 0.058333
5 0.014418 0.329167 0.021017 0.052778
5 0.082845 0.832407 0.030792 0.048148
5 0.008065 0.919907 0.015152 0.052778
5 0.035191 0.966204 0.019550 0.052778
1 0.209189 0.754167 0.077224 0.128704
5 0.331134 0.367593 0.025904 0.027778
5 0.330401 0.445833 0.046921 0.062037
5 0.323803 0.535185 0.024927 0.031481
5 0.387830 0.343056 0.034702 0.054630
5 0.370235 0.203241 0.055230 0.071296
5 0.363148 0.254630 0.026393 0.040741
1 0.527126 0.593519 0.143206 0.218519
1 0.538368 0.457870 0.137341 0.265741
1 0.526393 0.256019 0.093842 0.232407
5 0.449658 0.205093 0.065494 0.095370
5 0.668133 0.474537 0.047898 0.100926
5 0.712366 0.486574 0.043500 0.102778
5 0.634653 0.074074 0.030792 0.103704
5 0.551320 0.098611 0.031281 0.034259
5 0.538856 0.037037 0.027859 0.048148
5 0.478250 0.089815 0.025904 0.053704
1 0.547165 0.811574 0.129521 0.256481
5 0.681085 0.927778 0.077713 0.087037
5 0.450391 0.889815 0.039589 0.061111
5 0.978983 0.340278 0.029326 0.069444
5 0.807429 0.619907 0.047898 0.145370
5 0.775171 0.815741 0.051808 0.031481
5 0.805963 0.794907 0.043988 0.063889
4 0.967498 0.654630 0.060117 0.157407
5 0.978006 0.839815 0.025415 0.107407