5 0.286657 0.976852 0.020039 0.037037
5 0.409580 0.921296 0.029326 0.037037
5 0.105816 0.908333 0.037634 0.033333
5 0.413490 0.833333 0.021505 0.029630
5 0.454545 0.786574 0.007820 0.017593
5 0.338465 0.765278 0.017107 0.049074
5 0.411290 0.702778 0.033724 0.037037
5 0.262708 0.713426 0.021994 0.034259
5 0.308895 0.687963 0.018573 0.042593
5 0.089687 0.687963 0.034702 0.029630
5 0.407380 0.660648 0.074780 0.080556
5 0.348974 0.639352 0.017595 0.043519
5 0.276149 0.648148 0.031281 0.064815
5 0.793255 0.653704 0.106549 0.190741
5 0.373412 0.558333 0.034213 0.053704
5 0.585777 0.558796 0.050342 0.075000
5 0.072336 0.471759 0.016618 0.052778
5 0.290323 0.456944 0.016618 0.056481
5 0.245601 0.455093 0.027859 0.054630
5 0.055230 0.412500 0.020528 0.043519
5 0.552053 0.381481 0.021994 0.040741
5 0.489003 0.358796 0.021994 0.032407
5 0.659824 0.345370 0.033236 0.022222
5 0.249511 0.331481 0.024927 0.042593
5 0.636852 0.282407 0.035191 0.020370
5 0.750978 0.224537 0.030792 0.039815
5 0.678397 0.203241 0.016618 0.017593
5 0.408847 0.200000 0.024927 0.033333
5 0.132698 0.188426 0.015152 0.030556
5 0.735582 0.177778 0.017595 0.027778
5 0.189394 0.180556 0.035679 0.061111
5 0.278348 0.172685 0.020039 0.078704
5 0.160557 0.144444 0.018084 0.066667
5 0.395894 0.150000 0.039101 0.087037
5 0.705279 0.132407 0.043988 0.062963
5 0.349462 0.081944 0.036168 0.021296
5 0.646628 0.071759 0.025415 0.047222
3 0.749267 0.045833 0.043988 0.091667
5 0.046921 0.028241 0.014663 0.036111
5 0.032991 0.115278 0.039589 0.058333
5 0.070870 0.110648 0.027370 0.043519
5 0.054252 0.185648 0.016618 0.019444
5 0.086266 0.199074 0.014174 0.014815
5 0.301320 0.283333 0.025904 0.042593
5 0.228739 0.431944 0.013685 0.028704
5 0.086999 0.519907 0.027370 0.034259
5 0.102639 0.612963 0.052786 0.046296
5 0.097752 0.553704 0.036168 0.057407
5 0.118524 0.578241 0.021994 0.052778
5 0.153470 0.576389 0.016618 0.076852
5 0.152737 0.695370 0.058162 0.074074
5 0.153715 0.815741 0.014174 0.048148
5 0.181085 0.827778 0.021017 0.064815
5 0.267840 0.766204 0.018573 0.028704
5 0.185973 0.698148 0.020039 0.044444
5 0.127810 0.757407 0.017107 0.044444
5 0.167644 0.319444 0.022483 0.038889
5 0.188416 0.229630 0.019062 0.048148
5 0.266862 0.013889 0.015640 0.027778
5 0.310850 0.011574 0.008798 0.019444
5 0.331134 0.076852 0.035679 0.040741
5 0.405181 0.571759 0.032258 0.039815
5 0.419844 0.517130 0.030303 0.021296
5 0.407625 0.540741 0.027370 0.025926
5 0.402004 0.521296 0.029814 0.022222
5 0.362414 0.142130 0.027859 0.041667
5 0.369013 0.017130 0.008798 0.032407
5 0.375611 0.373611 0.027859 0.045370
5 0.367791 0.323148 0.021017 0.033333
5 0.406891 0.344907 0.024927 0.076852
5 0.399560 0.383796 0.027859 0.025000
5 0.431329 0.347222 0.008309 0.044444
5 0.425953 0.285648 0.038612 0.060185
5 0.420821 0.243056 0.023460 0.036111
5 0.435973 0.256019 0.010753 0.015741
5 0.372678 0.342593 0.016129 0.027778
0 0.537146 0.184259 0.238514 0.368519
0 0.579423 0.471296 0.192082 0.311111
0 0.620235 0.853241 0.413490 0.291667
5 0.493646 0.643056 0.022483 0.063889
5 0.505865 0.300926 0.038123 0.068519
5 0.505865 0.102778 0.036168 0.053704
5 0.509286 0.025463 0.027370 0.034259
5 0.509531 0.062963 0.025904 0.057407
5 0.613392 0.116667 0.039101 0.085185
5 0.652493 0.211574 0.023460 0.036111
5 0.631232 0.546759 0.027859 0.058333
5 0.648094 0.625926 0.035191 0.077778
5 0.622923 0.614352 0.021017 0.030556
5 0.659824 0.547685 0.016618 0.060185
5 0.685484 0.587037 0.038612 0.057407
5 0.705034 0.589352 0.036657 0.063889
5 0.695503 0.466204 0.031281 0.043519
5 0.723851 0.459722 0.040078 0.073148
3 0.746090 0.357870 0.034702 0.121296
5 0.755865 0.324537 0.026882 0.076852
5 0.661779 0.684259 0.051808 0.057407
5 0.650538 0.721296 0.034213 0.053704
5 0.722385 0.662963 0.063539 0.170370
5 0.641984 0.181944 0.015152 0.026852
5 0.941349 0.034259 0.013685 0.057407
5 0.916667 0.037500 0.021994 0.041667
5 0.882942 0.026852 0.039589 0.050000
5 0.835777 0.067593 0.015640 0.037037
5 0.849462 0.080093 0.033236 0.069444
5 0.843353 0.121296 0.019062 0.037037
5 0.769550 0.134259 0.017107 0.042593
5 0.846285 0.189815 0.047410 0.046296
5 0.912512 0.162963 0.034213 0.064815
5 0.936950 0.152778 0.026393 0.079630
5 0.986559 0.133333 0.023949 0.044444
5 0.896383 0.100926 0.022483 0.033333
5 0.898583 0.150000 0.031769 0.016667
5 0.909335 0.112500 0.017107 0.023148
5 0.914956 0.087963 0.019550 0.024074
5 0.855083 0.150000 0.008309 0.014815
5 0.890274 0.198611 0.014174 0.034259
5 0.947947 0.241204 0.021017 0.015741
5 0.937683 0.213889 0.012219 0.016667
5 0.975318 0.246759 0.017107 0.039815
5 0.984115 0.234722 0.024927 0.086111
5 0.981672 0.167130 0.016129 0.013889
5 0.976051 0.158796 0.008798 0.034259
5 0.883675 0.276389 0.048876 0.110185
5 0.848240 0.288426 0.029814 0.056481
5 0.847263 0.331481 0.019062 0.022222
5 0.953568 0.305093 0.043011 0.045370
5 0.915445 0.335185 0.023460 0.057407
5 0.933040 0.363426 0.038123 0.041667
5 0.943793 0.392130 0.041056 0.056481
5 0.956989 0.371759 0.012708 0.039815
5 0.984115 0.362963 0.028837 0.044444
5 0.970674 0.409722 0.020528 0.049074
5 0.984360 0.397222 0.022483 0.037037
5 0.914956 0.474074 0.042033 0.050000
5 0.965543 0.465741 0.021994 0.038889
5 0.966520 0.443981 0.022972 0.025000
5 0.985093 0.488426 0.025904 0.067593
5 0.959922 0.484259 0.019550 0.035185
5 0.966276 0.513426 0.023460 0.013889
5 0.981183 0.013889 0.014174 0.027778
5 0.778348 0.493981 0.028837 0.047222
5 0.868035 0.395370 0.025415 0.048148
5 0.833822 0.408333 0.018573 0.042593
5 0.836999 0.384722 0.014174 0.036111
5 0.840909 0.445833 0.045455 0.065741
5 0.864370 0.466204 0.024927 0.050926
5 0.846530 0.499537 0.032258 0.043519
5 0.870235 0.512963 0.030792 0.024074
5 0.885386 0.554167 0.052297 0.052778
5 0.921554 0.535185 0.021994 0.050000
5 0.905670 0.572685 0.029326 0.075000
5 0.926442 0.625000 0.046432 0.059259
5 0.928886 0.587963 0.023949 0.027778
5 0.914223 0.848611 0.030792 0.050926
5 0.779814 0.546296 0.031769 0.061111
5 0.766618 0.553704 0.006354 0.035185
5 0.723607 0.579167 0.018084 0.047222
5 0.690616 0.821759 0.019550 0.030556
5 0.720674 0.805556 0.035679 0.035185
5 0.730694 0.834259 0.037146 0.053704
5 0.760997 0.805093 0.022483 0.047222
5 0.766129 0.783333 0.017107 0.057407
5 0.800342 0.862963 0.029814 0.064815
5 0.793011 0.809259 0.033724 0.046296
5 0.801320 0.740278 0.021017 0.037963
5 0.758798 0.743981 0.010264 0.045370
5 0.720919 0.923148 0.031281 0.061111
5 0.729717 0.876852 0.030303 0.038889
5 0.779570 0.894907 0.025415 0.032407
5 0.783724 0.878241 0.009286 0.045370
5 0.786413 0.940741 0.043988 0.042593
5 0.839687 0.848148 0.030303 0.055556
5 0.839932 0.944444 0.033724 0.051852
5 0.855816 0.913426 0.026393 0.026852
5 0.893451 0.943056 0.035191 0.067593
5 0.883431 0.900000 0.039589 0.038889
5 0.871945 0.845833 0.034213 0.041667
5 0.874878 0.785648 0.019550 0.073148
5 0.850196 0.789815 0.021017 0.042593
5 0.847019 0.748148 0.019550 0.033333
5 0.853861 0.699537 0.024438 0.041667
5 0.836755 0.640741 0.018573 0.048148
5 0.870968 0.649074 0.020528 0.031481
5 0.884164 0.649074 0.030303 0.059259
5 0.911046 0.692593 0.023460 0.057407
5 0.929863 0.679630 0.024927 0.029630
5 0.873656 0.673148 0.026882 0.035185
5 0.887341 0.820370 0.018084 0.027778
5 0.939883 0.818056 0.028348 0.060185
5 0.958456 0.793056 0.025415 0.095370
5 0.939883 0.887963 0.031281 0.061111
5 0.923509 0.954630 0.023949 0.044444
5 0.975318 0.863889 0.021017 0.059259
5 0.979717 0.806019 0.025904 0.039815
5 0.987781 0.763889 0.022483 0.050000
5 0.992669 0.687037 0.013685 0.044444
5 0.983138 0.669907 0.021017 0.034259
5 0.991447 0.629167 0.015152 0.039815
5 0.955279 0.604630 0.018084 0.053704
5 0.991935 0.551852 0.014174 0.053704
5 0.967009 0.545833 0.032747 0.021296
5 0.974340 0.905093 0.019062 0.037963
5 0.986070 0.983796 0.018084 0.026852
5 0.955279 0.724537 0.016129 0.039815