5 0.175464 0.124537 0.032258 0.073148
5 0.090909 0.369907 0.023460 0.034259
5 0.037390 0.176852 0.016129 0.031481
5 0.263196 0.652778 0.015152 0.029630
5 0.315005 0.728241 0.052297 0.058333
5 0.202835 0.595370 0.010753 0.016667
4 0.209433 0.601389 0.023949 0.056481
5 0.360215 0.708796 0.009775 0.021296
5 0.633431 0.266204 0.008798 0.034259
0 0.549120 0.221759 0.146139 0.441667
5 0.318671 0.324537 0.011730 0.028704
5 0.449902 0.316667 0.011241 0.022222
0 0.501711 0.503704 0.425709 0.627778
0 0.535679 0.804167 0.355816 0.389815
0 0.424731 0.981944 0.076246 0.034259
2 0.501711 0.973611 0.006354 0.049074
5 0.789589 0.728241 0.012219 0.025000
5 0.980694 0.135185 0.035679 0.105556