5 0.805963 0.976389 0.014663 0.017593
5 0.824780 0.971296 0.009286 0.025926
5 0.593109 0.966204 0.006354 0.015741
5 0.545455 0.962500 0.007820 0.019444
5 0.335044 0.960185 0.010264 0.020370
5 0.836755 0.946759 0.007820 0.021296
5 0.826246 0.943981 0.008309 0.017593
5 0.600440 0.936574 0.008309 0.017593
5 0.646628 0.933796 0.007820 0.017593
5 0.789101 0.909722 0.011241 0.015741
5 0.889296 0.892593 0.008309 0.014815
5 0.704301 0.891204 0.007820 0.017593
5 0.099707 0.872685 0.008798 0.015741
5 0.823069 0.873148 0.013685 0.027778
5 0.644673 0.865741 0.011730 0.022222
5 0.326002 0.853704 0.007820 0.016667
5 0.311095 0.820833 0.009286 0.023148
5 0.450635 0.800926 0.008798 0.020370
5 0.821114 0.751389 0.009775 0.030556
5 0.634164 0.745370 0.012219 0.016667
5 0.469208 0.733333 0.008798 0.016667
0 0.565982 0.799537 0.214076 0.175000
5 0.687439 0.714352 0.020039 0.043519
5 0.057918 0.677315 0.008309 0.021296
5 0.539345 0.677315 0.008309 0.032407
5 0.965787 0.658796 0.006843 0.032407
5 0.729228 0.627778 0.010753 0.020370
5 0.449658 0.600463 0.007820 0.015741
5 0.499267 0.566204 0.012219 0.015741
5 0.828935 0.467130 0.018573 0.019444
0 0.558651 0.498611 0.163245 0.082407
5 0.668866 0.456481 0.011241 0.018519
5 0.382942 0.442130 0.009286 0.015741
5 0.040811 0.433333 0.049365 0.077778
5 0.556207 0.393056 0.010753 0.010185
5 0.606061 0.376389 0.007820 0.017593
5 0.746090 0.359722 0.008309 0.017593
5 0.546921 0.364352 0.009775 0.017593
5 0.178641 0.299537 0.009286 0.021296
5 0.696481 0.206019 0.009775 0.036111
5 0.871701 0.184259 0.011241 0.014815
5 0.638074 0.181481 0.011241 0.014815
5 0.298143 0.100000 0.016618 0.016667
5 0.954301 0.088889 0.009286 0.020370
5 0.680596 0.065741 0.017107 0.057407
5 0.568426 0.989352 0.008798 0.013889
5 0.558651 0.989815 0.005865 0.014815
5 0.548387 0.990278 0.009775 0.013889
5 0.586266 0.472222 0.012219 0.035185
0 0.521994 0.269444 0.117302 0.235185
5 0.452346 0.274074 0.011241 0.029630
5 0.496823 0.276389 0.008309 0.023148
5 0.514907 0.292593 0.009286 0.027778
5 0.480694 0.184722 0.009286 0.019444
5 0.484604 0.240278 0.011241 0.023148
5 0.473851 0.221296 0.011241 0.020370
5 0.508309 0.274537 0.011730 0.023148
5 0.783724 0.499074 0.015152 0.031481
5 0.987048 0.078704 0.010264 0.024074