5 0.036413 0.077315 0.071848 0.154630
5 0.135142 0.207407 0.034702 0.088889
5 0.208944 0.416204 0.050342 0.087963
5 0.113636 0.419444 0.035679 0.059259
5 0.221652 0.509259 0.057185 0.114815
5 0.011975 0.455093 0.022972 0.086111
5 0.073558 0.668056 0.066960 0.099074
5 0.155181 0.679167 0.021994 0.050926
5 0.057674 0.866667 0.054741 0.094444
5 0.116569 0.903704 0.048387 0.081481
5 0.012463 0.898611 0.024927 0.052778
5 0.208211 0.907407 0.039101 0.048148
5 0.253910 0.912500 0.047410 0.086111
5 0.192326 0.749537 0.040567 0.067593
5 0.224096 0.716204 0.026882 0.075000
5 0.257576 0.590278 0.034213 0.062037
5 0.291056 0.235185 0.040567 0.037037
5 0.083333 0.534722 0.020039 0.052778
5 0.061339 0.141667 0.026882 0.044444
5 0.297410 0.045370 0.053275 0.081481
5 0.323069 0.107407 0.030303 0.050000
5 0.277370 0.717593 0.042522 0.079630
5 0.325269 0.810648 0.083578 0.113889
5 0.314516 0.906019 0.049365 0.037963
5 0.322336 0.976852 0.021994 0.037037
5 0.416178 0.881481 0.022972 0.037037
5 0.456745 0.931944 0.127566 0.123148
5 0.437439 0.964815 0.054741 0.038889
5 0.304008 0.517130 0.051808 0.099074
5 0.387586 0.487037 0.070381 0.083333
5 0.442815 0.502315 0.027370 0.052778
5 0.478739 0.228241 0.058162 0.080556
5 0.403959 0.350926 0.049365 0.105556
5 0.352395 0.382407 0.037146 0.055556
5 0.353861 0.323148 0.036168 0.077778
5 0.336022 0.262963 0.044477 0.105556
5 0.343597 0.207870 0.022483 0.052778
5 0.408113 0.258796 0.023460 0.076852
5 0.376344 0.281944 0.031281 0.078704
5 0.392717 0.174537 0.101173 0.145370
5 0.402248 0.068519 0.087977 0.105556
5 0.484115 0.055556 0.114858 0.105556
5 0.632698 0.246759 0.068915 0.110185
1 0.582111 0.069444 0.139785 0.138889
5 0.569404 0.163426 0.042033 0.043519
1 0.563050 0.282870 0.107527 0.239815
5 0.505865 0.310185 0.043011 0.081481
5 0.712366 0.315278 0.032747 0.075000
5 0.649071 0.813889 0.100684 0.129630
5 0.677175 0.925926 0.089443 0.135185
5 0.729717 0.873611 0.032258 0.063889
5 0.741935 0.765278 0.091887 0.156481
5 0.768084 0.626389 0.069892 0.095370
5 0.828446 0.815278 0.050831 0.063889
5 0.882454 0.748611 0.062072 0.100926
5 0.811339 0.725926 0.061584 0.187037
1 0.803275 0.548611 0.130499 0.247222
5 0.819159 0.390278 0.030303 0.062037
5 0.857038 0.305093 0.038612 0.102778
5 0.800098 0.263889 0.029326 0.090741
1 0.938172 0.562963 0.116813 0.318519
5 0.876100 0.646759 0.030792 0.089815
5 0.945259 0.359259 0.019550 0.051852
5 0.976295 0.349074 0.040567 0.072222
5 0.981183 0.414352 0.030792 0.043519
1 0.969453 0.198148 0.054252 0.140741
5 0.954301 0.066204 0.085533 0.132407
5 0.887586 0.183796 0.023460 0.063889
5 0.874145 0.121759 0.038612 0.136111
5 0.855572 0.046296 0.047410 0.092593
1 0.770528 0.108333 0.146139 0.211111
5 0.669844 0.025926 0.045455 0.051852
1 0.573558 0.734722 0.189150 0.425000
5 0.512463 0.610185 0.093353 0.216667
5 0.459677 0.735185 0.036657 0.114815
5 0.344819 0.719444 0.059140 0.081481
5 0.390274 0.738889 0.040567 0.107407
5 0.420332 0.603241 0.129032 0.206481
5 0.487537 0.123148 0.028837 0.033333
5 0.868280 0.893056 0.026882 0.060185
5 0.082111 0.224074 0.029326 0.055556
5 0.476051 0.859259 0.024438 0.037037
5 0.759775 0.180093 0.016129 0.041667
5 0.879032 0.275000 0.024927 0.046296
5 0.957967 0.817593 0.026393 0.046296
1 0.555474 0.477315 0.152981 0.217593
1 0.658847 0.565741 0.111437 0.288889