5 0.086510 0.319444 0.032258 0.092593
5 0.082600 0.626852 0.034213 0.070370
5 0.038123 0.671759 0.011730 0.013889
5 0.129765 0.663889 0.012219 0.035185
5 0.170332 0.605556 0.018084 0.031481
3 0.188416 0.038889 0.068915 0.077778
5 0.158602 0.102778 0.038612 0.062963
1 0.304008 0.023611 0.069404 0.045370
1 0.258553 0.171759 0.195503 0.219444
1 0.254643 0.216204 0.080156 0.169444
5 0.168133 0.268056 0.020528 0.034259
1 0.261975 0.368981 0.208211 0.191667
5 0.282014 0.494444 0.022483 0.024074
5 0.332845 0.608333 0.021505 0.048148
5 0.236070 0.510185 0.024438 0.016667
3 0.203079 0.478241 0.050342 0.050926
1 0.226295 0.647222 0.108504 0.301852
3 0.164712 0.715278 0.111437 0.154630
3 0.168133 0.823611 0.065494 0.063889
1 0.231183 0.886111 0.165200 0.222222
1 0.230694 0.860648 0.228739 0.223148
5 0.355327 0.939815 0.005865 0.022222
5 0.453812 0.756481 0.021017 0.040741
5 0.510020 0.769907 0.023949 0.045370
5 0.505132 0.823148 0.029814 0.057407
5 0.383920 0.810648 0.011241 0.017593
5 0.361681 0.878241 0.024438 0.060185
5 0.452835 0.220833 0.034702 0.076852
5 0.446725 0.318981 0.017595 0.028704
5 0.451369 0.350000 0.023949 0.046296
5 0.542278 0.377778 0.064027 0.124074
5 0.533969 0.514815 0.031769 0.057407
5 0.496090 0.572685 0.013685 0.037963
5 0.555718 0.745833 0.013685 0.037963
5 0.648094 0.777315 0.038123 0.067593
5 0.680841 0.186574 0.013685 0.045370
5 0.676686 0.238426 0.028837 0.045370
5 0.729961 0.371296 0.017107 0.038889
5 0.725806 0.427778 0.027370 0.059259
5 0.667400 0.572685 0.019062 0.034259
5 0.685973 0.551389 0.026882 0.067593
5 0.722385 0.663889 0.025415 0.042593
5 0.640518 0.991204 0.016129 0.015741
3 0.789589 0.875463 0.062072 0.121296
1 0.791056 0.946296 0.156891 0.105556
5 0.795943 0.123148 0.029814 0.027778
1 0.802297 0.223611 0.127566 0.267593
5 0.804741 0.292593 0.017107 0.051852
5 0.794721 0.331019 0.008798 0.047222
1 0.754888 0.135185 0.093353 0.177778
1 0.771994 0.389815 0.065005 0.200000
1 0.762708 0.511111 0.111926 0.153704
1 0.807918 0.610648 0.109482 0.256481
5 0.804252 0.680556 0.015152 0.035185
5 0.902248 0.505093 0.019550 0.039815
5 0.923998 0.684722 0.012219 0.036111
5 0.955523 0.705556 0.037146 0.077778
5 0.942571 0.792130 0.009286 0.036111
5 0.992180 0.905093 0.013685 0.028704
5 0.945259 0.827315 0.012708 0.021296