5 0.165445 0.345370 0.022972 0.037037
5 0.096530 0.228704 0.022972 0.046296
5 0.058407 0.397685 0.037634 0.054630
5 0.301075 0.360648 0.013685 0.050926
0 0.620968 0.262500 0.280059 0.350926
0 0.599951 0.563889 0.305474 0.287037
0 0.604106 0.837963 0.123167 0.318519
5 0.931574 0.469444 0.030303 0.061111
5 0.951124 0.639815 0.026393 0.059259
5 0.920821 0.136111 0.024438 0.077778
5 0.834800 0.166667 0.021505 0.040741
5 0.769795 0.045833 0.022483 0.032407
0 0.653715 0.041667 0.021994 0.081481
5 0.562561 0.036574 0.028348 0.063889
5 0.691593 0.543981 0.030303 0.036111