1 0.529570 0.706019 0.153959 0.215741
1 0.520039 0.854630 0.141740 0.161111
1 0.527126 0.958796 0.061095 0.080556
5 0.454301 0.975000 0.034702 0.035185
5 0.305230 0.903241 0.030792 0.100926
5 0.420088 0.676389 0.068915 0.097222
5 0.424976 0.616667 0.015152 0.044444
5 0.450635 0.749074 0.017595 0.035185
5 0.593109 0.933333 0.020039 0.050000
5 0.571114 0.930093 0.017107 0.025000
5 0.464565 0.678704 0.015152 0.022222
5 0.479961 0.575463 0.016618 0.028704
5 0.466031 0.501389 0.039589 0.063889
5 0.486559 0.494444 0.015152 0.033333
5 0.667155 0.539815 0.030303 0.087037
5 0.773949 0.572685 0.032747 0.058333
5 0.336266 0.572685 0.018573 0.030556
1 0.525171 0.057407 0.169599 0.114815
5 0.636119 0.219907 0.045455 0.054630
5 0.638807 0.176852 0.018573 0.029630
5 0.766862 0.210648 0.046921 0.050926
5 0.774682 0.256481 0.031281 0.035185
5 0.667155 0.136111 0.025415 0.027778
5 0.316960 0.123611 0.033724 0.075000
5 0.209922 0.976389 0.021994 0.037963
5 0.118280 0.961111 0.070381 0.072222
5 0.247312 0.873148 0.029326 0.055556
5 0.114858 0.516667 0.059629 0.055556
5 0.058895 0.541204 0.047410 0.050926
4 0.100929 0.436111 0.035679 0.070370
5 0.133431 0.450463 0.041056 0.063889
5 0.217009 0.353704 0.019550 0.040741
5 0.138074 0.677315 0.035679 0.054630
1 0.030792 0.712963 0.061584 0.279630
1 0.030792 0.881481 0.061584 0.103704
5 0.007820 0.965741 0.014663 0.055556
5 0.073314 0.981019 0.032258 0.032407
1 0.044721 0.172222 0.089443 0.096296
5 0.061828 0.101852 0.022972 0.051852
5 0.010753 0.098148 0.016618 0.081481
5 0.022239 0.020833 0.041544 0.039815
5 0.145650 0.312963 0.020528 0.074074
5 0.048143 0.291204 0.014174 0.036111
5 0.247067 0.246759 0.013196 0.078704
5 0.232649 0.037963 0.009775 0.038889
5 0.947947 0.810185 0.029814 0.061111
5 0.923754 0.818056 0.025415 0.063889
5 0.937439 0.908333 0.023460 0.050000
5 0.868035 0.914815 0.032258 0.037037
5 0.937928 0.165741 0.021505 0.061111
5 0.972385 0.047222 0.019062 0.044444
5 0.869501 0.381019 0.012708 0.043519
5 0.869013 0.791667 0.018573 0.029630
1 0.536657 0.357870 0.167155 0.193519
1 0.531525 0.253704 0.153959 0.188889
5 0.377566 0.215278 0.107038 0.217593