5 0.853617 0.895370 0.013196 0.014815
5 0.663490 0.870833 0.009286 0.021296
5 0.972630 0.749537 0.034213 0.063889
5 0.705523 0.742130 0.012219 0.012037
5 0.940860 0.668519 0.025415 0.051852
5 0.414467 0.679167 0.016618 0.041667
5 0.702835 0.655093 0.030303 0.049074
5 0.479961 0.535185 0.013685 0.018519
5 0.847507 0.498148 0.010753 0.031481
5 0.454545 0.293981 0.016618 0.032407
5 0.832845 0.132870 0.007820 0.017593
5 0.494868 0.143519 0.018084 0.040741
5 0.938661 0.112500 0.027859 0.045370
5 0.244135 0.095370 0.020039 0.042593
5 0.747801 0.007870 0.021505 0.015741
5 0.265396 0.011574 0.015640 0.023148
5 0.074780 0.016667 0.022483 0.033333
5 0.062805 0.010185 0.014174 0.020370
5 0.069648 0.500463 0.013196 0.047222
5 0.098240 0.567130 0.033236 0.054630
5 0.102151 0.506481 0.018573 0.055556
5 0.106794 0.529167 0.013196 0.032407
5 0.104350 0.451389 0.022972 0.063889
5 0.118524 0.455093 0.014174 0.045370
5 0.128055 0.420833 0.018573 0.041667
5 0.130010 0.377778 0.031281 0.057407
5 0.107771 0.416667 0.016129 0.029630
0 0.511241 0.783796 0.199413 0.426852
0 0.510020 0.442593 0.303519 0.668519
0 0.517107 0.255093 0.189638 0.510185
5 0.594086 0.073148 0.014174 0.042593
5 0.518328 0.049074 0.007331 0.012963
2 0.900538 0.409259 0.153959 0.224074