5 0.190127 0.412500 0.033236 0.087963
5 0.102395 0.653241 0.034702 0.060185
5 0.051564 0.456019 0.022972 0.049074
5 0.044477 0.314352 0.028348 0.041667
5 0.221163 0.884259 0.032747 0.050000
5 0.281525 0.136111 0.025415 0.050000
5 0.133920 0.073611 0.023460 0.039815
2 0.344086 0.070370 0.027370 0.138889
5 0.327957 0.955556 0.023460 0.031481
5 0.647849 0.561111 0.015152 0.046296
5 0.681574 0.620833 0.020039 0.043519
5 0.871457 0.397685 0.025415 0.045370
5 0.987537 0.427778 0.018084 0.083333
0 0.538856 0.836111 0.475562 0.325926
0 0.523460 0.208333 0.235582 0.416667
0 0.535924 0.418981 0.248778 0.815741