5 0.024682 0.173611 0.046432 0.089815
5 0.043500 0.102778 0.025415 0.046296
5 0.234848 0.039815 0.104106 0.079630
5 0.279814 0.081944 0.017107 0.026852
5 0.281281 0.198611 0.027859 0.043519
5 0.077713 0.355093 0.031281 0.065741
5 0.085533 0.427778 0.036168 0.048148
5 0.126344 0.612037 0.054252 0.048148
5 0.047898 0.711111 0.042033 0.044444
5 0.059140 0.782407 0.061584 0.103704
5 0.073803 0.880556 0.086022 0.096296
5 0.202835 0.913426 0.038123 0.052778
1 0.275660 0.865741 0.148583 0.255556
1 0.254888 0.643981 0.157869 0.134259
5 0.256598 0.747685 0.019550 0.041667
5 0.247067 0.693519 0.023949 0.061111
5 0.363148 0.790741 0.078201 0.172222
5 0.422532 0.821296 0.057185 0.061111
5 0.430108 0.881019 0.016618 0.043519
5 0.444037 0.906019 0.019062 0.050926
5 0.509042 0.881944 0.062072 0.160185
5 0.432063 0.966667 0.166178 0.061111
5 0.481672 0.767130 0.026882 0.076852
5 0.421310 0.645370 0.070381 0.109259
5 0.374389 0.594444 0.028348 0.061111
5 0.342375 0.493519 0.038612 0.088889
1 0.253910 0.452778 0.108016 0.181481
1 0.259775 0.302315 0.138319 0.145370
5 0.215298 0.375463 0.022972 0.032407
5 0.185484 0.494444 0.026882 0.042593
5 0.204301 0.431944 0.031281 0.058333
5 0.355816 0.324074 0.042033 0.053704
5 0.222385 0.131019 0.025415 0.043519
5 0.421310 0.063426 0.040078 0.102778
5 0.453812 0.064815 0.024927 0.070370
5 0.439883 0.131481 0.028348 0.033333
5 0.459677 0.228241 0.023949 0.047222
5 0.485582 0.185648 0.027859 0.056481
5 0.509286 0.182407 0.037146 0.068519
5 0.541056 0.167593 0.033236 0.079630
5 0.563539 0.053241 0.081134 0.106481
5 0.578935 0.181944 0.034702 0.063889
5 0.614858 0.200000 0.020528 0.055556
5 0.557429 0.277778 0.059140 0.146296
5 0.477761 0.392130 0.078690 0.126852
5 0.485826 0.527315 0.053763 0.125000
5 0.415689 0.426389 0.021994 0.025000
5 0.446481 0.526389 0.039589 0.091667
5 0.554985 0.460648 0.024927 0.036111
5 0.580156 0.537963 0.030303 0.057407
5 0.543988 0.418981 0.018573 0.030556
5 0.575024 0.641667 0.069892 0.072222
5 0.534702 0.687037 0.053763 0.096296
5 0.570381 0.755093 0.048876 0.100926
5 0.540811 0.752778 0.033724 0.048148
5 0.580401 0.900000 0.040567 0.140741
5 0.633920 0.703704 0.017595 0.042593
5 0.593109 0.683796 0.021994 0.045370
5 0.687195 0.723148 0.061584 0.085185
5 0.654448 0.804630 0.042033 0.059259
5 0.665689 0.863426 0.032258 0.062037
5 0.699902 0.761111 0.024438 0.059259
1 0.791789 0.805093 0.147605 0.384259
1 0.775904 0.569444 0.076735 0.190741
1 0.787879 0.412037 0.094819 0.201852
5 0.721896 0.395833 0.031281 0.073148
5 0.707234 0.512963 0.036168 0.118519
5 0.671065 0.585648 0.070381 0.078704
5 0.627566 0.490278 0.057674 0.089815
5 0.645894 0.361574 0.041544 0.123148
5 0.654692 0.426852 0.052297 0.103704
5 0.695015 0.403704 0.043988 0.079630
5 0.686950 0.295833 0.021017 0.039815
5 0.692082 0.243519 0.029326 0.033333
5 0.648583 0.241667 0.032258 0.050000
5 0.706500 0.168981 0.030792 0.080556
5 0.723851 0.120370 0.025415 0.042593
5 0.681574 0.085648 0.020039 0.032407
5 0.654936 0.075000 0.024438 0.035185
5 0.701124 0.017130 0.033724 0.034259
5 0.758065 0.044907 0.031281 0.062037
5 0.757576 0.150463 0.034213 0.084259
1 0.816960 0.183333 0.167644 0.272222
5 0.837732 0.024074 0.040078 0.046296
5 0.942082 0.010185 0.032747 0.020370
5 0.981183 0.021759 0.030792 0.041667
5 0.937683 0.168981 0.065005 0.152778
5 0.883675 0.210648 0.034213 0.080556
5 0.977028 0.217130 0.020528 0.054630
5 0.960655 0.299074 0.071848 0.072222
5 0.877322 0.346296 0.090909 0.175926
5 0.913978 0.252778 0.029326 0.050000
5 0.929374 0.481481 0.048387 0.100000
5 0.878788 0.511111 0.049853 0.150000
5 0.839932 0.462037 0.034702 0.072222
5 0.957234 0.372685 0.078690 0.113889
5 0.909580 0.592130 0.079179 0.097222
5 0.981672 0.574074 0.027859 0.094444
5 0.960655 0.671759 0.071848 0.100926
5 0.943548 0.776389 0.107038 0.191667
5 0.846285 0.673611 0.020039 0.062037
5 0.960899 0.937963 0.069404 0.111111
5 0.992180 0.489352 0.009775 0.062037