4 0.073314 0.492130 0.146628 0.171296
3 0.005132 0.704167 0.010264 0.034259
5 0.296921 0.160185 0.017107 0.037037
5 0.453812 0.531019 0.009286 0.026852
5 0.540567 0.560648 0.019550 0.032407
5 0.666422 0.498148 0.020039 0.048148
5 0.664467 0.667593 0.010264 0.024074
5 0.587488 0.659722 0.021505 0.037963
5 0.640518 0.891204 0.030792 0.036111
0 0.606305 0.972222 0.055230 0.053704
0 0.591153 0.923148 0.070870 0.151852
5 0.576246 0.860648 0.004888 0.015741
0 0.582111 0.601389 0.117302 0.300926
5 0.509775 0.375000 0.036168 0.062963
0 0.588221 0.033796 0.034702 0.067593
5 0.765885 0.078704 0.007820 0.027778
5 0.708211 0.070833 0.008798 0.017593
5 0.776393 0.563889 0.031769 0.037037
5 0.768084 0.706019 0.020039 0.047222
5 0.760020 0.787500 0.018573 0.030556
5 0.842375 0.897222 0.009286 0.018519
5 0.843597 0.939815 0.019550 0.031481
5 0.978739 0.982870 0.024927 0.032407
5 0.986559 0.341204 0.008309 0.026852
5 0.399560 0.988426 0.027859 0.021296
5 0.444037 0.896296 0.008309 0.033333
5 0.326246 0.892593 0.007331 0.031481
5 0.338954 0.795833 0.011241 0.025000
5 0.312317 0.627778 0.025415 0.031481
3 0.271994 0.347685 0.019062 0.026852
3 0.378299 0.176852 0.016618 0.038889
5 0.390274 0.314352 0.012219 0.019444
5 0.589443 0.288426 0.015640 0.023148
5 0.640762 0.346296 0.012708 0.020370
0 0.637830 0.315741 0.228739 0.151852
5 0.232405 0.325463 0.010264 0.023148