5 0.902004 0.991667 0.012219 0.014815
5 0.245112 0.979167 0.049365 0.039815
5 0.052786 0.769444 0.014663 0.018519
5 0.296432 0.800926 0.122678 0.181481
5 0.893206 0.709722 0.018084 0.019444
5 0.112170 0.704167 0.009286 0.017593
5 0.366325 0.717130 0.046432 0.067593
5 0.626344 0.741204 0.072825 0.121296
3 0.800098 0.608796 0.016618 0.030556
5 0.350440 0.597685 0.053763 0.078704
5 0.816716 0.539815 0.012708 0.016667
5 0.754154 0.538426 0.032258 0.023148
5 0.665445 0.529630 0.016129 0.033333
5 0.243157 0.522685 0.021017 0.034259
5 0.776149 0.493056 0.022483 0.050926
5 0.727028 0.439352 0.011241 0.021296
5 0.629277 0.418056 0.009286 0.023148
5 0.536413 0.227315 0.020039 0.043519
5 0.192326 0.092130 0.026882 0.041667
5 0.716764 0.093056 0.049365 0.082407
5 0.639296 0.060185 0.048876 0.114815
5 0.167155 0.041204 0.042033 0.078704
5 0.559140 0.009259 0.017595 0.018519
1 0.462121 0.050463 0.151026 0.100926
5 0.051564 0.032407 0.044477 0.064815
5 0.189150 0.264815 0.026393 0.044444
5 0.168622 0.326389 0.057674 0.102778
5 0.250244 0.478241 0.022483 0.026852
5 0.231672 0.460185 0.016618 0.033333
5 0.212121 0.421296 0.067449 0.118519
5 0.155670 0.730093 0.009286 0.026852
5 0.303275 0.956481 0.022972 0.031481
5 0.313294 0.931481 0.012708 0.029630
5 0.681085 0.646296 0.044477 0.053704
5 0.625855 0.344907 0.031769 0.089815
5 0.596285 0.381944 0.031281 0.082407
5 0.932063 0.560185 0.030303 0.051852
5 0.860215 0.575926 0.022483 0.051852
5 0.553519 0.046296 0.023949 0.020370
5 0.579668 0.254167 0.015640 0.032407
5 0.424731 0.156944 0.057674 0.080556
3 0.517595 0.238889 0.013685 0.033333
3 0.477761 0.262963 0.018084 0.033333
5 0.478983 0.233333 0.065494 0.055556
3 0.505621 0.542593 0.020039 0.027778
5 0.524927 0.515741 0.056696 0.153704
5 0.540078 0.639352 0.057674 0.132407
4 0.503177 0.974074 0.043500 0.046296
5 0.391251 0.321296 0.030792 0.072222
5 0.399804 0.361574 0.013685 0.030556
1 0.432063 0.447685 0.073314 0.208333
1 0.431818 0.198611 0.169599 0.137963
1 0.460411 0.351852 0.159335 0.235185
1 0.434995 0.736574 0.093842 0.310185
1 0.420088 0.893519 0.138319 0.209259
5 0.921310 0.109259 0.012708 0.027778
5 0.932063 0.916204 0.005865 0.015741
5 0.171310 0.347222 0.014174 0.038889
5 0.202102 0.543056 0.026882 0.080556
5 0.306452 0.373148 0.009775 0.040741
5 0.315249 0.467130 0.053763 0.132407
5 0.264174 0.421759 0.020039 0.036111
5 0.281769 0.450000 0.034702 0.064815
5 0.231916 0.604630 0.054252 0.098148
5 0.244379 0.970370 0.005865 0.016667
5 0.825513 0.093519 0.019550 0.046296
5 0.271261 0.286111 0.116325 0.272222