5 0.068182 0.989352 0.008309 0.019444
5 0.386852 0.979167 0.009286 0.017593
5 0.149316 0.960185 0.008309 0.024074
5 0.988025 0.924537 0.022972 0.071296
5 0.668866 0.825926 0.008309 0.014815
5 0.136852 0.796759 0.031281 0.089815
5 0.672287 0.788889 0.021017 0.033333
5 0.327468 0.774074 0.010753 0.025926
5 0.840420 0.753704 0.017107 0.059259
5 0.650049 0.728704 0.006843 0.020370
5 0.370479 0.678241 0.008798 0.021296
5 0.315005 0.650926 0.022972 0.046296
5 0.652737 0.627315 0.010264 0.017593
5 0.411046 0.572222 0.029326 0.037037
5 0.222874 0.542593 0.010753 0.018519
5 0.462854 0.544907 0.018573 0.075000
5 0.795455 0.517593 0.013196 0.014815
5 0.168866 0.506944 0.011241 0.026852
5 0.157136 0.432870 0.013196 0.015741
5 0.231427 0.426852 0.016129 0.014815
5 0.877810 0.453241 0.029326 0.087963
5 0.013196 0.418056 0.019550 0.030556
5 0.500733 0.351389 0.015152 0.021296
5 0.751222 0.358796 0.059629 0.119444
5 0.141496 0.339352 0.055230 0.121296
5 0.754399 0.296759 0.039589 0.047222
5 0.691349 0.189352 0.015152 0.034259
5 0.649804 0.188426 0.026882 0.054630
5 0.389052 0.093056 0.007820 0.025000
5 0.975073 0.110185 0.040078 0.070370
5 0.285924 0.027315 0.012708 0.019444
0 0.511975 0.236111 0.205767 0.472222
5 0.015885 0.018519 0.031769 0.037037
0 0.525904 0.671759 0.097752 0.634259
0 0.458944 0.882407 0.249267 0.231481