5 0.077468 0.833333 0.020039 0.050000
5 0.067449 0.772685 0.015640 0.041667
5 0.324291 0.771759 0.040567 0.052778
5 0.304252 0.752778 0.009286 0.042593
5 0.798876 0.767130 0.031769 0.084259
5 0.941105 0.709722 0.021017 0.045370
5 0.471163 0.643056 0.027370 0.062037
5 0.468719 0.574537 0.020528 0.056481
5 0.852151 0.449537 0.021017 0.050926
5 0.821848 0.295370 0.015152 0.029630
5 0.365591 0.285185 0.017595 0.025926
5 0.510997 0.251852 0.034702 0.029630
5 0.820137 0.228704 0.012708 0.025926
5 0.038856 0.190741 0.012219 0.044444
5 0.066716 0.043981 0.012219 0.019444
5 0.559384 0.536574 0.025904 0.063889
5 0.573069 0.111111 0.020039 0.048148
5 0.589198 0.162500 0.031769 0.039815
5 0.686217 0.898148 0.015640 0.061111
0 0.659580 0.725463 0.325024 0.547222
5 0.533969 0.393981 0.021017 0.019444
5 0.532258 0.367130 0.016618 0.028704
5 0.614125 0.284259 0.022972 0.101852
5 0.575269 0.258333 0.029326 0.037037
0 0.599218 0.411574 0.427175 0.376852
0 0.670821 0.172222 0.255621 0.344444