5 0.223118 0.886111 0.051320 0.085185
5 0.912757 0.857870 0.032747 0.071296
4 0.875855 0.724537 0.022483 0.047222
5 0.622923 0.684722 0.006354 0.017593
5 0.455279 0.685648 0.006354 0.026852
5 0.274682 0.638426 0.036168 0.052778
5 0.184262 0.660185 0.038123 0.109259
5 0.158113 0.618519 0.040567 0.035185
5 0.761486 0.531944 0.043011 0.089815
5 0.919355 0.467130 0.012708 0.032407
5 0.106305 0.459259 0.009286 0.031481
5 0.255376 0.345833 0.029814 0.047222
5 0.603617 0.344444 0.044966 0.053704
5 0.200635 0.300463 0.010264 0.013889
5 0.595308 0.270370 0.032258 0.090741
5 0.988759 0.019444 0.021505 0.038889
0 0.619257 0.015741 0.021505 0.031481
5 0.149071 0.725000 0.043011 0.083333
5 0.013196 0.855556 0.015640 0.025926
5 0.380254 0.093981 0.026393 0.047222
5 0.321114 0.062037 0.017595 0.035185
0 0.521994 0.041667 0.063539 0.083333
0 0.361681 0.262963 0.468231 0.525926
5 0.888319 0.008796 0.028837 0.017593
5 0.897361 0.043981 0.051808 0.047222
0 0.531769 0.600926 0.297165 0.609259
5 0.725073 0.590741 0.061095 0.068519
5 0.281769 0.927315 0.024927 0.036111
0 0.378788 0.878241 0.359726 0.241667
5 0.761730 0.327778 0.059140 0.140741
5 0.747312 0.221759 0.048876 0.125000