0 0.654203 0.933796 0.158847 0.130556
1 0.518328 0.881944 0.022972 0.045370
0 0.638563 0.661111 0.253666 0.577778
1 0.579912 0.397222 0.010264 0.024074
0 0.542033 0.350926 0.028348 0.070370
1 0.048876 0.322685 0.009775 0.023148
1 0.065738 0.048148 0.021994 0.037037
1 0.134897 0.014352 0.012708 0.028704
0 0.564027 0.124537 0.115347 0.247222
1 0.364125 0.279630 0.020528 0.048148
1 0.406891 0.235185 0.011241 0.033333
1 0.098240 0.303704 0.029326 0.035185
1 0.010264 0.534722 0.020528 0.060185
0 0.011486 0.398148 0.022972 0.068519
1 0.084800 0.977315 0.028837 0.041667