1 0.041544 0.486111 0.021505 0.053704
1 0.131476 0.368519 0.081134 0.101852
1 0.021750 0.416667 0.042522 0.042593
1 0.015152 0.580556 0.028348 0.031481
1 0.155425 0.870833 0.029326 0.034259
1 0.176931 0.681019 0.062561 0.045370
1 0.213099 0.936111 0.053763 0.094444
1 0.190860 0.960185 0.010264 0.057407
0 0.259042 0.950926 0.034213 0.094444
0 0.255376 0.757407 0.053275 0.257407
1 0.226784 0.716204 0.042033 0.071296
0 0.256354 0.602315 0.051320 0.143519
0 0.266862 0.449074 0.138807 0.205556
1 0.204790 0.327778 0.029326 0.053704
1 0.244379 0.346759 0.054741 0.026852
0 0.235826 0.116204 0.158847 0.226852
1 0.251222 0.241667 0.044966 0.064815
1 0.283969 0.259722 0.043011 0.087963
1 0.265152 0.293981 0.031769 0.045370
1 0.332111 0.317130 0.061095 0.075000
1 0.391984 0.148148 0.063539 0.087037
1 0.414712 0.027778 0.044477 0.055556
1 0.419599 0.097222 0.034702 0.105556
1 0.445748 0.097222 0.028348 0.050000
1 0.425464 0.704167 0.029814 0.125000
1 0.336022 0.788889 0.048387 0.148148
1 0.485826 0.872685 0.069404 0.099074
1 0.460411 0.028241 0.007820 0.047222
1 0.490714 0.017130 0.015640 0.034259
1 0.516129 0.349537 0.058651 0.099074
1 0.558651 0.443056 0.054741 0.126852
1 0.543744 0.600926 0.026882 0.059259
1 0.555230 0.519907 0.028348 0.071296
1 0.567937 0.812037 0.055718 0.092593
1 0.603128 0.897685 0.050831 0.197222
1 0.561095 0.866204 0.040078 0.060185
1 0.662023 0.920370 0.097263 0.155556
1 0.564516 0.944907 0.059629 0.108333
1 0.561339 0.278241 0.040567 0.100926
1 0.621701 0.315741 0.045943 0.105556
1 0.657136 0.271759 0.051320 0.058333
1 0.636119 0.136111 0.059140 0.088889
1 0.648338 0.211574 0.017107 0.034259
1 0.657869 0.210648 0.021505 0.043519
1 0.650049 0.229167 0.026393 0.041667
1 0.702590 0.792130 0.021017 0.030556
0 0.785435 0.800000 0.073314 0.274074
1 0.776393 0.925000 0.039589 0.040741
1 0.827468 0.959259 0.079179 0.079630
1 0.700391 0.566667 0.068426 0.131481
0 0.787146 0.537037 0.118768 0.216667
1 0.982405 0.948611 0.028348 0.097222
1 0.924731 0.949074 0.017595 0.062963
1 0.930108 0.700000 0.136852 0.233333
0 0.778837 0.308796 0.157869 0.243519
1 0.720186 0.177778 0.122678 0.201852
1 0.809140 0.612963 0.046432 0.055556
1 0.886608 0.570833 0.051808 0.056481
1 0.863148 0.705556 0.028348 0.096296
1 0.878055 0.706944 0.033724 0.100926
1 0.897361 0.672222 0.043988 0.088889
1 0.831867 0.556481 0.033236 0.064815
0 0.815494 0.166204 0.126588 0.225000
1 0.972385 0.159722 0.024927 0.080556
1 0.964076 0.032407 0.069892 0.064815
1 0.775415 0.032870 0.060117 0.065741
1 0.797654 0.061574 0.060606 0.078704
1 0.833333 0.021759 0.052786 0.041667
1 0.915445 0.110185 0.022483 0.016667
1 0.867302 0.109259 0.063050 0.131481
1 0.861926 0.037500 0.057185 0.073148
1 0.947703 0.086111 0.016618 0.033333
1 0.947458 0.157870 0.027859 0.045370
1 0.983138 0.314815 0.030792 0.092593
1 0.868280 0.369444 0.095308 0.137037
1 0.928641 0.360185 0.024438 0.062963
1 0.888807 0.411111 0.072825 0.118519
1 0.907625 0.449074 0.029326 0.053704
1 0.983138 0.425463 0.031769 0.084259
1 0.974585 0.506944 0.048876 0.113889
1 0.943793 0.456481 0.028348 0.057407
1 0.974096 0.444907 0.029326 0.060185
1 0.239247 0.901852 0.027859 0.044444