1 0.082111 0.265741 0.019550 0.031481
1 0.106305 0.327315 0.020039 0.039815
1 0.149560 0.610185 0.024438 0.031481
1 0.175709 0.650463 0.022972 0.054630
1 0.165934 0.685648 0.017107 0.065741
1 0.165200 0.033796 0.018573 0.041667
1 0.323803 0.843056 0.065982 0.115741
1 0.347752 0.783333 0.021994 0.040741
0 0.228006 0.080556 0.099218 0.161111
0 0.181818 0.172222 0.157380 0.207407
0 0.229961 0.302778 0.195992 0.214815
0 0.241691 0.420833 0.152004 0.163889
0 0.229961 0.564352 0.100196 0.197222
0 0.231916 0.721759 0.228250 0.173148
0 0.240225 0.893056 0.102151 0.212037
1 0.257820 0.856019 0.031769 0.082407
1 0.292522 0.175000 0.015152 0.031481
1 0.332356 0.207407 0.013685 0.020370
1 0.431818 0.274074 0.030792 0.062963
1 0.457967 0.262963 0.014663 0.027778
1 0.491691 0.299537 0.014663 0.017593
1 0.408358 0.061111 0.029814 0.050000
1 0.448925 0.030556 0.025904 0.044444
1 0.475073 0.068519 0.021505 0.040741
1 0.447458 0.113426 0.020039 0.041667
1 0.478739 0.131481 0.012219 0.014815
1 0.462121 0.401852 0.017107 0.027778
1 0.482649 0.411111 0.009286 0.014815
1 0.445748 0.920833 0.013685 0.032407
1 0.481427 0.923611 0.016618 0.028704
1 0.659824 0.352778 0.027370 0.038889
1 0.628299 0.275463 0.017107 0.028704
1 0.658113 0.101852 0.018084 0.035185
1 0.726051 0.048148 0.026882 0.050000
1 0.776149 0.062037 0.039101 0.079630
1 0.791056 0.038426 0.035679 0.062037
1 0.838710 0.011574 0.011730 0.008333
0 0.756354 0.178704 0.089443 0.150000
0 0.752688 0.362500 0.074291 0.191667
1 0.658358 0.588426 0.018573 0.039815
1 0.643939 0.631944 0.021017 0.043519
1 0.684995 0.765278 0.016129 0.037963
0 0.758309 0.507407 0.112903 0.209259
1 0.803030 0.595833 0.013685 0.017593
1 0.758798 0.652778 0.015152 0.033333
1 0.587243 0.471759 0.010264 0.036111
1 0.707967 0.910185 0.033724 0.029630
1 0.884409 0.007407 0.014174 0.012963
1 0.981672 0.105093 0.025904 0.050926
1 0.912512 0.262963 0.034213 0.037037
1 0.908358 0.298148 0.016129 0.044444
1 0.816471 0.333333 0.022972 0.040741
1 0.813050 0.372685 0.021017 0.030556
1 0.890029 0.497222 0.020528 0.027778
1 0.966764 0.510185 0.018573 0.033333
1 0.965787 0.605556 0.024438 0.068519
1 0.840909 0.582870 0.033724 0.060185
1 0.876100 0.618056 0.033724 0.050926
1 0.883675 0.631019 0.017595 0.052778
1 0.907625 0.605556 0.022483 0.025926
1 0.914956 0.625463 0.027370 0.056481
1 0.912268 0.731019 0.013196 0.028704
1 0.842131 0.750000 0.030303 0.051852
1 0.949658 0.898611 0.007820 0.036111
1 0.968964 0.926389 0.026882 0.062037
1 0.921554 0.957870 0.019062 0.041667
1 0.712121 0.844444 0.027370 0.050000
0 0.779326 0.748611 0.127566 0.147222
1 0.844819 0.914815 0.061095 0.168519
0 0.773460 0.906944 0.150049 0.184259