1 0.196237 0.417593 0.036657 0.064815
0 0.257087 0.669444 0.099707 0.127778
1 0.283724 0.599074 0.061095 0.025926
1 0.281525 0.891667 0.024438 0.035185
1 0.284213 0.941204 0.012219 0.013889
1 0.334800 0.923148 0.025415 0.038889
0 0.283236 0.767593 0.106061 0.112963
1 0.220674 0.440741 0.015152 0.038889
1 0.251955 0.381019 0.046432 0.082407
0 0.284213 0.072222 0.096285 0.140741
1 0.295943 0.124074 0.043500 0.101852
1 0.343353 0.187500 0.007331 0.019444
0 0.281036 0.306019 0.062561 0.171296
0 0.299120 0.202315 0.077224 0.147222
1 0.274927 0.851389 0.018084 0.028704
1 0.312561 0.895370 0.011241 0.022222
1 0.587243 0.866204 0.026882 0.063889
1 0.345308 0.876852 0.010264 0.020370
1 0.390029 0.892130 0.012708 0.034259
1 0.737292 0.862037 0.009286 0.024074
1 0.499511 0.760648 0.011730 0.023148
1 0.518573 0.681944 0.013685 0.026852
1 0.509775 0.634259 0.021505 0.033333
1 0.536901 0.635648 0.023949 0.052778
1 0.557185 0.613889 0.025415 0.033333
1 0.572336 0.596296 0.020528 0.044444
1 0.574291 0.537500 0.016618 0.039815
1 0.582600 0.564352 0.010753 0.025000
1 0.579912 0.475926 0.027859 0.051852
1 0.574291 0.436111 0.027370 0.055556
1 0.581378 0.450463 0.017107 0.034259
1 0.595797 0.427315 0.014663 0.026852
1 0.600684 0.397222 0.018573 0.044444
1 0.615836 0.398148 0.018573 0.042593
1 0.603617 0.367130 0.020528 0.028704
1 0.482893 0.437500 0.023460 0.058333
1 0.527859 0.075926 0.025415 0.038889
1 0.689150 0.178241 0.026393 0.041667
1 0.639052 0.304167 0.016129 0.036111
1 0.710655 0.287037 0.038123 0.061111
1 0.715054 0.326389 0.014663 0.019444
1 0.634409 0.443056 0.013685 0.021296
1 0.651515 0.486111 0.014663 0.031481
1 0.630743 0.518981 0.017107 0.025000
1 0.626833 0.486574 0.014174 0.015741
1 0.628055 0.747222 0.016618 0.025926
1 0.706989 0.594907 0.016129 0.037963
1 0.713099 0.581481 0.012708 0.033333
1 0.706989 0.643519 0.021017 0.038889
1 0.919110 0.782870 0.018084 0.030556
1 0.929863 0.847222 0.015152 0.025926
1 0.979717 0.829167 0.037634 0.058333
1 0.977028 0.887500 0.027370 0.049074
1 0.877810 0.703241 0.020528 0.050926
1 0.936461 0.483796 0.018573 0.049074
1 0.992669 0.567130 0.012708 0.034259
1 0.971408 0.542130 0.027859 0.054630
1 0.964565 0.452315 0.016129 0.039815
1 0.970186 0.302315 0.024438 0.045370
1 0.944770 0.312963 0.016618 0.035185
1 0.990714 0.370833 0.017595 0.047222
1 0.984848 0.232407 0.028348 0.064815
1 0.882209 0.167130 0.019550 0.032407
1 0.906403 0.093981 0.015152 0.030556
0 0.777859 0.060648 0.063050 0.121296
0 0.804497 0.159722 0.117302 0.139815
0 0.785435 0.807870 0.160313 0.330556
0 0.793011 0.613889 0.127566 0.148148
0 0.755865 0.363426 0.094330 0.152778
0 0.806940 0.413426 0.098729 0.160185
0 0.790323 0.487037 0.102639 0.116667
1 0.738514 0.956481 0.068426 0.081481