1 0.109482 0.062500 0.045943 0.052778
1 0.182063 0.182407 0.028837 0.046296
1 0.077468 0.258333 0.057185 0.044444
1 0.114858 0.375463 0.049853 0.112037
1 0.074536 0.546759 0.044477 0.065741
1 0.144917 0.579630 0.035679 0.140741
1 0.185728 0.391667 0.026393 0.046296
1 0.050587 0.039352 0.027859 0.037963
1 0.013685 0.437500 0.021505 0.054630
1 0.102395 0.882870 0.018084 0.069444
1 0.219941 0.980556 0.079179 0.037037
1 0.232405 0.909259 0.039589 0.092593
1 0.283724 0.883796 0.086510 0.147222
1 0.349462 0.890741 0.034213 0.050000
1 0.348240 0.814815 0.024927 0.070370
1 0.310362 0.986574 0.028348 0.021296
0 0.260997 0.763889 0.219941 0.183333
0 0.259042 0.558333 0.178886 0.288889
1 0.290567 0.610185 0.016129 0.083333
1 0.220674 0.401852 0.045455 0.068519
1 0.272727 0.396759 0.075269 0.069444
1 0.308407 0.341667 0.055718 0.066667
1 0.366080 0.277315 0.025415 0.054630
1 0.410557 0.294444 0.062561 0.170370
1 0.445748 0.346759 0.041056 0.063889
1 0.423265 0.456481 0.069404 0.140741
1 0.481183 0.374537 0.069892 0.110185
1 0.457967 0.486111 0.055718 0.116667
1 0.519550 0.444907 0.057674 0.065741
1 0.499756 0.522685 0.067937 0.099074
1 0.482405 0.593056 0.039101 0.041667
1 0.437683 0.722685 0.147116 0.237963
1 0.454545 0.900000 0.072336 0.105556
1 0.554252 0.739815 0.037146 0.074074
1 0.601417 0.854167 0.047410 0.158333
1 0.610215 0.757407 0.060117 0.131481
1 0.568915 0.527778 0.054741 0.129630
1 0.614858 0.523611 0.037146 0.134259
1 0.558651 0.426389 0.024438 0.047222
1 0.597996 0.389815 0.042522 0.079630
1 0.638563 0.437500 0.035679 0.067593
1 0.665200 0.371296 0.051808 0.055556
1 0.580156 0.298611 0.130010 0.173148
1 0.568182 0.146759 0.120723 0.204630
1 0.532014 0.033333 0.052297 0.066667
1 0.460899 0.046296 0.024438 0.035185
1 0.413245 0.122222 0.062072 0.116667
1 0.465543 0.164352 0.047410 0.108333
1 0.318182 0.100463 0.049853 0.108333
1 0.639052 0.100000 0.037634 0.096296
1 0.663734 0.032407 0.048876 0.062963
1 0.719697 0.031481 0.038612 0.053704
1 0.756598 0.028704 0.030303 0.057407
1 0.765152 0.344444 0.030792 0.083333
1 0.681085 0.569444 0.039589 0.112963
1 0.712366 0.518056 0.034702 0.087963
1 0.713099 0.704630 0.080156 0.179630
1 0.765152 0.606944 0.035679 0.060185
1 0.798876 0.602778 0.045455 0.116667
1 0.813539 0.688426 0.065005 0.089815
1 0.821603 0.757407 0.062561 0.109259
1 0.782014 0.809259 0.053763 0.087037
1 0.717498 0.856944 0.024438 0.052778
1 0.768328 0.954167 0.061584 0.086111
1 0.962610 0.096296 0.064027 0.135185
1 0.898094 0.131481 0.036657 0.133333
1 0.979472 0.221759 0.030303 0.080556
1 0.885630 0.495370 0.111437 0.233333
1 0.911535 0.292130 0.127077 0.293519
1 0.966276 0.399074 0.017595 0.074074
1 0.991202 0.331944 0.008798 0.112037
1 0.494624 0.237037 0.017595 0.059259
1 0.694770 0.799074 0.032747 0.044444
1 0.059384 0.171296 0.027859 0.027778
0 0.262952 0.153241 0.128055 0.306481
0 0.308651 0.033796 0.166667 0.067593
0 0.831623 0.147685 0.093353 0.282407
1 0.859238 0.031944 0.068426 0.063889
1 0.841398 0.381944 0.032747 0.150926
1 0.747067 0.456944 0.029814 0.034259
0 0.796921 0.439352 0.095308 0.230556