1 0.922287 0.968519 0.010753 0.012963
1 0.801075 0.872222 0.010753 0.018519
1 0.847996 0.755093 0.009775 0.021296
1 0.993402 0.775926 0.012219 0.085185
1 0.994868 0.701852 0.009286 0.031481
1 0.493646 0.679167 0.012708 0.019444
1 0.459922 0.661574 0.022483 0.032407
1 0.576491 0.659722 0.054252 0.147222
1 0.939150 0.612500 0.011241 0.030556
1 0.933040 0.532870 0.011730 0.026852
1 0.548631 0.513426 0.039589 0.060185
1 0.952346 0.473148 0.021994 0.031481
1 0.724340 0.452315 0.010753 0.026852
1 0.690371 0.429630 0.010264 0.020370
1 0.280059 0.226389 0.009775 0.026852
1 0.902737 0.178704 0.031281 0.035185
1 0.934018 0.160185 0.025415 0.037037
1 0.928152 0.105093 0.010753 0.023148
1 0.888563 0.106481 0.021505 0.042593
1 0.135386 0.178241 0.023460 0.052778
1 0.512952 0.739815 0.034702 0.072222
1 0.568671 0.943056 0.049365 0.052778
1 0.534213 0.805093 0.040078 0.039815
0 0.526393 0.259259 0.134897 0.518519
0 0.578446 0.066667 0.048387 0.133333
1 0.986804 0.348148 0.021505 0.062963
1 0.974585 0.384722 0.029326 0.041667