1 0.032991 0.259722 0.051320 0.047222
1 0.019550 0.421759 0.039101 0.108333
1 0.123167 0.454167 0.095797 0.069444
1 0.153470 0.531944 0.060606 0.193519
1 0.139541 0.666204 0.100196 0.134259
0 0.240958 0.812037 0.169110 0.361111
1 0.331378 0.835185 0.060606 0.153704
1 0.394917 0.915741 0.100684 0.144444
1 0.386119 0.734722 0.021505 0.069444
1 0.391984 0.607407 0.071359 0.074074
1 0.435484 0.798148 0.040078 0.064815
1 0.478006 0.680093 0.049853 0.152778
1 0.471896 0.931481 0.083578 0.129630
1 0.519795 0.829167 0.094330 0.106481
1 0.202102 0.393056 0.070870 0.162037
0 0.276149 0.364815 0.063539 0.300000
1 0.220430 0.192130 0.097752 0.123148
1 0.226784 0.085648 0.067449 0.084259
1 0.170088 0.038426 0.047898 0.058333
0 0.284457 0.123148 0.061584 0.194444
1 0.382942 0.373611 0.035679 0.084259
1 0.490714 0.341667 0.068426 0.094444
1 0.526149 0.450000 0.057185 0.090741
1 0.578935 0.477778 0.049365 0.138889
1 0.533480 0.620370 0.063050 0.068519
1 0.625122 0.732870 0.066471 0.156481
1 0.661046 0.706019 0.037634 0.075000
1 0.643451 0.900926 0.065982 0.142593
1 0.659824 0.960648 0.048876 0.067593
1 0.717498 0.746759 0.066471 0.071296
0 0.785435 0.826852 0.103617 0.277778
1 0.498289 0.050463 0.065005 0.099074
1 0.639785 0.118981 0.177908 0.228704
0 0.792522 0.223148 0.181329 0.190741
0 0.801564 0.446296 0.074291 0.183333
1 0.896628 0.419907 0.075758 0.160185
1 0.901271 0.528704 0.056696 0.092593
1 0.881476 0.246296 0.044477 0.103704
1 0.791789 0.112963 0.041056 0.090741
0 0.785924 0.041667 0.034213 0.077778
1 0.908358 0.022222 0.071848 0.042593
1 0.960655 0.185185 0.072825 0.096296
1 0.936950 0.279167 0.048876 0.091667
1 0.970674 0.565278 0.045943 0.113889
1 0.751711 0.691667 0.052786 0.074074
1 0.917155 0.725463 0.072825 0.106481
1 0.954790 0.662963 0.036657 0.062963
1 0.978495 0.748148 0.034213 0.055556
1 0.927419 0.898148 0.082600 0.200000
1 0.874389 0.919907 0.046921 0.106481
1 0.428886 0.273611 0.043500 0.075000