0 0.263196 0.025926 0.103128 0.051852
1 0.212366 0.063889 0.047410 0.081481
1 0.050098 0.031944 0.046432 0.063889
1 0.087977 0.736574 0.049853 0.089815
1 0.097996 0.121296 0.025904 0.048148
1 0.357283 0.919907 0.117302 0.136111
0 0.250733 0.961111 0.059629 0.068519
1 0.475562 0.408333 0.043988 0.059259
1 0.464565 0.278704 0.045455 0.059259
1 0.412023 0.320833 0.019550 0.041667
1 0.382454 0.319444 0.024927 0.061111
1 0.451613 0.164815 0.031281 0.046296
1 0.523705 0.128241 0.010264 0.039815
1 0.590909 0.187963 0.041056 0.083333
1 0.560606 0.850000 0.041056 0.066667
1 0.695503 0.947685 0.034213 0.099074
1 0.702590 0.787037 0.020039 0.037037
1 0.957967 0.806944 0.031281 0.076852
1 0.941838 0.965741 0.026393 0.050000
1 0.708211 0.114352 0.036168 0.076852
0 0.281769 0.190278 0.154936 0.250926
1 0.314027 0.145833 0.087488 0.113889
1 0.299853 0.336574 0.115836 0.099074
1 0.244379 0.385648 0.086022 0.117593
0 0.275415 0.471759 0.133431 0.187963
0 0.254154 0.600926 0.224829 0.188889
1 0.383187 0.609259 0.075269 0.090741
0 0.284213 0.793981 0.205767 0.249074
1 0.260020 0.879630 0.082111 0.107407
0 0.782014 0.090278 0.073314 0.180556
1 0.817204 0.136574 0.129032 0.273148
1 0.837243 0.370370 0.159335 0.248148
1 0.869013 0.570833 0.069404 0.084259
0 0.798876 0.564815 0.092375 0.205556
0 0.816960 0.688889 0.162757 0.207407
1 0.837243 0.798148 0.144673 0.107407
1 0.837243 0.950000 0.159335 0.098148
0 0.809384 0.907870 0.136852 0.180556