1 0.815494 0.945833 0.032747 0.087963
1 0.838465 0.867593 0.030792 0.046296
1 0.512219 0.258333 0.018573 0.046296
1 0.728250 0.131019 0.015640 0.025000
1 0.836022 0.013889 0.024927 0.027778
1 0.022972 0.113889 0.022483 0.029630
1 0.098729 0.142130 0.016618 0.054630
1 0.072825 0.613426 0.026393 0.045370
1 0.076491 0.520833 0.011241 0.047222
1 0.225806 0.127315 0.014663 0.032407
1 0.130499 0.867593 0.013685 0.035185
1 0.118280 0.814815 0.010753 0.012963
1 0.264174 0.924074 0.017107 0.033333
1 0.344330 0.842130 0.021994 0.049074
1 0.333822 0.879630 0.016618 0.042593
1 0.368768 0.579630 0.018084 0.033333
1 0.366569 0.040741 0.026393 0.042593
1 0.398094 0.112963 0.033724 0.048148
1 0.496090 0.350463 0.044966 0.106481
1 0.520039 0.378241 0.011730 0.049074
0 0.549365 0.558796 0.391984 0.671296
1 0.523705 0.563426 0.026882 0.065741
1 0.516373 0.606019 0.025904 0.065741
1 0.571359 0.682407 0.040078 0.090741
0 0.636852 0.746759 0.364614 0.330556
1 0.704301 0.840741 0.041056 0.031481
1 0.497312 0.812500 0.056207 0.154630
1 0.469697 0.931019 0.062561 0.100926
1 0.516373 0.948148 0.045455 0.055556
1 0.642962 0.909259 0.028837 0.074074
0 0.612659 0.977778 0.080645 0.038889
1 0.616080 0.393519 0.066960 0.081481
1 0.757087 0.524074 0.019550 0.038889
1 0.749022 0.545833 0.024927 0.049074
1 0.335044 0.920370 0.038612 0.053704
1 0.638807 0.240741 0.034213 0.057407
0 0.662757 0.175000 0.315738 0.350000
1 0.359238 0.200000 0.017595 0.037037
1 0.916178 0.200000 0.026882 0.048148
1 0.893206 0.211111 0.018084 0.018519
1 0.917155 0.348148 0.028837 0.038889
1 0.911290 0.682407 0.016129 0.051852
1 0.986804 0.691204 0.025415 0.056481
1 0.945503 0.892593 0.031769 0.053704
1 0.904448 0.848611 0.018084 0.039815
1 0.922532 0.818981 0.014174 0.062037
1 0.939638 0.828241 0.016129 0.030556
1 0.815494 0.741204 0.034702 0.058333
1 0.788368 0.839815 0.026393 0.033333
1 0.807674 0.839815 0.022972 0.053704
1 0.837488 0.697685 0.030792 0.069444
1 0.817449 0.652315 0.034702 0.073148
1 0.823314 0.572685 0.043500 0.091667
1 0.841642 0.578241 0.017595 0.026852
1 0.830156 0.560185 0.020039 0.011111
1 0.859482 0.424537 0.043500 0.089815
1 0.825024 0.453241 0.044966 0.089815
1 0.895650 0.500000 0.053275 0.081481
1 0.915200 0.435648 0.056207 0.097222