1 0.072581 0.061574 0.030792 0.050926
1 0.184262 0.039815 0.018573 0.059259
1 0.159824 0.317593 0.041056 0.079630
1 0.048143 0.709722 0.025904 0.050926
1 0.123167 0.725463 0.017595 0.049074
1 0.142962 0.771759 0.019062 0.030556
1 0.147849 0.660185 0.017107 0.025926
1 0.170821 0.802315 0.026882 0.025000
1 0.186461 0.734722 0.026882 0.039815
1 0.167644 0.704167 0.009775 0.023148
1 0.198680 0.514815 0.020039 0.035185
0 0.265152 0.069907 0.074780 0.139815
1 0.339443 0.044444 0.026882 0.087037
1 0.283724 0.119907 0.072825 0.156481
0 0.270772 0.274074 0.177908 0.238889
1 0.301320 0.353704 0.118768 0.112963
0 0.232405 0.616204 0.097263 0.339815
1 0.283480 0.684722 0.146628 0.313889
0 0.269306 0.837037 0.169110 0.174074
1 0.307185 0.936574 0.069892 0.071296
1 0.318182 0.499537 0.020528 0.032407
1 0.351173 0.491204 0.016129 0.028704
1 0.435728 0.560648 0.022972 0.043519
1 0.426931 0.707870 0.025904 0.045370
1 0.437683 0.643519 0.024927 0.042593
1 0.450880 0.731481 0.019062 0.048148
1 0.486804 0.676389 0.023460 0.052778
1 0.452835 0.675926 0.029814 0.061111
1 0.413734 0.094444 0.021017 0.031481
1 0.463343 0.875926 0.017595 0.050000
1 0.465298 0.929167 0.022483 0.034259
1 0.510264 0.934259 0.038123 0.051852
1 0.577713 0.780556 0.025415 0.066667
1 0.623656 0.887037 0.035191 0.055556
1 0.679619 0.858796 0.018084 0.041667
1 0.822825 0.865741 0.188172 0.261111
1 0.807429 0.691204 0.150538 0.189815
0 0.836510 0.514352 0.155914 0.297222
0 0.808162 0.262963 0.097263 0.264815
1 0.811828 0.378241 0.027370 0.056481
1 0.896383 0.656944 0.025415 0.025000
1 0.912023 0.642593 0.015640 0.037037
1 0.908113 0.325463 0.020528 0.039815
1 0.976784 0.419907 0.027859 0.075000
1 0.872678 0.161111 0.014174 0.037037
0 0.804008 0.080093 0.152493 0.160185
1 0.963587 0.014352 0.023949 0.028704
0 0.752444 0.960648 0.094330 0.076852