1 0.413001 0.949537 0.043011 0.063889
1 0.663978 0.920833 0.029814 0.049074
1 0.535435 0.874074 0.026882 0.031481
0 0.269550 0.890741 0.200880 0.216667
1 0.522727 0.796296 0.026882 0.040741
1 0.446237 0.774074 0.018573 0.025926
1 0.589687 0.800463 0.047410 0.089815
1 0.363392 0.766204 0.014174 0.069444
0 0.817937 0.827778 0.111926 0.342593
1 0.301320 0.637037 0.025904 0.044444
1 0.574780 0.587500 0.023460 0.052778
1 0.726295 0.532407 0.017595 0.027778
1 0.489736 0.537500 0.032258 0.108333
1 0.730450 0.489815 0.016129 0.037037
0 0.822092 0.559722 0.142717 0.180556
1 0.407625 0.440278 0.020528 0.041667
1 0.723607 0.435648 0.017107 0.050926
1 0.933040 0.366204 0.018573 0.026852
1 0.726784 0.341667 0.023460 0.020370
1 0.596530 0.339815 0.034702 0.057407
1 0.530059 0.331019 0.043500 0.076852
1 0.691349 0.303241 0.023949 0.049074
1 0.584311 0.292593 0.021017 0.040741
0 0.805474 0.375000 0.121212 0.216667
1 0.530792 0.213426 0.029326 0.065741
1 0.629521 0.206944 0.022483 0.039815
1 0.652004 0.210185 0.023460 0.042593
1 0.445015 0.190741 0.018084 0.053704
1 0.977517 0.136111 0.026393 0.053704
1 0.345552 0.129167 0.029326 0.065741
1 0.489736 0.090741 0.015640 0.020370
1 0.532502 0.064815 0.031769 0.050000
1 0.919599 0.029167 0.028837 0.058333
1 0.469208 0.029167 0.034213 0.039815
0 0.812072 0.118519 0.140274 0.212963
1 0.271750 0.035185 0.025415 0.053704
1 0.500000 0.032407 0.031281 0.044444
0 0.782502 0.023611 0.049853 0.047222
1 0.718231 0.027315 0.026882 0.054630
1 0.528592 0.017593 0.020039 0.035185
1 0.021261 0.731944 0.039589 0.080556
1 0.278592 0.770370 0.170088 0.212963
1 0.262952 0.651852 0.041056 0.066667
0 0.265152 0.140741 0.123656 0.157407
0 0.271750 0.297685 0.161290 0.236111
0 0.266129 0.489352 0.184262 0.247222
1 0.979228 0.458796 0.039589 0.054630
1 0.942815 0.414815 0.030303 0.062963
1 0.969208 0.401389 0.037146 0.045370
1 0.671799 0.026389 0.030792 0.052778
1 0.710411 0.108333 0.026882 0.070370
1 0.736315 0.115278 0.025904 0.075000