1 0.026149 0.123148 0.044477 0.051852
1 0.023949 0.048148 0.047898 0.061111
1 0.129765 0.022222 0.039589 0.038889
0 0.048143 0.304167 0.095308 0.230556
0 0.064272 0.535185 0.125611 0.292593
0 0.072825 0.820370 0.142717 0.205556
1 0.120479 0.844444 0.101173 0.140741
0 0.076735 0.958796 0.152493 0.080556
1 0.311095 0.473611 0.087488 0.099074
1 0.219208 0.321296 0.040567 0.114815
1 0.200391 0.502778 0.038123 0.053704
1 0.155425 0.587037 0.043011 0.075926
1 0.287146 0.732870 0.032747 0.069444
1 0.243646 0.738426 0.042522 0.045370
1 0.335533 0.799537 0.050342 0.137963
1 0.395161 0.759722 0.051320 0.080556
1 0.269306 0.227315 0.052786 0.076852
1 0.382454 0.174074 0.029814 0.092593
1 0.390518 0.287963 0.047898 0.087037
1 0.572825 0.104167 0.070381 0.121296
0 0.608260 0.300000 0.139296 0.157407
0 0.601906 0.449074 0.056207 0.218519
0 0.590420 0.676389 0.133920 0.176852
0 0.600684 0.938426 0.180841 0.112037
1 0.494379 0.412037 0.044477 0.079630
1 0.862903 0.255556 0.071848 0.051852
1 0.746579 0.683333 0.044477 0.081481
1 0.436950 0.175463 0.022483 0.069444
1 0.299609 0.639815 0.033236 0.048148
1 0.760753 0.084722 0.031769 0.163889