1 0.866569 0.711111 0.018573 0.038889
1 0.340176 0.601852 0.012708 0.025926
1 0.841887 0.456481 0.021994 0.046296
1 0.092864 0.431019 0.010753 0.017593
1 0.920821 0.413426 0.013685 0.015741
1 0.965787 0.184259 0.017595 0.011111
1 0.337732 0.204630 0.019550 0.068519
1 0.030547 0.022222 0.011241 0.044444
1 0.136364 0.393981 0.016618 0.017593
1 0.065982 0.883333 0.020528 0.031481
1 0.019795 0.319444 0.012219 0.024074
1 0.076979 0.405556 0.010264 0.016667
1 0.054252 0.162500 0.036168 0.052778
0 0.499756 0.862037 0.188172 0.274074
0 0.515152 0.702778 0.164223 0.379630
0 0.482893 0.127778 0.095797 0.255556
0 0.491691 0.318981 0.210166 0.636111
1 0.592375 0.045370 0.030303 0.090741
1 0.751222 0.191204 0.020528 0.030556