1 0.693304 0.083333 0.045455 0.085185
1 0.806940 0.109259 0.024438 0.033333
1 0.891007 0.328241 0.062561 0.162037
1 0.697703 0.255556 0.042522 0.048148
1 0.620968 0.290278 0.054252 0.156481
1 0.737781 0.512037 0.053275 0.085185
1 0.755376 0.676389 0.081623 0.241667
1 0.593353 0.619444 0.043011 0.105556
1 0.303275 0.101389 0.034702 0.075000
1 0.379032 0.084722 0.039589 0.065741
1 0.120235 0.205556 0.018573 0.031481
1 0.232649 0.737500 0.025415 0.062037
1 0.193060 0.660185 0.016618 0.035185
1 0.097996 0.814815 0.014174 0.031481
1 0.257087 0.979630 0.028348 0.035185
1 0.172532 0.988426 0.012708 0.017593
1 0.586266 0.064815 0.021994 0.044444
1 0.560362 0.011574 0.014174 0.023148
1 0.607038 0.007870 0.017595 0.015741
1 0.988270 0.130093 0.017595 0.043519
1 0.990469 0.317130 0.013196 0.039815
1 0.920088 0.780556 0.022972 0.042593
1 0.738759 0.906944 0.108016 0.180556
1 0.416667 0.743056 0.015152 0.037963
0 0.423265 0.252315 0.266862 0.495370
0 0.345064 0.502778 0.419355 0.783333
1 0.611437 0.691667 0.071359 0.070370
0 0.477517 0.834722 0.272727 0.325000