1 0.333089 0.141667 0.014174 0.018519
1 0.392229 0.018056 0.011241 0.025000
1 0.096530 0.012963 0.023949 0.022222
1 0.061095 0.090741 0.006843 0.025926
1 0.061339 0.294444 0.015152 0.029630
1 0.107038 0.426852 0.045943 0.072222
1 0.066227 0.899537 0.009286 0.021296
1 0.352151 0.620370 0.010264 0.014815
1 0.358749 0.576852 0.007820 0.020370
1 0.359971 0.586574 0.008309 0.023148
1 0.347996 0.435185 0.022483 0.035185
1 0.513685 0.048148 0.010753 0.024074
1 0.568671 0.011574 0.024927 0.023148
1 0.527859 0.459722 0.016618 0.028704
1 0.467498 0.639352 0.007331 0.019444
0 0.597507 0.969907 0.172532 0.058333
1 0.723118 0.864815 0.019062 0.025926
0 0.805718 0.242593 0.013196 0.042593
1 0.841398 0.564815 0.011241 0.014815
1 0.849707 0.910648 0.014174 0.023148
0 0.628299 0.624537 0.147116 0.499074
0 0.636364 0.127315 0.169110 0.254630
0 0.651271 0.314352 0.210655 0.239815