1 0.041544 0.057870 0.036168 0.069444
1 0.026393 0.143519 0.039101 0.072222
1 0.085777 0.158333 0.032747 0.061111
1 0.033969 0.471296 0.044477 0.077778
1 0.015885 0.520370 0.030792 0.048148
1 0.052053 0.579630 0.023949 0.029630
1 0.012952 0.798148 0.025904 0.048148
1 0.054497 0.734259 0.028837 0.064815
1 0.038123 0.688426 0.033236 0.060185
1 0.010264 0.698611 0.020528 0.073148
1 0.224096 0.057870 0.031769 0.062037
1 0.261975 0.055556 0.042033 0.074074
1 0.234360 0.023611 0.021994 0.032407
1 0.262219 0.144444 0.032747 0.075926
1 0.184018 0.172685 0.024927 0.049074
1 0.218475 0.246296 0.028348 0.046296
1 0.267840 0.211574 0.029326 0.054630
1 0.228250 0.381019 0.023460 0.058333
1 0.212366 0.612037 0.028837 0.050000
1 0.232405 0.626852 0.024927 0.042593
1 0.256354 0.637500 0.032747 0.056481
1 0.233627 0.678704 0.034213 0.046296
1 0.208944 0.728241 0.026882 0.063889
1 0.230450 0.746296 0.027859 0.044444
1 0.259286 0.710648 0.041544 0.060185
1 0.212121 0.927778 0.023460 0.040741
1 0.215543 0.797222 0.027370 0.061111
1 0.123412 0.317593 0.024927 0.057407
0 0.473607 0.836574 0.319648 0.323148
0 0.512708 0.608333 0.139785 0.424074
0 0.516129 0.457870 0.043988 0.136111
0 0.534946 0.272222 0.139296 0.544444
1 0.411535 0.096296 0.031281 0.066667
1 0.432796 0.037037 0.022972 0.048148
1 0.391496 0.472222 0.023460 0.048148
1 0.533969 0.704167 0.034702 0.087963
1 0.543500 0.806944 0.041056 0.076852
1 0.515396 0.763889 0.043500 0.057407
1 0.602151 0.606481 0.030303 0.068519
1 0.758798 0.867593 0.023949 0.044444
1 0.734360 0.698611 0.024927 0.052778
1 0.729472 0.304630 0.028837 0.053704
1 0.693548 0.204167 0.030303 0.052778
1 0.619990 0.455556 0.026882 0.035185
1 0.384164 0.386111 0.034213 0.055556
1 0.943304 0.842130 0.038123 0.082407
1 0.884409 0.776389 0.034702 0.062037
1 0.961144 0.760648 0.023949 0.045370
1 0.893451 0.658333 0.027370 0.046296
1 0.948680 0.593519 0.030303 0.066667
1 0.969453 0.582407 0.020039 0.044444
1 0.889296 0.437037 0.027859 0.055556
1 0.909335 0.381019 0.030792 0.037963
1 0.954057 0.285648 0.022483 0.037963
1 0.905181 0.268981 0.019550 0.036111
1 0.922043 0.251852 0.027859 0.061111
1 0.847507 0.117130 0.029326 0.063889
1 0.944282 0.042130 0.041056 0.080556
1 0.848729 0.064815 0.029814 0.033333
1 0.557185 0.642130 0.022483 0.026852
1 0.940127 0.228704 0.023949 0.051852
1 0.730450 0.501852 0.023949 0.024074
1 0.721652 0.485648 0.022972 0.034259
1 0.908602 0.014352 0.025415 0.028704
1 0.991691 0.806481 0.015640 0.040741