1 0.152248 0.111111 0.024927 0.031481
1 0.169355 0.198148 0.029814 0.048148
1 0.228495 0.151852 0.010264 0.050000
1 0.246090 0.135648 0.014174 0.069444
1 0.269306 0.137963 0.027370 0.062963
1 0.309384 0.116204 0.033236 0.052778
1 0.299120 0.051852 0.044966 0.085185
1 0.229228 0.031481 0.045943 0.044444
1 0.271750 0.020370 0.026393 0.040741
1 0.325513 0.009259 0.014663 0.018519
1 0.423998 0.022222 0.026882 0.035185
1 0.434018 0.148148 0.029326 0.033333
1 0.443548 0.106481 0.021994 0.040741
0 0.250978 0.209259 0.047410 0.044444
1 0.339443 0.258796 0.019062 0.052778
1 0.351417 0.292593 0.020528 0.040741
1 0.336266 0.355093 0.028348 0.039815
1 0.392962 0.394907 0.028348 0.041667
1 0.418622 0.433333 0.016129 0.038889
1 0.291789 0.244444 0.011730 0.037037
1 0.250000 0.232407 0.024927 0.038889
1 0.198680 0.309722 0.015152 0.078704
0 0.271994 0.354167 0.114858 0.180556
1 0.320381 0.435648 0.043500 0.089815
1 0.109971 0.509722 0.066471 0.063889
1 0.038856 0.537500 0.023949 0.036111
0 0.233382 0.512037 0.163734 0.250000
1 0.303519 0.608333 0.026393 0.051852
1 0.347507 0.591667 0.032258 0.048148
1 0.424731 0.592130 0.030303 0.067593
1 0.359482 0.666667 0.079668 0.135185
1 0.392962 0.777778 0.043011 0.077778
1 0.340665 0.754167 0.039101 0.050926
1 0.322092 0.791204 0.029326 0.049074
1 0.320137 0.743056 0.020528 0.034259
1 0.289589 0.735648 0.024927 0.030556
1 0.195748 0.723611 0.031769 0.030556
1 0.196481 0.681481 0.014663 0.044444
1 0.133431 0.644907 0.019550 0.037963
1 0.142229 0.614815 0.028348 0.035185
1 0.179863 0.641204 0.029326 0.028704
1 0.007576 0.516204 0.015152 0.058333
1 0.260753 0.608796 0.025904 0.039815
1 0.263196 0.697685 0.061095 0.062037
1 0.193793 0.804167 0.026882 0.043519
1 0.121212 0.831944 0.022483 0.039815
1 0.009531 0.876389 0.015152 0.056481
1 0.005621 0.781019 0.010264 0.019444
1 0.013196 0.713889 0.014663 0.022222
1 0.127566 0.922222 0.032258 0.050000
1 0.208456 0.918056 0.023949 0.041667
0 0.250489 0.881481 0.122678 0.218519
1 0.262463 0.986111 0.027370 0.025926
1 0.448680 0.975926 0.030303 0.040741
1 0.473607 0.900463 0.044966 0.089815
1 0.523460 0.862500 0.020528 0.045370
1 0.472630 0.615741 0.043988 0.116667
1 0.457478 0.522685 0.020528 0.032407
1 0.523216 0.720833 0.038612 0.049074
1 0.526393 0.761574 0.025415 0.049074
1 0.522727 0.807407 0.029814 0.057407
1 0.535924 0.837500 0.015152 0.047222
1 0.559140 0.707870 0.037146 0.099074
1 0.576491 0.741204 0.017107 0.047222
1 0.629277 0.949074 0.042522 0.062963
1 0.665200 0.900463 0.027370 0.037963
1 0.551320 0.482407 0.023460 0.037037
1 0.590420 0.415741 0.016618 0.061111
1 0.508065 0.404630 0.029814 0.070370
1 0.479472 0.425000 0.021505 0.038889
1 0.510020 0.291204 0.028837 0.047222
1 0.530547 0.317593 0.017107 0.059259
1 0.532014 0.276852 0.016129 0.022222
1 0.557185 0.261111 0.028348 0.029630
1 0.640518 0.235185 0.044477 0.046296
1 0.642229 0.168056 0.025415 0.052778
1 0.597996 0.169907 0.043500 0.052778
1 0.541544 0.180556 0.043011 0.092593
1 0.520528 0.182870 0.015640 0.037963
1 0.492180 0.120370 0.031281 0.046296
1 0.508798 0.097222 0.025415 0.031481
1 0.550587 0.102315 0.028837 0.041667
1 0.593842 0.078704 0.028348 0.038889
1 0.493891 0.013889 0.043500 0.027778
1 0.502444 0.044444 0.016618 0.035185
1 0.527370 0.016667 0.020528 0.033333
1 0.731183 0.112500 0.036168 0.071296
1 0.712121 0.128241 0.019550 0.026852
1 0.730205 0.052315 0.016618 0.034259
1 0.765885 0.070833 0.023460 0.034259
1 0.710899 0.271759 0.020039 0.034259
0 0.786168 0.274537 0.172532 0.286111
0 0.797654 0.061574 0.155425 0.123148
1 0.944526 0.204630 0.037634 0.044444
1 0.947703 0.027315 0.039101 0.054630
1 0.929619 0.350926 0.028348 0.050000
1 0.725806 0.492593 0.034213 0.070370
0 0.786901 0.568056 0.138807 0.300926
1 0.686217 0.705093 0.040078 0.050926
1 0.630010 0.670833 0.018573 0.043519
1 0.824291 0.631481 0.044477 0.107407
1 0.806452 0.690741 0.023460 0.048148
1 0.818915 0.899537 0.031769 0.037963
1 0.782502 0.931481 0.030303 0.055556
1 0.731183 0.900926 0.040078 0.072222
1 0.724096 0.834259 0.039589 0.066667
1 0.728495 0.973148 0.044477 0.051852
1 0.899804 0.958796 0.047898 0.080556
1 0.894184 0.862500 0.048387 0.045370
1 0.910557 0.811574 0.017595 0.026852
1 0.887586 0.802315 0.029326 0.045370
1 0.942326 0.889352 0.030303 0.028704
1 0.987537 0.954167 0.021017 0.039815
0 0.773705 0.807407 0.162268 0.281481
1 0.942326 0.550926 0.028348 0.040741
1 0.949658 0.525926 0.023460 0.035185
1 0.977273 0.575463 0.044477 0.084259
1 0.928397 0.496296 0.017107 0.020370
1 0.925220 0.459259 0.010753 0.022222
1 0.963099 0.451389 0.017107 0.030556
1 0.213587 0.134722 0.013685 0.036111
1 0.020283 0.335648 0.032747 0.034259
1 0.040323 0.327315 0.016129 0.049074
1 0.135875 0.336574 0.023460 0.034259
1 0.013196 0.067130 0.022483 0.049074