1 0.916422 0.949074 0.007820 0.024074
1 0.600440 0.934722 0.042522 0.076852
1 0.967009 0.844907 0.012219 0.015741
1 0.292522 0.831944 0.006354 0.021296
1 0.897605 0.825926 0.008309 0.025926
1 0.982160 0.805093 0.019062 0.062037
1 0.380010 0.749074 0.016129 0.016667
1 0.029081 0.680556 0.022972 0.035185
1 0.198192 0.631481 0.016129 0.035185
1 0.578690 0.642593 0.021505 0.075926
1 0.927908 0.614815 0.012219 0.025926
1 0.827468 0.605556 0.015640 0.044444
1 0.176197 0.518981 0.008309 0.017593
1 0.208211 0.495370 0.024438 0.038889
1 0.315005 0.437963 0.016129 0.027778
1 0.019550 0.425463 0.009775 0.023148
1 0.815249 0.352778 0.020528 0.042593
1 0.794233 0.330556 0.011730 0.024074
1 0.901271 0.321759 0.013685 0.023148
1 0.054497 0.280093 0.023949 0.037963
1 0.071848 0.236574 0.014663 0.021296
1 0.083822 0.225000 0.010264 0.012963
1 0.055963 0.215278 0.014174 0.039815
1 0.118280 0.205093 0.017595 0.023148
1 0.006598 0.116204 0.013196 0.030556
1 0.952590 0.105556 0.025415 0.016667
1 0.739003 0.082407 0.030303 0.038889
1 0.016373 0.026852 0.011241 0.016667
1 0.327224 0.040278 0.022972 0.069444
1 0.660557 0.007870 0.013196 0.015741
0 0.440860 0.898611 0.214076 0.200926
1 0.442326 0.864352 0.042033 0.091667
0 0.448680 0.730093 0.193548 0.430556
0 0.462610 0.192130 0.229228 0.384259
0 0.477761 0.507870 0.165689 0.482407
1 0.700880 0.281019 0.029326 0.058333