1 0.726540 0.986111 0.021017 0.025926
0 0.628299 0.976389 0.106061 0.045370
1 0.235093 0.800926 0.014663 0.022222
1 0.454790 0.802315 0.023949 0.052778
1 0.941838 0.756944 0.023460 0.045370
1 0.242669 0.751389 0.021994 0.045370
1 0.013441 0.718519 0.024927 0.050000
1 0.933040 0.707407 0.014663 0.040741
1 0.943060 0.685648 0.020039 0.028704
1 0.474340 0.710648 0.031769 0.119444
1 0.266862 0.684722 0.022483 0.058333
1 0.437439 0.677315 0.017595 0.054630
1 0.306696 0.647685 0.021017 0.032407
1 0.682063 0.650000 0.011241 0.038889
1 0.247801 0.605093 0.021505 0.047222
1 0.994135 0.650000 0.010753 0.037037
1 0.098240 0.575000 0.009775 0.042593
1 0.026882 0.571296 0.035191 0.051852
1 0.698436 0.566204 0.013685 0.025000
1 0.373656 0.567130 0.021017 0.017593
1 0.795210 0.586574 0.016618 0.045370
1 0.287146 0.561111 0.018084 0.042593
1 0.435239 0.555093 0.021994 0.019444
1 0.928641 0.555093 0.019550 0.030556
1 0.966520 0.537500 0.017107 0.045370
1 0.782258 0.545833 0.051320 0.065741
1 0.043011 0.480093 0.013685 0.012037
1 0.936950 0.456481 0.021505 0.055556
1 0.820137 0.449537 0.026393 0.039815
1 0.542766 0.428704 0.020039 0.025926
1 0.269550 0.425000 0.038612 0.048148
1 0.228006 0.423611 0.014174 0.025000
1 0.243402 0.404167 0.011730 0.034259
1 0.759775 0.384722 0.022972 0.034259
1 0.831134 0.380093 0.033724 0.049074
1 0.967009 0.391667 0.026882 0.088889
1 0.439150 0.362500 0.020039 0.047222
1 0.218231 0.339815 0.019062 0.029630
1 0.712366 0.311574 0.019062 0.049074
1 0.224340 0.293519 0.036168 0.040741
1 0.454057 0.256019 0.012708 0.043519
1 0.406158 0.226389 0.019550 0.026852
1 0.732160 0.238889 0.017595 0.061111
1 0.035679 0.217593 0.021505 0.038889
1 0.377566 0.198611 0.019062 0.028704
1 0.218231 0.201852 0.021994 0.029630
1 0.598240 0.187500 0.015640 0.034259
1 0.942082 0.162963 0.011241 0.035185
1 0.460655 0.149537 0.012219 0.039815
1 0.513930 0.125000 0.024927 0.055556
1 0.185239 0.098148 0.024438 0.035185
1 0.961632 0.107407 0.017107 0.033333
1 0.710655 0.108333 0.017595 0.050000
1 0.426931 0.093056 0.028837 0.032407
1 0.250978 0.094444 0.037634 0.037037
1 0.775415 0.048148 0.031769 0.048148
1 0.053763 0.012037 0.014663 0.024074
1 0.197214 0.273148 0.025904 0.035185
1 0.304741 0.056019 0.025904 0.043519
1 0.317937 0.092593 0.018084 0.042593
1 0.372678 0.821296 0.022972 0.059259
1 0.228739 0.922685 0.024438 0.043519
1 0.277126 0.923148 0.013685 0.044444
1 0.277126 0.750000 0.022483 0.044444
1 0.432307 0.475463 0.019062 0.039815
1 0.478983 0.459722 0.017595 0.041667
1 0.493646 0.406481 0.030303 0.044444
1 0.489003 0.392593 0.031769 0.042593
1 0.475073 0.368981 0.018573 0.047222
1 0.376588 0.404167 0.016129 0.036111
1 0.415200 0.411111 0.015152 0.020370
1 0.498778 0.244444 0.021017 0.022222
1 0.387097 0.084722 0.022483 0.028704
1 0.437683 0.200000 0.025904 0.027778
1 0.462366 0.083796 0.019550 0.034259
1 0.470430 0.033796 0.024927 0.037963
1 0.696725 0.872685 0.016129 0.036111
1 0.684262 0.101389 0.042033 0.112037
1 0.568915 0.215278 0.011730 0.058333
1 0.553275 0.212500 0.009775 0.034259
1 0.748534 0.919907 0.014174 0.019444
1 0.762463 0.919444 0.015640 0.033333
1 0.823314 0.939352 0.019062 0.028704
1 0.793744 0.959259 0.013685 0.029630
1 0.754888 0.950000 0.043500 0.083333
1 0.781036 0.983333 0.012708 0.029630
1 0.813050 0.843981 0.022972 0.052778
1 0.838221 0.850463 0.044966 0.058333
1 0.819159 0.788889 0.029326 0.025926
1 0.864125 0.514352 0.028348 0.045370
1 0.845064 0.525463 0.014663 0.032407
1 0.838221 0.554167 0.011730 0.039815
1 0.710899 0.226852 0.012219 0.040741
1 0.757820 0.264352 0.021017 0.071296
1 0.746579 0.320370 0.022972 0.066667
1 0.828201 0.300000 0.024927 0.066667
1 0.837732 0.273611 0.042033 0.052778
1 0.819892 0.239815 0.037634 0.048148
1 0.852151 0.218981 0.018084 0.019444
1 0.828201 0.209259 0.013196 0.027778
1 0.818671 0.183796 0.018573 0.034259
1 0.788123 0.231481 0.043500 0.037037
1 0.804252 0.211574 0.021017 0.036111
1 0.751466 0.059722 0.011241 0.025000
1 0.796432 0.037500 0.041544 0.075000
1 0.907136 0.419444 0.016618 0.024074
1 0.854594 0.438889 0.012219 0.031481
1 0.914712 0.342593 0.017107 0.025926
1 0.926442 0.306019 0.014174 0.019444
1 0.949658 0.004630 0.011730 0.009259
1 0.858993 0.235185 0.088465 0.179630
1 0.882454 0.071759 0.120723 0.143519
0 0.583822 0.104630 0.086510 0.179630
0 0.556940 0.375926 0.109971 0.235185
0 0.573069 0.560185 0.153959 0.124074
1 0.552542 0.611111 0.019062 0.024074
1 0.577468 0.625000 0.021017 0.027778
0 0.571359 0.692593 0.134897 0.137037