1 0.406891 0.901852 0.014174 0.012963
1 0.908358 0.917593 0.016129 0.046296
1 0.326735 0.692593 0.015152 0.009259
1 0.976784 0.668981 0.016129 0.017593
1 0.548631 0.615278 0.023949 0.034259
1 0.450391 0.531481 0.007331 0.020370
1 0.468964 0.534722 0.013196 0.028704
1 0.504154 0.515741 0.009286 0.025926
1 0.767840 0.456944 0.025415 0.047222
1 0.494135 0.436111 0.007820 0.035185
1 0.316716 0.380093 0.011730 0.045370
1 0.978250 0.291667 0.015152 0.016667
1 0.993891 0.280556 0.011241 0.033333
1 0.876100 0.286111 0.028837 0.051852
1 0.985582 0.217130 0.010264 0.019444
1 0.159824 0.173148 0.015640 0.031481
1 0.509775 0.143519 0.014663 0.035185
1 0.395161 0.030093 0.013196 0.012037
1 0.212854 0.020370 0.039589 0.025926
0 0.660068 0.038889 0.008309 0.077778
1 0.086266 0.628704 0.030792 0.051852
1 0.104350 0.588889 0.014174 0.035185
1 0.443060 0.903241 0.021994 0.036111
1 0.505865 0.911574 0.013685 0.021296
0 0.508798 0.879167 0.138807 0.237963
0 0.531281 0.776389 0.371457 0.399074
0 0.480938 0.087500 0.236559 0.175000
1 0.910313 0.812963 0.017107 0.068519
1 0.911046 0.543056 0.024438 0.050926
1 0.917155 0.511574 0.021017 0.036111
1 0.925464 0.449537 0.016129 0.028704
1 0.950391 0.224074 0.023949 0.042593
1 0.878543 0.057407 0.028837 0.046296
1 0.985337 0.105556 0.011730 0.035185