1 0.739003 0.877778 0.027370 0.037037
1 0.146139 0.823611 0.023460 0.054630
1 0.577468 0.768519 0.032747 0.057407
1 0.167400 0.701852 0.061095 0.055556
1 0.677175 0.653241 0.010264 0.032407
1 0.051320 0.605556 0.013685 0.027778
1 0.641496 0.579630 0.013196 0.025926
1 0.851662 0.577778 0.027859 0.066667
1 0.728983 0.528241 0.016129 0.015741
1 0.535924 0.503704 0.019062 0.057407
1 0.291056 0.503704 0.044477 0.066667
1 0.198680 0.373611 0.015152 0.021296
1 0.886364 0.332407 0.006354 0.022222
1 0.598729 0.321296 0.037146 0.024074
1 0.865103 0.289352 0.009775 0.021296
1 0.069648 0.281019 0.011241 0.023148
1 0.261486 0.235185 0.022483 0.029630
1 0.572336 0.226852 0.014663 0.033333
1 0.209922 0.196296 0.027859 0.061111
1 0.005132 0.161574 0.010264 0.043519
1 0.315005 0.148611 0.030792 0.104630
0 0.510264 0.124074 0.128055 0.131481
1 0.786657 0.056944 0.021994 0.043519
1 0.447214 0.050926 0.051808 0.042593
1 0.764174 0.034259 0.013196 0.027778
1 0.512708 0.030556 0.019550 0.033333
1 0.021750 0.007407 0.012219 0.014815
1 0.047410 0.054630 0.040078 0.040741
1 0.086510 0.372222 0.023460 0.029630
1 0.115347 0.843981 0.021505 0.052778
1 0.140762 0.950463 0.033236 0.095370
1 0.128055 0.960648 0.020528 0.049074
1 0.163001 0.236574 0.051320 0.078704
1 0.152248 0.259259 0.013196 0.033333
1 0.217986 0.035185 0.011730 0.029630
1 0.362414 0.063426 0.043500 0.119444
1 0.225806 0.654167 0.047898 0.102778
1 0.246579 0.604630 0.053275 0.074074
1 0.288123 0.631944 0.047410 0.078704
1 0.342864 0.797685 0.008309 0.021296
1 0.370479 0.840741 0.057674 0.100000
0 0.476295 0.925000 0.137341 0.144444
0 0.435728 0.755093 0.119746 0.210185
0 0.455279 0.642130 0.145161 0.239815
0 0.458211 0.519444 0.046432 0.061111
1 0.497067 0.576852 0.036168 0.057407
1 0.700635 0.634722 0.052297 0.054630
1 0.582845 0.518519 0.038612 0.053704
0 0.365347 0.434259 0.062072 0.185185
0 0.465054 0.339815 0.172532 0.159259
1 0.562561 0.389352 0.030303 0.091667
1 0.532991 0.428704 0.038612 0.057407
1 0.456745 0.224074 0.032747 0.059259
1 0.470186 0.252315 0.032258 0.039815
1 0.966520 0.544444 0.007331 0.016667
1 0.983138 0.502315 0.031769 0.186111
1 0.965298 0.915741 0.066471 0.148148
1 0.942326 0.891667 0.029326 0.070370