1 0.057185 0.011574 0.016618 0.023148
1 0.132209 0.115278 0.015152 0.058333
1 0.112414 0.086574 0.014663 0.015741
1 0.184995 0.052778 0.051320 0.070370
1 0.187439 0.118056 0.036657 0.067593
1 0.224340 0.017593 0.041056 0.035185
1 0.284213 0.067593 0.030792 0.053704
1 0.025171 0.393981 0.050342 0.132407
1 0.169355 0.381481 0.042522 0.096296
1 0.279570 0.338426 0.026393 0.049074
1 0.271994 0.460648 0.033724 0.100926
1 0.240958 0.495833 0.027370 0.034259
1 0.013441 0.506481 0.014174 0.014815
1 0.036168 0.516667 0.027370 0.038889
0 0.026882 0.558796 0.053763 0.084259
1 0.002688 0.633333 0.005376 0.020370
1 0.029814 0.693056 0.059629 0.108333
1 0.056207 0.767130 0.017595 0.047222
1 0.234360 0.716667 0.051320 0.074074
1 0.212121 0.844907 0.051808 0.073148
1 0.057185 0.888426 0.015640 0.032407
1 0.100196 0.981944 0.021505 0.032407
1 0.076491 0.987500 0.019062 0.021296
1 0.141007 0.940278 0.065982 0.082407
1 0.310850 0.681944 0.041056 0.137963
1 0.300831 0.955556 0.054252 0.085185
1 0.337732 0.985185 0.017595 0.027778
1 0.295455 0.196759 0.044477 0.063889
1 0.312317 0.158796 0.020528 0.015741
1 0.317449 0.009259 0.018084 0.018519
1 0.413734 0.447685 0.018084 0.021296
1 0.387341 0.515741 0.030792 0.051852
1 0.365836 0.363426 0.058162 0.065741
1 0.357771 0.209259 0.010753 0.025926
1 0.344575 0.282407 0.063539 0.124074
1 0.397605 0.846296 0.021994 0.035185
1 0.490225 0.762500 0.008798 0.045370
1 0.489492 0.804630 0.021994 0.031481
0 0.453812 0.952778 0.045455 0.090741
1 0.529570 0.853704 0.014174 0.042593
1 0.548876 0.826389 0.007820 0.030556
1 0.529570 0.973148 0.010264 0.050000
1 0.574536 0.950463 0.022972 0.045370
1 0.465054 0.519907 0.032747 0.063889
1 0.543500 0.530556 0.044966 0.081481
1 0.532747 0.638889 0.024438 0.048148
0 0.480205 0.638889 0.094330 0.135185
1 0.519062 0.397685 0.022483 0.050926
0 0.488270 0.466204 0.090909 0.208333
0 0.489980 0.367593 0.037634 0.118519
1 0.451613 0.414352 0.032258 0.110185
0 0.491202 0.218519 0.069404 0.251852
0 0.485093 0.024074 0.058162 0.048148
1 0.453324 0.055093 0.042522 0.110185
1 0.526882 0.266667 0.021505 0.038889
1 0.532014 0.231481 0.014174 0.031481
1 0.563050 0.254630 0.021505 0.035185
1 0.596774 0.331944 0.023460 0.052778
1 0.615836 0.084259 0.027370 0.042593
1 0.671310 0.177315 0.020039 0.034259
1 0.611681 0.206944 0.024927 0.087963
1 0.689394 0.027315 0.039589 0.054630
1 0.758553 0.035185 0.049853 0.059259
1 0.809873 0.216667 0.028348 0.051852
1 0.792522 0.304167 0.021994 0.036111
1 0.714076 0.454630 0.020528 0.072222
1 0.699169 0.806944 0.029814 0.039815
1 0.771750 0.788889 0.058651 0.090741
1 0.674242 0.878241 0.017107 0.045370
1 0.836266 0.911574 0.043011 0.060185
1 0.812561 0.782407 0.012219 0.025926
1 0.292278 0.542593 0.024438 0.025926
1 0.859726 0.175000 0.036168 0.061111
1 0.882454 0.606481 0.019062 0.057407