1 0.892717 0.977778 0.014174 0.042593
1 0.727517 0.870833 0.018084 0.071296
1 0.213832 0.855093 0.044477 0.106481
1 0.362903 0.649074 0.010264 0.044444
1 0.073069 0.517130 0.011241 0.019444
1 0.059873 0.415278 0.026882 0.034259
1 0.955523 0.347222 0.028348 0.057407
1 0.147116 0.295833 0.023460 0.082407
1 0.817937 0.258333 0.009286 0.018519
1 0.119746 0.261574 0.026393 0.052778
1 0.932063 0.241204 0.006843 0.028704
1 0.365591 0.185648 0.063539 0.110185
1 0.848974 0.076852 0.012708 0.044444
1 0.365591 0.749537 0.018573 0.060185
0 0.459189 0.821296 0.302542 0.353704
0 0.526393 0.055556 0.118280 0.103704
1 0.519306 0.202778 0.041544 0.107407
0 0.594819 0.400926 0.365591 0.509259