1 0.689150 0.985648 0.011730 0.025000
1 0.190371 0.969444 0.019062 0.059259
1 0.706500 0.956019 0.014174 0.052778
1 0.666178 0.934722 0.035191 0.028704
1 0.742913 0.906019 0.006843 0.019444
1 0.570870 0.867130 0.021505 0.015741
1 0.977517 0.754167 0.012708 0.015741
1 0.235337 0.857870 0.088465 0.234259
1 0.239736 0.640278 0.057185 0.073148
1 0.224096 0.589352 0.027859 0.028704
1 0.249267 0.581481 0.013685 0.016667
1 0.749022 0.564352 0.026882 0.013889
1 0.814516 0.563889 0.008309 0.022222
1 0.544233 0.536111 0.015152 0.035185
1 0.039834 0.527315 0.008309 0.019444
1 0.715298 0.548611 0.028837 0.065741
1 0.726295 0.508333 0.018573 0.018519
1 0.193304 0.487963 0.017107 0.018519
1 0.692082 0.491204 0.014663 0.037963
1 0.674487 0.480093 0.010753 0.021296
1 0.789345 0.483796 0.026393 0.034259
1 0.268084 0.479167 0.013196 0.056481
1 0.196237 0.446296 0.012219 0.012963
1 0.336266 0.457870 0.021505 0.047222
1 0.046921 0.409259 0.007820 0.020370
1 0.694037 0.401389 0.023460 0.015741
1 0.908602 0.413426 0.021505 0.052778
1 0.738270 0.406481 0.062072 0.055556
1 0.925953 0.346759 0.020039 0.015741
1 0.732160 0.327778 0.020528 0.018519
1 0.745846 0.319444 0.015640 0.014815
1 0.187439 0.283333 0.019062 0.029630
1 0.005376 0.164815 0.010753 0.018519
1 0.241447 0.144907 0.023460 0.095370
1 0.769795 0.192130 0.089932 0.154630
1 0.717009 0.143056 0.069404 0.117593
1 0.574291 0.028241 0.003910 0.019444
1 0.754399 0.048611 0.024927 0.065741
1 0.716031 0.049537 0.038123 0.099074
0 0.228495 0.074074 0.152981 0.148148
1 0.227028 0.310648 0.125611 0.180556
1 0.241935 0.450463 0.070381 0.197222