1 0.068915 0.207407 0.016618 0.061111
1 0.017840 0.405556 0.025904 0.040741
1 0.033480 0.366204 0.028837 0.043519
1 0.308651 0.367593 0.035679 0.092593
1 0.329179 0.325463 0.021017 0.041667
1 0.374145 0.292593 0.058162 0.068519
1 0.340665 0.063889 0.025415 0.070370
1 0.376588 0.096296 0.036657 0.059259
1 0.402737 0.012037 0.026393 0.022222
1 0.450391 0.051389 0.036657 0.036111
1 0.500489 0.034722 0.026393 0.050926
1 0.399316 0.554167 0.056696 0.134259
1 0.345797 0.529630 0.024927 0.068519
1 0.312072 0.831944 0.033724 0.052778
1 0.463587 0.422222 0.063050 0.125926
1 0.530547 0.490278 0.055230 0.108333
1 0.488759 0.590278 0.071359 0.100926
0 0.506109 0.580093 0.205767 0.204630
0 0.621701 0.769444 0.268817 0.455556
0 0.775904 0.972222 0.126588 0.042593
1 0.748778 0.934722 0.044966 0.054630
1 0.733871 0.817130 0.070870 0.062037
1 0.728983 0.722685 0.059140 0.078704
1 0.823803 0.844907 0.049365 0.121296
1 0.794721 0.931944 0.025415 0.028704
1 0.784213 0.616667 0.046432 0.088889
1 0.827468 0.465278 0.050831 0.087963
1 0.873167 0.711574 0.067937 0.084259
1 0.949169 0.623611 0.062561 0.100926
1 0.936706 0.750926 0.083578 0.166667
1 0.990225 0.619907 0.012708 0.060185
1 0.991202 0.772685 0.011730 0.043519
1 0.934018 0.470833 0.025415 0.054630
1 0.948192 0.383333 0.048876 0.118519
1 0.913490 0.340278 0.030303 0.063889
1 0.833578 0.317593 0.059140 0.109259
1 0.795210 0.297685 0.044966 0.078704
1 0.838221 0.198611 0.096774 0.145370
1 0.840665 0.063426 0.031281 0.086111
1 0.812317 0.023611 0.030303 0.045370
1 0.916911 0.111574 0.081134 0.165741
1 0.928397 0.225463 0.078690 0.097222
1 0.975562 0.026389 0.043011 0.050926
1 0.877322 0.840278 0.037146 0.063889
1 0.916667 0.881481 0.051320 0.090741
1 0.857527 0.949074 0.069892 0.074074
1 0.906647 0.970833 0.031281 0.049074
1 0.631476 0.405556 0.066471 0.092593
1 0.635630 0.519907 0.025904 0.036111
1 0.658113 0.214352 0.108016 0.149074
1 0.681574 0.118056 0.017107 0.041667
1 0.742424 0.090741 0.037146 0.079630
0 0.659580 0.292130 0.322092 0.578704
1 0.277859 0.815741 0.022972 0.042593
1 0.163245 0.320370 0.031281 0.046296
1 0.006843 0.066667 0.012708 0.079630
1 0.336022 0.959259 0.049365 0.072222
1 0.330890 0.681944 0.019550 0.037963