1 0.303763 0.830093 0.102151 0.219444
1 0.253910 0.720833 0.021994 0.054630
1 0.354350 0.708796 0.041056 0.065741
1 0.427419 0.637963 0.034702 0.072222
1 0.515885 0.693056 0.025904 0.050926
1 0.540078 0.576852 0.024438 0.074074
1 0.370479 0.196759 0.049853 0.097222
1 0.424242 0.161111 0.045943 0.070370
1 0.346041 0.044907 0.086999 0.087963
1 0.503666 0.089815 0.038612 0.177778
1 0.462366 0.289352 0.025415 0.039815
1 0.687195 0.706481 0.056696 0.092593
1 0.588954 0.790741 0.030303 0.079630
1 0.568182 0.855093 0.032747 0.071296
1 0.480694 0.906481 0.050342 0.072222
0 0.619746 0.847222 0.244379 0.303704
1 0.780792 0.826852 0.104106 0.298148
1 0.863881 0.946296 0.040567 0.075926
1 0.770772 0.488889 0.068426 0.101852
1 0.935484 0.487500 0.030303 0.063889
1 0.974585 0.157870 0.042033 0.058333
1 0.968964 0.270370 0.032747 0.064815
0 0.599707 0.294444 0.362659 0.588889
1 0.044477 0.257870 0.040078 0.043519
1 0.106061 0.165741 0.032258 0.044444
1 0.603128 0.854167 0.039101 0.049074
1 0.539834 0.762963 0.020039 0.050000