1 0.866325 0.982870 0.030792 0.032407
1 0.779326 0.975463 0.036657 0.047222
1 0.914712 0.962963 0.019062 0.024074
1 0.368768 0.924537 0.009286 0.015741
1 0.146628 0.911111 0.039101 0.046296
1 0.542766 0.820833 0.015152 0.030556
1 0.458456 0.814352 0.013685 0.034259
1 0.063783 0.850463 0.058162 0.108333
1 0.360459 0.746296 0.007331 0.018519
1 0.012219 0.698611 0.009775 0.049074
1 0.325758 0.691204 0.026882 0.028704
1 0.598240 0.679630 0.008798 0.022222
1 0.684751 0.662037 0.016618 0.070370
1 0.581623 0.669907 0.012708 0.017593
1 0.426197 0.668519 0.010753 0.020370
1 0.635630 0.683796 0.016129 0.058333
1 0.481427 0.660648 0.032258 0.058333
1 0.830401 0.631019 0.014663 0.030556
1 0.102395 0.607870 0.009286 0.019444
1 0.377077 0.595833 0.019062 0.041667
1 0.741447 0.586111 0.008798 0.046296
1 0.875855 0.553704 0.011730 0.033333
1 0.016618 0.522685 0.019550 0.025000
1 0.988025 0.501389 0.008309 0.023148
1 0.811584 0.492593 0.012219 0.029630
1 0.572581 0.494444 0.021017 0.046296
1 0.846041 0.459722 0.017595 0.050926
1 0.671554 0.476852 0.043011 0.081481
1 0.892473 0.385648 0.019550 0.054630
1 0.760508 0.407870 0.012708 0.034259
1 0.182063 0.372222 0.014174 0.016667
1 0.597996 0.361111 0.019062 0.024074
1 0.647849 0.343519 0.011241 0.029630
1 0.781769 0.319444 0.016129 0.020370
1 0.903715 0.337037 0.019550 0.055556
1 0.049609 0.319444 0.049365 0.057407
1 0.860948 0.306944 0.040567 0.049074
1 0.940371 0.300000 0.024438 0.050000
1 0.303275 0.256944 0.017107 0.023148
1 0.054985 0.201852 0.023949 0.038889
1 0.984360 0.203704 0.027370 0.062963
1 0.944282 0.173611 0.020528 0.036111
1 0.167400 0.151389 0.008309 0.021296
1 0.762708 0.157407 0.041544 0.085185
1 0.068182 0.099074 0.018084 0.029630
1 0.971896 0.108333 0.051320 0.081481
1 0.891740 0.079167 0.008309 0.015741
1 0.137097 0.060648 0.011241 0.013889
1 0.232893 0.035185 0.016129 0.031481
1 0.976295 0.035185 0.009286 0.016667
1 0.347752 0.613889 0.017107 0.035185
1 0.899071 0.317593 0.017107 0.037037