1 0.172043 0.035185 0.038123 0.068519
1 0.230938 0.131019 0.028837 0.054630
1 0.189150 0.268056 0.018573 0.056481
1 0.163490 0.295833 0.018084 0.036111
1 0.122678 0.334722 0.031281 0.041667
1 0.134164 0.401389 0.020039 0.076852
1 0.132698 0.475463 0.016129 0.039815
1 0.089687 0.563426 0.035679 0.039815
1 0.072336 0.636111 0.014663 0.066667
1 0.148338 0.739352 0.022972 0.067593
1 0.210655 0.963889 0.031281 0.070370
1 0.180108 0.979630 0.016129 0.037037
1 0.123412 0.912963 0.018084 0.024074
1 0.062805 0.980556 0.019062 0.035185
1 0.021505 0.781944 0.018573 0.052778
1 0.281525 0.447222 0.008798 0.016667
1 0.275904 0.506944 0.016129 0.037963
1 0.319892 0.198148 0.027859 0.046296
1 0.352639 0.118981 0.013196 0.032407
1 0.381720 0.407870 0.016618 0.036111
1 0.376100 0.489815 0.008309 0.011111
1 0.349707 0.569444 0.021994 0.064815
1 0.283480 0.956019 0.015640 0.041667
1 0.413734 0.891667 0.028837 0.053704
1 0.384897 0.924074 0.016129 0.011111
1 0.392229 0.855093 0.029814 0.054630
1 0.387097 0.792130 0.039101 0.043519
1 0.429863 0.700000 0.016129 0.025926
1 0.401026 0.680093 0.033724 0.060185
1 0.411046 0.146296 0.021505 0.037037
1 0.425464 0.165741 0.023949 0.025926
1 0.455034 0.129167 0.013685 0.030556
1 0.463099 0.057870 0.019062 0.030556
1 0.466764 0.073611 0.028348 0.049074
1 0.432307 0.127315 0.056207 0.108333
1 0.444526 0.143056 0.018084 0.026852
1 0.417889 0.343981 0.018573 0.034259
1 0.440371 0.409722 0.012708 0.032407
1 0.421554 0.520833 0.035679 0.080556
1 0.422532 0.486111 0.041544 0.014815
1 0.421554 0.461111 0.033724 0.059259
1 0.456012 0.536111 0.012708 0.020370
1 0.420332 0.981481 0.015640 0.027778
1 0.438172 0.977315 0.017107 0.043519
1 0.448925 0.986111 0.005376 0.022222
1 0.457234 0.909259 0.032747 0.042593
1 0.497801 0.947222 0.030792 0.027778
1 0.484848 0.419444 0.019550 0.031481
1 0.504643 0.406481 0.019062 0.031481
1 0.512463 0.339815 0.029814 0.070370
1 0.511730 0.393056 0.019550 0.065741
1 0.523460 0.397685 0.015640 0.026852
1 0.510997 0.455093 0.024927 0.036111
1 0.488759 0.473611 0.023460 0.039815
1 0.534213 0.501852 0.023460 0.022222
1 0.588221 0.583796 0.030792 0.041667
1 0.558162 0.561111 0.013685 0.012963
1 0.559873 0.633796 0.016129 0.028704
1 0.572825 0.703241 0.019550 0.025000
1 0.532014 0.808333 0.012219 0.012963
1 0.629765 0.781944 0.020039 0.025000
1 0.618524 0.811574 0.021994 0.025000
1 0.634164 0.760185 0.045455 0.074074
1 0.628299 0.703704 0.023949 0.029630
1 0.600684 0.425926 0.009775 0.018519
1 0.611681 0.452778 0.014174 0.037037
1 0.648094 0.444907 0.020528 0.028704
1 0.663245 0.392130 0.014663 0.037963
1 0.635142 0.363426 0.015152 0.028704
1 0.598729 0.238426 0.005865 0.025000
1 0.585533 0.075000 0.014663 0.053704
1 0.544966 0.102315 0.013685 0.013889
1 0.529814 0.053241 0.020528 0.052778
1 0.534702 0.025000 0.020528 0.042593
1 0.546921 0.017593 0.017595 0.035185
1 0.685728 0.073148 0.043988 0.061111
1 0.680841 0.117130 0.041056 0.075000
1 0.730450 0.129167 0.007331 0.013889
1 0.724585 0.020833 0.016129 0.013889
1 0.731183 0.041204 0.027370 0.067593
1 0.736315 0.076852 0.022972 0.037037
1 0.763930 0.111111 0.022483 0.051852
1 0.742424 0.092130 0.034213 0.078704
1 0.758553 0.182407 0.023460 0.033333
1 0.772727 0.208796 0.055718 0.084259
1 0.804497 0.330556 0.045943 0.090741
1 0.787634 0.693981 0.027859 0.056481
1 0.843842 0.523148 0.016129 0.033333
1 0.767107 0.774074 0.021994 0.035185
1 0.737292 0.763889 0.021994 0.044444
1 0.799853 0.690278 0.031769 0.086111
1 0.872434 0.762500 0.026393 0.056481
1 0.842131 0.814352 0.018573 0.049074
1 0.721652 0.600463 0.027859 0.065741
1 0.692326 0.496759 0.031769 0.067593
1 0.679863 0.398148 0.015640 0.053704
1 0.663245 0.470370 0.046921 0.096296
1 0.677908 0.468981 0.011730 0.054630
1 0.837488 0.101852 0.028837 0.046296
1 0.824291 0.118056 0.039589 0.073148
1 0.812072 0.181944 0.032747 0.099074
1 0.891007 0.874537 0.027370 0.032407
1 0.890274 0.967130 0.026882 0.050926
1 0.921310 0.959722 0.014663 0.036111
1 0.921065 0.980093 0.047410 0.036111
1 0.946970 0.965278 0.026882 0.047222
1 0.937439 0.908333 0.045943 0.035185
1 0.950880 0.915278 0.024927 0.091667
1 0.955523 0.879167 0.049853 0.065741
1 0.978739 0.850000 0.030792 0.051852
1 0.897116 0.758796 0.040567 0.054630
1 0.913001 0.712963 0.033236 0.035185
1 0.881720 0.651852 0.009775 0.025926
1 0.900538 0.665741 0.021017 0.029630
1 0.927175 0.551389 0.022483 0.036111
1 0.939883 0.498148 0.039101 0.048148
1 0.918866 0.445833 0.033236 0.067593
1 0.891984 0.504167 0.018573 0.026852
1 0.878055 0.433333 0.039589 0.079630
1 0.880987 0.407870 0.018084 0.034259
1 0.878788 0.328241 0.041056 0.041667
1 0.886852 0.391204 0.007331 0.026852
1 0.902981 0.392593 0.041544 0.075926
1 0.909091 0.375926 0.011730 0.022222
1 0.980694 0.946759 0.011241 0.023148
1 0.974340 0.993056 0.020039 0.012037
1 0.967986 0.765278 0.024927 0.036111
1 0.985826 0.765278 0.022483 0.045370
1 0.991202 0.776852 0.014663 0.029630
1 0.970186 0.703704 0.057674 0.066667
1 0.980938 0.727315 0.021505 0.056481
1 0.977517 0.350000 0.027370 0.038889
1 0.986804 0.376389 0.025415 0.076852
1 0.952590 0.280093 0.034213 0.060185
1 0.940616 0.237963 0.017107 0.024074
1 0.951124 0.219444 0.012708 0.025926
1 0.937439 0.154630 0.031281 0.044444
1 0.889785 0.164815 0.042522 0.072222
1 0.885142 0.028241 0.013685 0.028704
1 0.901760 0.041667 0.026393 0.024074
1 0.941593 0.019444 0.027859 0.038889
1 0.945015 0.049537 0.022972 0.049074
1 0.991447 0.086574 0.014174 0.036111
1 0.953568 0.102315 0.046921 0.060185
1 0.926197 0.106019 0.021505 0.049074
1 0.906647 0.120833 0.018573 0.060185
1 0.996090 0.223148 0.006843 0.018519
0 0.609971 0.087037 0.216031 0.174074
0 0.543011 0.248148 0.142717 0.468519
1 0.480205 0.012500 0.018084 0.025000
0 0.558651 0.531481 0.150538 0.485185
0 0.572092 0.732870 0.211632 0.526852
1 0.010264 0.336111 0.020528 0.061111
1 0.005865 0.843519 0.011730 0.038889