1 0.437683 0.922222 0.010264 0.020370
1 0.349707 0.937963 0.038612 0.048148
1 0.221652 0.902778 0.012219 0.035185
1 0.180596 0.883796 0.029814 0.025000
1 0.480450 0.846759 0.012708 0.050926
1 0.344575 0.858796 0.028348 0.045370
1 0.991935 0.821759 0.015152 0.075000
1 0.620723 0.755093 0.040078 0.065741
1 0.358016 0.709259 0.028837 0.046296
1 0.740958 0.603241 0.020528 0.017593
1 0.381232 0.581481 0.027370 0.070370
1 0.987781 0.552778 0.023460 0.074074
1 0.928641 0.506481 0.020528 0.046296
1 0.184262 0.432870 0.009775 0.034259
1 0.331134 0.443519 0.014174 0.033333
1 0.868768 0.462963 0.040567 0.075926
1 0.994624 0.376389 0.008798 0.026852
1 0.947458 0.257870 0.015152 0.034259
1 0.332600 0.197222 0.020039 0.038889
1 0.506109 0.177778 0.008309 0.031481
1 0.328201 0.119907 0.024927 0.032407
1 0.047654 0.887500 0.030792 0.062037
1 0.069404 0.968519 0.036168 0.057407
1 0.071603 0.520370 0.142229 0.288889
1 0.219453 0.066667 0.040078 0.087037
1 0.347996 0.125463 0.014663 0.028704
1 0.488514 0.567130 0.094330 0.143519
1 0.519550 0.768519 0.015640 0.029630
1 0.519795 0.818981 0.018084 0.023148
1 0.419355 0.045833 0.019550 0.037963
1 0.808162 0.774537 0.021994 0.036111
1 0.886119 0.064352 0.020528 0.028704
1 0.896628 0.081944 0.022972 0.034259
0 0.590665 0.936574 0.169599 0.125000
0 0.596285 0.695833 0.207234 0.604630
1 0.609482 0.071296 0.036168 0.040741
0 0.560606 0.428704 0.262952 0.344444
0 0.583822 0.117130 0.229228 0.234259