1 0.025415 0.255556 0.043988 0.031481
1 0.126588 0.364352 0.021505 0.037963
1 0.136608 0.586111 0.032747 0.072222
1 0.184995 0.860185 0.058162 0.079630
1 0.126588 0.821759 0.013685 0.023148
1 0.018084 0.969907 0.014663 0.056481
1 0.019062 0.915741 0.038123 0.164815
1 0.997312 0.542130 0.004399 0.034259
1 0.958944 0.789815 0.005865 0.027778
1 0.755132 0.919907 0.024438 0.104630
1 0.773949 0.386574 0.029814 0.025000
1 0.656647 0.183796 0.011241 0.017593
1 0.661779 0.214352 0.011730 0.017593
1 0.590420 0.235648 0.022483 0.025000
0 0.538368 0.253704 0.128543 0.507407
1 0.549853 0.364352 0.005865 0.013889
1 0.541789 0.453704 0.008309 0.014815
1 0.507820 0.623611 0.013685 0.028704
1 0.558407 0.898148 0.008309 0.040741
1 0.540567 0.918981 0.007820 0.023148
0 0.514418 0.599537 0.191105 0.395370
0 0.529326 0.823611 0.089932 0.297222
1 0.363636 0.954167 0.036168 0.063889
1 0.389296 0.958796 0.046432 0.075000
1 0.401026 0.959259 0.012219 0.020370
1 0.668377 0.911574 0.023949 0.045370
1 0.660802 0.350463 0.011730 0.017593
1 0.417155 0.161574 0.011241 0.015741