1 0.008553 0.124537 0.017107 0.062037
1 0.120723 0.253704 0.028348 0.037037
1 0.018084 0.485185 0.036168 0.066667
1 0.018328 0.931019 0.036657 0.115741
1 0.135386 0.578704 0.027370 0.037037
1 0.163490 0.662963 0.065005 0.138889
1 0.203812 0.731944 0.073314 0.141667
1 0.246090 0.572222 0.025904 0.079630
0 0.476051 0.597222 0.114370 0.092593
0 0.474096 0.807407 0.161290 0.116667
1 0.402493 0.781944 0.057185 0.123148
0 0.469453 0.332407 0.052297 0.259259
0 0.450391 0.076389 0.043500 0.152778
1 0.428397 0.098148 0.061095 0.085185
1 0.725318 0.351389 0.044966 0.073148
1 0.672287 0.760185 0.021994 0.042593
1 0.738270 0.696759 0.041544 0.043519
1 0.799609 0.799074 0.020528 0.029630
1 0.236804 0.045833 0.025904 0.091667
1 0.273216 0.129167 0.021505 0.050926
1 0.252933 0.363889 0.026882 0.050000
1 0.643939 0.727315 0.022972 0.060185
1 0.879277 0.520833 0.017595 0.047222
1 0.973607 0.331944 0.025415 0.056481
1 0.718719 0.422685 0.029814 0.050926