1 0.020039 0.181481 0.038123 0.075926
1 0.049365 0.862500 0.035191 0.063889
0 0.265396 0.919444 0.073314 0.159259
1 0.340665 0.979630 0.046921 0.038889
0 0.269550 0.725463 0.157869 0.284259
0 0.254888 0.540741 0.136364 0.166667
1 0.211877 0.615278 0.024927 0.028704
1 0.172043 0.512037 0.056696 0.101852
0 0.224585 0.417130 0.142229 0.132407
1 0.148338 0.351852 0.032747 0.059259
0 0.270283 0.275000 0.127077 0.140741
1 0.343597 0.380093 0.052786 0.128704
0 0.284457 0.147222 0.124145 0.183333
1 0.259531 0.075463 0.165200 0.150926
1 0.376588 0.464352 0.036657 0.026852
1 0.386119 0.637963 0.084066 0.105556
1 0.420088 0.083333 0.039589 0.051852
1 0.426197 0.197685 0.016618 0.054630
1 0.522727 0.157407 0.036657 0.053704
1 0.668377 0.079630 0.026882 0.061111
1 0.633431 0.359722 0.020528 0.052778
1 0.704301 0.434259 0.042033 0.087037
1 0.744135 0.521296 0.032747 0.040741
1 0.731916 0.579167 0.036657 0.093519
1 0.759531 0.650000 0.024438 0.059259
1 0.740714 0.635648 0.021994 0.043519
0 0.816227 0.565278 0.113392 0.160185
1 0.876344 0.555093 0.018573 0.062037
0 0.816471 0.394907 0.059140 0.245370
0 0.807185 0.251389 0.158847 0.162037
0 0.824780 0.099074 0.099218 0.198148
1 0.543011 0.012037 0.023460 0.024074
1 0.556207 0.050926 0.031281 0.053704
1 0.507820 0.129167 0.016618 0.034259
1 0.583089 0.416204 0.014663 0.026852
1 0.519062 0.855556 0.068426 0.092593
1 0.687439 0.924537 0.027859 0.054630
0 0.787390 0.945370 0.130010 0.107407
0 0.791789 0.807870 0.102639 0.245370
1 0.823803 0.818981 0.054252 0.080556
1 0.883187 0.749537 0.092864 0.112037
1 0.946237 0.929167 0.029326 0.065741
1 0.969941 0.586111 0.058162 0.140741