0 0.530792 0.853704 0.265885 0.288889
0 0.579912 0.529630 0.178397 0.494444
0 0.524682 0.200926 0.065982 0.303704
0 0.535679 0.044444 0.018573 0.088889
1 0.785679 0.165741 0.034702 0.114815
1 0.561095 0.206481 0.043988 0.062963
1 0.465543 0.274537 0.035679 0.060185
1 0.485337 0.665278 0.026393 0.034259
1 0.476295 0.636574 0.021017 0.026852
1 0.312561 0.145833 0.039589 0.049074
1 0.271505 0.333796 0.023949 0.050926
1 0.080890 0.281019 0.033724 0.063889
1 0.090176 0.077315 0.038612 0.065741
1 0.192571 0.798148 0.017595 0.040741
1 0.433529 0.284259 0.023460 0.061111
1 0.467253 0.221296 0.028348 0.024074
1 0.798387 0.046759 0.022972 0.043519
1 0.935484 0.540741 0.048876 0.064815
1 0.604839 0.250000 0.020039 0.072222
1 0.728983 0.376852 0.035679 0.064815
1 0.700147 0.102315 0.015152 0.039815
1 0.941105 0.127778 0.024927 0.057407
1 0.990469 0.456019 0.013196 0.062037
1 0.951857 0.936574 0.027859 0.067593
1 0.721896 0.301852 0.031281 0.044444
1 0.461388 0.078241 0.025415 0.063889
1 0.053763 0.415278 0.020528 0.037963
1 0.149560 0.940278 0.022483 0.052778