1 0.453812 0.500463 0.021994 0.052778
1 0.315738 0.363426 0.054741 0.084259
1 0.376100 0.316667 0.024927 0.037037
1 0.252444 0.600926 0.051320 0.114815
1 0.237292 0.731019 0.025904 0.052778
1 0.245112 0.669444 0.052297 0.057407
1 0.773949 0.438426 0.041544 0.062037
1 0.749756 0.598148 0.037146 0.059259
1 0.935973 0.687037 0.036168 0.048148
1 0.945015 0.477778 0.035679 0.061111
1 0.964809 0.361574 0.019550 0.043519
1 0.904936 0.323148 0.022972 0.068519
1 0.346285 0.652778 0.014174 0.055556
1 0.010264 0.279167 0.017595 0.089815
1 0.099951 0.041204 0.033724 0.054630
1 0.565982 0.031019 0.018573 0.062037
1 0.130499 0.365741 0.048876 0.051852
1 0.012952 0.900926 0.016129 0.079630
1 0.108016 0.209722 0.026393 0.058333
1 0.069648 0.177778 0.043500 0.087037
0 0.495357 0.784722 0.269306 0.421296
0 0.544721 0.341667 0.126588 0.683333
1 0.593597 0.531481 0.012219 0.029630
1 0.627077 0.494907 0.033236 0.086111
1 0.592375 0.486111 0.036168 0.055556