1 0.033480 0.297685 0.044477 0.067593
1 0.056696 0.901852 0.036168 0.038889
0 0.239736 0.868056 0.152981 0.258333
1 0.455523 0.837963 0.036168 0.050000
1 0.451857 0.881944 0.027859 0.041667
1 0.495601 0.917130 0.031281 0.028704
1 0.165445 0.816667 0.018084 0.040741
1 0.228006 0.789352 0.020039 0.050926
1 0.281281 0.756019 0.023949 0.036111
1 0.666667 0.797685 0.016618 0.030556
0 0.760264 0.955556 0.062072 0.087037
0 0.780059 0.896759 0.087977 0.204630
0 0.791300 0.640278 0.133920 0.199074
0 0.801564 0.750926 0.139785 0.200000
0 0.777126 0.510648 0.113392 0.158333
0 0.815494 0.332870 0.121701 0.202778
0 0.805230 0.205556 0.095308 0.188889
0 0.799120 0.081944 0.150538 0.163889
1 0.963587 0.256944 0.028837 0.045370
1 0.830401 0.467593 0.039101 0.068519
1 0.924487 0.545833 0.026882 0.071296
1 0.987781 0.568519 0.021505 0.048148
1 0.840420 0.800926 0.078690 0.146296
1 0.626588 0.185648 0.045943 0.043519
1 0.297165 0.618519 0.027370 0.057407
1 0.214321 0.429167 0.074780 0.082407
1 0.283236 0.402315 0.056207 0.063889
1 0.214321 0.304167 0.025904 0.069444
0 0.233138 0.237963 0.130010 0.248148
0 0.242913 0.069907 0.160313 0.139815
1 0.465787 0.275926 0.021505 0.046296
1 0.560362 0.284722 0.021994 0.039815
1 0.566716 0.354630 0.021017 0.050000
1 0.536657 0.438889 0.025415 0.035185