1 0.616813 0.985185 0.007820 0.027778
1 0.671554 0.944444 0.041056 0.055556
1 0.175953 0.855556 0.032258 0.046296
1 0.641740 0.830093 0.015640 0.037963
1 0.011241 0.812500 0.020528 0.039815
1 0.984360 0.761111 0.030303 0.090741
1 0.347263 0.734722 0.024927 0.065741
1 0.148094 0.691204 0.014663 0.062037
1 0.760508 0.740278 0.058651 0.110185
1 0.057674 0.697685 0.028348 0.028704
1 0.898583 0.618519 0.023949 0.068519
1 0.283480 0.512500 0.005865 0.010185
1 0.672043 0.456481 0.037146 0.064815
1 0.956500 0.421296 0.020528 0.042593
1 0.915445 0.420833 0.040078 0.063889
1 0.787390 0.421759 0.037146 0.087963
1 0.959189 0.337963 0.031769 0.057407
1 0.137097 0.343981 0.027859 0.060185
1 0.009286 0.333796 0.018573 0.045370
1 0.705034 0.327778 0.037634 0.075926
1 0.832356 0.326389 0.037146 0.063889
1 0.169355 0.176389 0.024927 0.030556
1 0.755132 0.046296 0.018573 0.027778
1 0.077713 0.033796 0.019550 0.045370
1 0.292033 0.962037 0.023949 0.072222
1 0.419110 0.692130 0.025904 0.054630
1 0.365591 0.481019 0.040078 0.115741
1 0.346774 0.103704 0.029814 0.055556
0 0.435973 0.876389 0.331378 0.243519
0 0.501466 0.726389 0.301075 0.460185
0 0.463343 0.321759 0.356794 0.641667
0 0.534213 0.147685 0.201369 0.293519
1 0.732893 0.130093 0.016129 0.065741
1 0.978250 0.964352 0.014174 0.036111
1 0.968231 0.932407 0.044966 0.081481
1 0.955034 0.862963 0.026393 0.055556
1 0.971896 0.835648 0.030792 0.036111
1 0.968475 0.862037 0.023949 0.037037
1 0.945992 0.810648 0.024927 0.071296
1 0.791300 0.559259 0.063539 0.144444
1 0.825269 0.559259 0.025904 0.074074
1 0.815005 0.492130 0.068915 0.067593
1 0.848729 0.536111 0.018084 0.066667
1 0.980450 0.326852 0.022483 0.044444
1 0.989247 0.337500 0.020528 0.071296