1 0.180108 0.980093 0.009286 0.037963
1 0.892717 0.964815 0.031769 0.055556
1 0.832600 0.952778 0.034702 0.075926
1 0.782747 0.904167 0.013196 0.065741
1 0.794477 0.846759 0.018084 0.034259
1 0.907869 0.825000 0.012219 0.031481
1 0.273949 0.801852 0.016129 0.050000
1 0.037390 0.794444 0.009286 0.014815
1 0.436950 0.780556 0.031281 0.066667
1 0.407136 0.748148 0.037146 0.088889
1 0.294966 0.729630 0.057185 0.107407
1 0.905670 0.672222 0.025415 0.035185
1 0.098974 0.664815 0.017107 0.027778
1 0.440371 0.658796 0.025415 0.050926
1 0.182063 0.644444 0.016129 0.031481
1 0.726295 0.609259 0.017595 0.033333
1 0.392717 0.649074 0.043500 0.092593
0 0.968719 0.773148 0.061584 0.368519
1 0.725806 0.504630 0.014663 0.037037
1 0.905181 0.487500 0.022483 0.030556
1 0.877077 0.462037 0.016129 0.044444
1 0.573803 0.473148 0.020528 0.046296
1 0.104106 0.419444 0.037146 0.050000
1 0.401515 0.403241 0.020039 0.036111
1 0.955034 0.383796 0.018573 0.021296
1 0.887097 0.362500 0.029326 0.047222
0 0.525415 0.396759 0.049853 0.128704
1 0.095308 0.352315 0.014663 0.050926
1 0.892717 0.272685 0.025904 0.036111
1 0.073803 0.280556 0.011730 0.031481
1 0.802542 0.238426 0.014663 0.030556
1 0.141251 0.214352 0.020528 0.028704
1 0.993402 0.236111 0.012219 0.051852
1 0.932796 0.190741 0.009286 0.012963
1 0.662757 0.199074 0.028348 0.038889
1 0.235826 0.182407 0.017107 0.050000
1 0.309873 0.164815 0.017595 0.068519
1 0.670821 0.138889 0.022972 0.035185
1 0.754154 0.132870 0.016618 0.052778
1 0.886119 0.120370 0.019550 0.038889
1 0.409580 0.115741 0.060606 0.083333
1 0.134164 0.080093 0.018084 0.030556
1 0.901026 0.065278 0.009286 0.034259
1 0.928886 0.014815 0.017107 0.029630
1 0.563050 0.007407 0.029326 0.012963
1 0.144184 0.084259 0.017595 0.025926
1 0.172043 0.829167 0.043011 0.043519
1 0.177175 0.937500 0.027859 0.034259
1 0.129521 0.954167 0.038123 0.084259
1 0.339932 0.604630 0.030792 0.068519
1 0.457967 0.643981 0.011730 0.026852
1 0.460655 0.724074 0.020039 0.037037
1 0.454790 0.800000 0.022972 0.046296
1 0.380987 0.908333 0.013196 0.037037
1 0.260508 0.394444 0.039101 0.057407
1 0.302786 0.377778 0.058162 0.068519
1 0.404936 0.329167 0.065982 0.080556
1 0.402981 0.278241 0.035679 0.049074
1 0.389541 0.507407 0.012708 0.031481
1 0.274682 0.231019 0.011730 0.026852
1 0.183284 0.121296 0.018573 0.046296
1 0.440127 0.949074 0.016129 0.031481
0 0.529570 0.963426 0.123656 0.071296
1 0.566716 0.790278 0.015152 0.019444
1 0.574047 0.750000 0.009286 0.040741
0 0.520528 0.858796 0.085044 0.208333
1 0.569404 0.660648 0.012708 0.058333
1 0.593353 0.634722 0.011730 0.034259
0 0.527126 0.526389 0.057185 0.206481
1 0.512952 0.114352 0.027859 0.039815
0 0.522239 0.270833 0.054252 0.087963
0 0.518817 0.148611 0.047410 0.225000
1 0.576491 0.031481 0.033724 0.062963
1 0.597507 0.085185 0.032747 0.090741
1 0.614125 0.056481 0.015152 0.027778
1 0.627566 0.887500 0.020528 0.032407
1 0.673998 0.294907 0.021505 0.041667
1 0.657869 0.513426 0.023460 0.052778
1 0.666667 0.859722 0.035191 0.100926
1 0.672287 0.910185 0.012219 0.033333
1 0.679374 0.938889 0.020528 0.072222
1 0.688416 0.798611 0.017107 0.043519
1 0.714076 0.773611 0.010753 0.021296
1 0.803275 0.092593 0.022972 0.038889
1 0.828201 0.126852 0.023949 0.044444
1 0.836266 0.347685 0.044966 0.086111
1 0.768817 0.548148 0.010753 0.031481
1 0.764907 0.791204 0.017595 0.050926
1 0.891740 0.612963 0.016129 0.035185
0 0.983627 0.114815 0.030792 0.157407
0 0.989492 0.362500 0.019062 0.139815