0 0.778592 0.980093 0.033236 0.037963
1 0.368524 0.973611 0.080156 0.050926
1 0.923998 0.918056 0.151026 0.162037
1 0.979717 0.832870 0.039589 0.076852
1 0.438661 0.892130 0.067937 0.213889
1 0.917400 0.778704 0.072336 0.116667
1 0.315494 0.727778 0.027859 0.040741
0 0.371701 0.622685 0.088465 0.176852
1 0.577957 0.562963 0.034702 0.070370
0 0.749267 0.543981 0.132942 0.210185
1 0.362659 0.463889 0.090909 0.098148
1 0.967498 0.431481 0.054252 0.090741
1 0.900049 0.392130 0.019062 0.045370
1 0.217253 0.388426 0.042522 0.062037
1 0.510997 0.339352 0.019062 0.075000
1 0.104106 0.362963 0.041056 0.044444
1 0.601906 0.380556 0.021017 0.079630
1 0.991202 0.365278 0.016618 0.080556
1 0.691593 0.357407 0.049853 0.098148
1 0.987292 0.307870 0.021505 0.026852
1 0.448925 0.390741 0.094330 0.194444
1 0.363636 0.337037 0.067449 0.114815
1 0.967742 0.261574 0.018573 0.050926
1 0.934995 0.257407 0.041056 0.161111
1 0.442571 0.147685 0.040567 0.089815
1 0.635875 0.118519 0.011730 0.068519
1 0.660313 0.153241 0.021505 0.071296
1 0.591887 0.091667 0.037146 0.037037
1 0.314761 0.035185 0.060606 0.068519
1 0.466520 0.064352 0.040567 0.104630
1 0.591153 0.028704 0.064027 0.057407
1 0.046432 0.169907 0.073314 0.119444
1 0.119013 0.113426 0.080645 0.106481
1 0.037390 0.591667 0.047410 0.064815
1 0.250489 0.789352 0.158847 0.330556
1 0.349462 0.844907 0.095797 0.154630
1 0.264174 0.538426 0.102151 0.226852
0 0.252933 0.198148 0.141251 0.396296
1 0.481183 0.198611 0.073803 0.165741
1 0.506109 0.138426 0.030792 0.073148
1 0.502688 0.408333 0.024927 0.074074
1 0.498045 0.565741 0.102639 0.255556
1 0.490958 0.920370 0.101173 0.153704
1 0.537879 0.718981 0.065982 0.106481
1 0.603372 0.866204 0.122678 0.186111
1 0.672776 0.798148 0.046432 0.053704
1 0.639541 0.735648 0.061095 0.137963
1 0.596285 0.706019 0.027370 0.102778
1 0.579668 0.648611 0.049853 0.060185
1 0.564761 0.439352 0.059140 0.110185
1 0.619746 0.262500 0.063539 0.136111
1 0.623412 0.543056 0.027859 0.052778
1 0.647849 0.632407 0.030792 0.055556
1 0.666422 0.578241 0.048387 0.043519
0 0.799853 0.715278 0.108016 0.099074
0 0.802297 0.882407 0.118768 0.124074
1 0.848974 0.827315 0.075269 0.130556
1 0.953079 0.631019 0.089932 0.206481
1 0.881720 0.266204 0.093842 0.128704
0 0.801564 0.187037 0.105572 0.262963
1 0.765152 0.119907 0.054252 0.076852
0 0.784702 0.054630 0.064027 0.101852
1 0.896872 0.025926 0.029326 0.046296
1 0.938416 0.123611 0.062561 0.141667
1 0.931818 0.031481 0.029814 0.062963
1 0.952590 0.054167 0.037146 0.106481