0 0.762952 0.053704 0.147605 0.105556
1 0.690127 0.158333 0.037146 0.059259
1 0.693304 0.205556 0.035679 0.048148
1 0.757820 0.202315 0.049365 0.041667
1 0.704301 0.273611 0.048876 0.065741
1 0.803519 0.219444 0.026393 0.042593
1 0.827957 0.245370 0.038123 0.048148
1 0.859238 0.176852 0.033236 0.057407
1 0.874389 0.127778 0.034213 0.048148
1 0.959433 0.074074 0.043988 0.068519
1 0.988270 0.117130 0.017595 0.062037
1 0.968231 0.296759 0.031281 0.041667
1 0.980205 0.378241 0.033724 0.076852
1 0.967986 0.437500 0.053275 0.112037
1 0.978739 0.540741 0.035679 0.072222
1 0.951369 0.654167 0.022972 0.049074
1 0.918377 0.686111 0.026393 0.050000
1 0.934995 0.765278 0.024438 0.054630
1 0.954057 0.775000 0.025415 0.053704
1 0.950880 0.840741 0.026882 0.057407
1 0.917155 0.834722 0.028837 0.062037
1 0.928397 0.799074 0.018084 0.038889
1 0.867546 0.723611 0.047898 0.080556
1 0.848240 0.822222 0.025904 0.068519
1 0.850196 0.891667 0.046432 0.083333
1 0.891496 0.901852 0.031281 0.062963
1 0.935484 0.907870 0.037146 0.054630
1 0.970430 0.900926 0.021994 0.044444
1 0.989980 0.901389 0.014174 0.056481
1 0.990714 0.838889 0.012708 0.038889
1 0.847996 0.600926 0.037146 0.057407
1 0.824047 0.628241 0.055718 0.123148
1 0.603128 0.811574 0.033236 0.073148
1 0.656403 0.759722 0.037146 0.062037
1 0.674976 0.723611 0.060606 0.076852
1 0.692571 0.656019 0.039101 0.078704
1 0.648094 0.530556 0.037146 0.057407
1 0.684506 0.542130 0.037634 0.065741
1 0.594330 0.481481 0.031281 0.075926
1 0.492913 0.310648 0.034702 0.078704
1 0.542278 0.321759 0.047410 0.087963
1 0.539345 0.266204 0.021017 0.025000
1 0.483627 0.167593 0.034702 0.048148
1 0.520772 0.211574 0.032747 0.043519
1 0.419355 0.186111 0.050831 0.094444
1 0.459433 0.034722 0.031281 0.063889
1 0.483382 0.780556 0.042033 0.062963
1 0.366325 0.838889 0.058162 0.075926
0 0.230694 0.906481 0.112414 0.174074
1 0.255621 0.743981 0.097752 0.136111
0 0.273949 0.559722 0.158847 0.286111
0 0.252199 0.274537 0.104594 0.323148
1 0.287146 0.345370 0.037634 0.046296
1 0.288368 0.406481 0.028348 0.059259
1 0.268573 0.049537 0.071848 0.099074
1 0.307429 0.053704 0.019550 0.061111
1 0.366813 0.166667 0.023949 0.062963
1 0.350684 0.099074 0.026882 0.046296
1 0.409824 0.429630 0.021994 0.044444
1 0.019550 0.087037 0.036168 0.070370
1 0.012708 0.198611 0.024438 0.056481
1 0.022972 0.802315 0.045943 0.073148
1 0.016618 0.973148 0.030303 0.048148
1 0.428397 0.637500 0.031769 0.047222
1 0.261730 0.158333 0.027859 0.072222
1 0.718719 0.334259 0.040567 0.072222
1 0.660068 0.246759 0.030792 0.065741
1 0.662757 0.328241 0.036168 0.062037
1 0.688661 0.022222 0.029326 0.044444
1 0.751711 0.294907 0.023460 0.028704
0 0.783969 0.439815 0.166178 0.353704
0 0.762219 0.687963 0.108993 0.288889
1 0.834800 0.323148 0.034213 0.081481
1 0.919599 0.318519 0.038612 0.055556
1 0.474340 0.371296 0.041544 0.081481
1 0.374878 0.084259 0.015640 0.031481
1 0.577468 0.051389 0.027859 0.049074
1 0.561584 0.036111 0.020528 0.051852
1 0.536413 0.050463 0.040567 0.086111
1 0.498289 0.034259 0.017107 0.029630
1 0.592864 0.218056 0.021505 0.039815
1 0.589932 0.180093 0.044966 0.067593
1 0.561095 0.389352 0.038123 0.041667
1 0.532258 0.408333 0.032258 0.079630
1 0.528348 0.540278 0.013685 0.043519
1 0.544966 0.505093 0.039101 0.073148
1 0.696725 0.886111 0.021017 0.025926
1 0.686461 0.856019 0.027859 0.039815
1 0.709922 0.846296 0.033724 0.038889
1 0.724585 0.831944 0.021994 0.028704
1 0.776637 0.232407 0.019550 0.022222