1 0.827224 0.906019 0.019062 0.026852
1 0.478739 0.890741 0.008309 0.020370
1 0.012708 0.937037 0.025415 0.116667
1 0.934995 0.881944 0.019550 0.039815
1 0.732893 0.864815 0.010264 0.025926
1 0.697214 0.852315 0.012219 0.015741
1 0.587488 0.779630 0.009775 0.022222
1 0.547898 0.755093 0.008798 0.023148
1 0.941838 0.732870 0.015640 0.036111
1 0.069648 0.737500 0.015152 0.037963
1 0.299365 0.725000 0.010264 0.016667
1 0.588954 0.677315 0.009775 0.026852
1 0.099462 0.671296 0.029814 0.044444
1 0.579912 0.647685 0.012219 0.026852
1 0.819159 0.611111 0.007820 0.024074
1 0.823803 0.557407 0.026882 0.070370
1 0.543011 0.506481 0.017595 0.024074
1 0.032747 0.321296 0.019550 0.025926
1 0.913734 0.316204 0.008309 0.030556
1 0.390762 0.304167 0.015152 0.017593
1 0.823558 0.314815 0.027370 0.048148
1 0.517840 0.277315 0.012219 0.015741
1 0.800587 0.271296 0.012708 0.046296
1 0.995601 0.244444 0.007820 0.014815
1 0.338954 0.235648 0.017107 0.036111
0 0.575513 0.347222 0.135386 0.503704
1 0.546188 0.092593 0.009286 0.031481
1 0.167644 0.051389 0.016618 0.028704
0 0.596774 0.028241 0.010753 0.056481
0 0.598485 0.917593 0.104106 0.161111
0 0.579423 0.708333 0.171554 0.303704
1 0.855083 0.549074 0.014174 0.014815
1 0.808895 0.182870 0.022483 0.047222
1 0.812317 0.152778 0.016618 0.046296