1 0.252199 0.361111 0.049853 0.133333
1 0.015885 0.795370 0.031769 0.072222
1 0.177419 0.813426 0.016618 0.026852
1 0.285435 0.932407 0.106549 0.133333
1 0.380743 0.974074 0.021505 0.050000
1 0.425220 0.965278 0.011730 0.021296
0 0.540323 0.684259 0.084555 0.153704
1 0.701124 0.503704 0.087488 0.157407
1 0.706989 0.643056 0.120723 0.165741
1 0.659580 0.581944 0.010264 0.019444
1 0.650049 0.821296 0.012708 0.022222
1 0.724829 0.826389 0.013685 0.015741
1 0.703324 0.153241 0.037146 0.126852
1 0.752199 0.028241 0.043988 0.056481
1 0.798143 0.010185 0.012708 0.020370
1 0.836510 0.032407 0.023949 0.062963
1 0.897361 0.046296 0.089932 0.090741
1 0.906647 0.090278 0.119257 0.089815
1 0.907380 0.012963 0.023949 0.025926