0 0.227028 0.262500 0.183284 0.206481
0 0.210166 0.153241 0.160313 0.182407
0 0.247312 0.071296 0.135875 0.138889
1 0.249511 0.089815 0.098240 0.133333
1 0.009286 0.627315 0.016618 0.065741
0 0.234604 0.868519 0.092864 0.261111
1 0.110215 0.762500 0.024927 0.041667
1 0.112414 0.818981 0.020528 0.026852
1 0.164223 0.748148 0.028348 0.033333
1 0.190127 0.912963 0.027370 0.050000
0 0.227273 0.644444 0.217009 0.218519
1 0.167889 0.537500 0.075758 0.054630
0 0.251955 0.512963 0.166667 0.203704
1 0.214076 0.396759 0.031281 0.058333
1 0.413490 0.223611 0.017595 0.039815
1 0.419599 0.347685 0.043500 0.106481
1 0.419844 0.454167 0.015640 0.043519
1 0.406647 0.798611 0.027370 0.039815
1 0.418377 0.824074 0.017595 0.035185
1 0.450391 0.712500 0.019062 0.047222
1 0.625611 0.940278 0.038123 0.032407
1 0.647116 0.719907 0.033236 0.049074
1 0.670821 0.509722 0.059140 0.069444
1 0.711632 0.047685 0.022483 0.041667
0 0.771017 0.168981 0.101173 0.187963
0 0.782991 0.275926 0.149560 0.105556
0 0.764418 0.374074 0.150538 0.151852
0 0.757576 0.677778 0.076246 0.238889
1 0.810117 0.699537 0.023949 0.047222
1 0.890029 0.796296 0.037146 0.083333
1 0.926442 0.759259 0.035679 0.068519
0 0.753421 0.927315 0.125611 0.141667
1 0.803030 0.981944 0.083089 0.034259
1 0.955034 0.292130 0.025415 0.043519
1 0.941593 0.238889 0.023949 0.031481