1 0.141984 0.928704 0.012219 0.033333
1 0.032258 0.805556 0.029326 0.042593
1 0.223607 0.710185 0.022972 0.075926
1 0.555474 0.613889 0.016129 0.020370
1 0.571359 0.568981 0.010753 0.019444
1 0.396872 0.566204 0.031281 0.058333
1 0.320137 0.543981 0.011730 0.015741
1 0.025171 0.475463 0.013196 0.025000
1 0.257331 0.445833 0.009286 0.039815
1 0.069404 0.389352 0.017595 0.025000
1 0.175709 0.343056 0.010264 0.032407
1 0.008553 0.357407 0.017107 0.064815
1 0.102639 0.297685 0.012708 0.034259
1 0.216276 0.113889 0.013196 0.040741
1 0.274438 0.095833 0.008309 0.017593
1 0.347507 0.075463 0.008798 0.030556
1 0.432551 0.041667 0.007820 0.027778
1 0.659580 0.043056 0.023949 0.050926
1 0.963832 0.038426 0.008798 0.019444
1 0.591887 0.737963 0.020528 0.046296
1 0.586755 0.771296 0.021017 0.025926
1 0.433773 0.950463 0.056207 0.039815
0 0.543744 0.732407 0.346530 0.533333
0 0.574291 0.343981 0.435973 0.597222
0 0.555230 0.135648 0.217009 0.271296
1 0.049120 0.251389 0.098240 0.069444
1 0.088710 0.087037 0.177419 0.174074