0 0.440860 0.934259 0.211144 0.129630
1 0.957234 0.832407 0.021017 0.064815
1 0.717253 0.830093 0.026882 0.076852
1 0.031281 0.600463 0.049853 0.082407
1 0.130010 0.539352 0.008798 0.015741
1 0.012708 0.482407 0.025415 0.022222
1 0.141984 0.462500 0.010264 0.023148
1 0.138807 0.438889 0.009775 0.018519
1 0.856061 0.428704 0.025904 0.016667
1 0.779081 0.387963 0.011730 0.029630
1 0.009531 0.262037 0.019062 0.014815
1 0.983382 0.057407 0.006843 0.038889
1 0.703568 0.053704 0.041544 0.075926
0 0.521505 0.360648 0.253177 0.549074
0 0.550831 0.078704 0.190616 0.155556
0 0.536168 0.856019 0.268817 0.286111
0 0.592620 0.913426 0.073803 0.171296
1 0.041789 0.092593 0.083578 0.185185
1 0.278348 0.876389 0.042522 0.097222
1 0.274682 0.758333 0.023460 0.025926
1 0.656403 0.689352 0.035191 0.100926