1 0.111193 0.087037 0.017107 0.025926
1 0.120479 0.095833 0.019062 0.034259
1 0.049365 0.426389 0.010753 0.036111
1 0.033969 0.900926 0.036657 0.048148
1 0.005132 0.317130 0.010264 0.041667
1 0.195259 0.367593 0.025904 0.048148
1 0.217253 0.356481 0.032747 0.050000
1 0.225562 0.376389 0.031769 0.054630
1 0.199658 0.389815 0.012219 0.018519
1 0.228250 0.438889 0.020528 0.040741
1 0.283969 0.403241 0.016618 0.039815
1 0.297165 0.393056 0.022483 0.030556
1 0.261730 0.501389 0.041544 0.097222
1 0.282747 0.546759 0.014174 0.030556
0 0.259042 0.545370 0.029326 0.048148
1 0.253666 0.602315 0.030303 0.049074
1 0.278837 0.879630 0.030792 0.075926
0 0.257331 0.084722 0.073803 0.169444
0 0.234604 0.204630 0.122190 0.190741
0 0.215543 0.710648 0.142717 0.162037
1 0.199658 0.656481 0.023949 0.035185
1 0.291544 0.656019 0.020039 0.032407
0 0.225562 0.879630 0.080645 0.211111
0 0.220186 0.982870 0.070870 0.032407
1 0.357283 0.665278 0.014663 0.030556
1 0.389296 0.727315 0.017107 0.021296
1 0.401026 0.413426 0.014174 0.045370
1 0.497067 0.092130 0.020528 0.026852
1 0.500733 0.163889 0.027859 0.068519
1 0.494379 0.157870 0.019062 0.025000
1 0.507087 0.196759 0.029814 0.025000
1 0.510020 0.208796 0.012219 0.028704
1 0.498778 0.226389 0.017107 0.034259
1 0.519306 0.222222 0.015152 0.027778
1 0.483138 0.261574 0.020039 0.043519
1 0.472141 0.256944 0.014663 0.025000
1 0.446970 0.328241 0.012219 0.050926
1 0.436217 0.317593 0.015152 0.042593
1 0.471652 0.405556 0.010753 0.024074
1 0.468231 0.438426 0.015640 0.017593
1 0.478006 0.622222 0.024438 0.042593
1 0.499022 0.595370 0.024438 0.038889
1 0.481183 0.732407 0.021994 0.038889
1 0.485582 0.818981 0.020039 0.034259
1 0.521261 0.900463 0.027859 0.052778
1 0.535679 0.906019 0.024438 0.045370
1 0.542522 0.854630 0.016618 0.027778
1 0.554008 0.855093 0.015152 0.026852
1 0.535679 0.775000 0.022483 0.059259
1 0.525904 0.681019 0.024438 0.050926
1 0.540323 0.655093 0.007331 0.026852
1 0.524194 0.620833 0.035679 0.076852
1 0.549853 0.593056 0.013685 0.026852
1 0.570381 0.470833 0.015640 0.036111
1 0.554008 0.448148 0.027859 0.042593
1 0.522972 0.358333 0.020528 0.024074
1 0.548876 0.381019 0.031281 0.049074
1 0.570870 0.353704 0.017595 0.029630
1 0.560362 0.146296 0.030792 0.042593
1 0.527615 0.024537 0.017107 0.032407
1 0.547165 0.051389 0.014174 0.021296
1 0.567937 0.070833 0.015640 0.030556
1 0.577468 0.182870 0.026882 0.050926
1 0.590909 0.732870 0.014663 0.025000
1 0.626833 0.848611 0.027859 0.045370
1 0.663490 0.554630 0.058162 0.092593
1 0.672532 0.531481 0.025415 0.053704
1 0.645650 0.340278 0.032258 0.047222
1 0.713587 0.160185 0.014663 0.042593
1 0.677419 0.181481 0.017595 0.027778
1 0.715054 0.214815 0.029326 0.044444
1 0.706012 0.261574 0.018084 0.026852
1 0.688905 0.418056 0.079668 0.137963
1 0.713343 0.433796 0.037634 0.091667
1 0.723851 0.581019 0.007820 0.025000
1 0.834066 0.843519 0.025904 0.044444
1 0.823314 0.864815 0.018084 0.044444
1 0.798876 0.861111 0.017107 0.025926
1 0.855327 0.891204 0.012708 0.030556
1 0.776393 0.612037 0.016129 0.024074
1 0.828690 0.512500 0.024927 0.036111
1 0.831867 0.562963 0.017595 0.038889
1 0.809629 0.453241 0.021994 0.036111
1 0.833333 0.382407 0.020528 0.044444
1 0.851662 0.357870 0.015152 0.032407
1 0.817204 0.337500 0.013685 0.023148
1 0.784946 0.351852 0.014663 0.046296
1 0.775660 0.317593 0.026393 0.051852
1 0.800342 0.240278 0.010264 0.023148
1 0.845552 0.022222 0.018573 0.044444
1 0.861926 0.038889 0.020039 0.035185
1 0.954545 0.052778 0.026393 0.050000
1 0.920577 0.085648 0.021017 0.050926
1 0.939638 0.114815 0.018084 0.029630
1 0.937683 0.088889 0.019062 0.029630
1 0.960655 0.106481 0.047410 0.085185
1 0.974829 0.263889 0.027859 0.046296
1 0.941349 0.264352 0.030303 0.052778
1 0.951857 0.306481 0.031769 0.035185
1 0.944526 0.388889 0.029814 0.055556
1 0.919844 0.408333 0.020528 0.027778
1 0.954790 0.486574 0.020039 0.041667
1 0.929863 0.491667 0.021994 0.044444
1 0.938905 0.522685 0.014663 0.034259
1 0.936217 0.527778 0.021994 0.050000
1 0.952102 0.614352 0.021505 0.034259
1 0.956989 0.642130 0.007820 0.012037
1 0.987537 0.611111 0.021017 0.048148
1 0.995846 0.594907 0.007331 0.015741
1 0.928397 0.726852 0.022972 0.040741
1 0.968719 0.735648 0.016618 0.023148
1 0.970186 0.701852 0.034213 0.094444
1 0.965787 0.764352 0.016618 0.026852
1 0.943548 0.799074 0.028837 0.048148
1 0.964809 0.816667 0.018573 0.053704
1 0.904448 0.823148 0.015152 0.027778
1 0.918377 0.881944 0.021505 0.028704
1 0.956256 0.888426 0.017107 0.034259
1 0.994135 0.835648 0.010753 0.039815
0 0.764663 0.936111 0.133431 0.124074
1 0.744135 0.920833 0.027859 0.093519
0 0.750489 0.686111 0.086510 0.142593
1 0.700147 0.637037 0.038612 0.035185
1 0.767107 0.721296 0.025904 0.040741
0 0.748289 0.022685 0.098729 0.045370
1 0.699169 0.109722 0.020039 0.017593
0 0.752444 0.121296 0.133431 0.161111
0 0.742669 0.424537 0.087488 0.284259
0 0.732649 0.806944 0.099707 0.141667