0 0.224829 0.032870 0.190616 0.065741
1 0.208456 0.107407 0.026882 0.057407
1 0.254399 0.128241 0.107038 0.175000
1 0.149316 0.175463 0.050342 0.071296
0 0.225562 0.357407 0.233138 0.351852
1 0.048876 0.567593 0.096774 0.153704
0 0.223851 0.664352 0.065494 0.176852
0 0.224585 0.795370 0.080645 0.090741
0 0.252199 0.925000 0.102639 0.146296
0 0.774194 0.056481 0.036168 0.112963
0 0.767107 0.212500 0.139296 0.163889
1 0.810117 0.189815 0.107038 0.227778
1 0.675464 0.306019 0.034213 0.065741
1 0.638319 0.502778 0.038123 0.062963
0 0.744868 0.540278 0.078201 0.152778
0 0.770772 0.812037 0.115347 0.264815
1 0.782747 0.933333 0.078690 0.127778
1 0.923265 0.308796 0.033236 0.075000
1 0.906403 0.256019 0.017107 0.071296
1 0.917155 0.225926 0.018084 0.053704
1 0.982893 0.904167 0.033236 0.119444
1 0.889296 0.648148 0.030792 0.053704
1 0.567204 0.497685 0.042522 0.062037
1 0.557674 0.562037 0.038123 0.046296