1 0.298876 0.981944 0.013196 0.023148
1 0.699413 0.968056 0.014663 0.023148
1 0.163734 0.943519 0.015640 0.024074
1 0.006354 0.936111 0.012708 0.024074
1 0.803519 0.821759 0.009775 0.021296
1 0.224096 0.862500 0.171554 0.273148
1 0.363392 0.675463 0.025904 0.050926
1 0.618524 0.649074 0.010264 0.020370
0 0.493402 0.780556 0.151026 0.283333
1 0.293744 0.618519 0.009775 0.016667
1 0.724829 0.603241 0.035191 0.056481
1 0.087243 0.543981 0.026882 0.039815
1 0.809140 0.441667 0.013196 0.046296
1 0.405670 0.428241 0.065494 0.089815
1 0.065738 0.368519 0.021017 0.031481
1 0.071114 0.225463 0.011241 0.013889
1 0.097752 0.270370 0.079179 0.142593
1 0.493646 0.171759 0.014663 0.025000
1 0.500244 0.041667 0.012219 0.027778
1 0.578201 0.012963 0.013685 0.022222
1 0.220919 0.020370 0.068426 0.040741
1 0.059384 0.617593 0.008309 0.018519
1 0.335777 0.275000 0.006843 0.016667
1 0.368524 0.252778 0.003910 0.016667
1 0.208944 0.137963 0.013196 0.022222
1 0.207234 0.162037 0.007820 0.020370
1 0.496823 0.179630 0.008309 0.012963
1 0.587977 0.888426 0.029326 0.060185
1 0.644673 0.862963 0.027370 0.057407
1 0.599951 0.687037 0.008309 0.029630
1 0.564516 0.045370 0.011730 0.016667
1 0.595064 0.065278 0.005376 0.013889
1 0.782747 0.151852 0.034702 0.046296
1 0.836999 0.167593 0.022972 0.033333
1 0.756598 0.949537 0.006843 0.015741
0 0.539834 0.115278 0.082600 0.230556
0 0.515152 0.291204 0.154448 0.456481