0 0.262952 0.052778 0.112414 0.105556
1 0.201857 0.773148 0.098729 0.120370
1 0.163490 0.542130 0.018084 0.034259
0 0.270772 0.939815 0.125122 0.116667
1 0.351906 0.958333 0.055718 0.079630
1 0.310362 0.673611 0.032258 0.095370
1 0.712366 0.790278 0.019062 0.032407
0 0.821114 0.973148 0.069404 0.050000
1 0.829179 0.656019 0.169599 0.280556
0 0.787390 0.399537 0.080156 0.189815
0 0.790811 0.205556 0.126100 0.237037
0 0.796921 0.099537 0.152981 0.199074
1 0.859726 0.384259 0.118280 0.181481
1 0.936706 0.266667 0.017107 0.031481
1 0.932551 0.368519 0.015640 0.046296
1 0.887830 0.801852 0.015152 0.029630