1 0.805230 0.918056 0.059140 0.154630
1 0.785679 0.345370 0.034702 0.077778
0 0.597752 0.814815 0.204301 0.362963
0 0.667889 0.580556 0.146139 0.524074
0 0.620235 0.336574 0.182796 0.671296
0 0.573314 0.941667 0.078201 0.112963
1 0.481427 0.162963 0.025415 0.079630
1 0.504154 0.171759 0.026882 0.063889
1 0.126100 0.042593 0.047898 0.048148
1 0.158602 0.947222 0.196970 0.103704
1 0.032991 0.926389 0.065982 0.145370
1 0.055718 0.343519 0.111437 0.418519
1 0.444282 0.564352 0.235582 0.223148
1 0.313539 0.550926 0.031769 0.077778
1 0.131476 0.413426 0.260020 0.547222
1 0.411779 0.735185 0.255621 0.203704
1 0.231672 0.443981 0.041056 0.091667
1 0.299120 0.174074 0.043011 0.085185
1 0.205034 0.513426 0.053275 0.049074
1 0.258309 0.305556 0.026882 0.037037
1 0.071359 0.815741 0.142717 0.259259
1 0.726540 0.086111 0.066960 0.172222
1 0.187439 0.647685 0.144184 0.130556