1 0.017840 0.166667 0.035679 0.122222
1 0.061584 0.221296 0.013685 0.011111
1 0.060117 0.301852 0.043011 0.085185
1 0.019306 0.335648 0.038612 0.097222
1 0.022239 0.858796 0.044477 0.049074
1 0.060850 0.847685 0.009286 0.017593
1 0.092131 0.888889 0.011241 0.025926
1 0.133187 0.663889 0.020039 0.033333
1 0.086266 0.660648 0.022972 0.052778
1 0.169355 0.676389 0.021994 0.028704
1 0.396872 0.099537 0.009775 0.025000
1 0.338954 0.255556 0.010264 0.018519
1 0.378788 0.551389 0.008798 0.017593
0 0.591153 0.077315 0.118768 0.154630
1 0.543500 0.187963 0.071359 0.088889
1 0.530303 0.313889 0.002933 0.012963
1 0.593597 0.482407 0.013196 0.020370
0 0.617546 0.342130 0.243891 0.412037
0 0.590665 0.702778 0.236070 0.290741
1 0.911046 0.647685 0.007820 0.015741
1 0.905425 0.589352 0.020039 0.017593
0 0.773705 0.031944 0.016618 0.063889
1 0.550587 0.316667 0.010264 0.018519
1 0.565005 0.302315 0.009775 0.015741