1 0.549853 0.982407 0.031281 0.033333
1 0.448925 0.982407 0.017107 0.033333
0 0.331867 0.972685 0.117302 0.052778
1 0.108260 0.853704 0.058162 0.090741
1 0.021750 0.800000 0.043500 0.038889
1 0.641496 0.828704 0.044477 0.105556
1 0.669110 0.738889 0.014663 0.027778
1 0.180352 0.699537 0.014663 0.030556
1 0.576491 0.629167 0.012219 0.023148
1 0.377077 0.604630 0.009286 0.027778
1 0.665445 0.561111 0.012219 0.018519
1 0.615591 0.556944 0.015152 0.050926
1 0.492669 0.394907 0.016618 0.010185
1 0.558895 0.394907 0.027859 0.097222
1 0.618280 0.350000 0.016618 0.038889
1 0.752199 0.331019 0.010753 0.025000
0 0.282991 0.356944 0.100684 0.212037
1 0.068671 0.167593 0.021994 0.081481
1 0.060362 0.331019 0.019062 0.030556
1 0.148827 0.378241 0.021994 0.041667
1 0.220919 0.110648 0.025415 0.045370
0 0.297410 0.162500 0.155914 0.149074
0 0.302786 0.055093 0.089443 0.110185
1 0.317937 0.095370 0.039589 0.033333
0 0.261486 0.644444 0.131965 0.224074
0 0.272972 0.538426 0.077713 0.130556
1 0.321114 0.552778 0.023460 0.057407
1 0.315494 0.699537 0.011241 0.032407
1 0.379765 0.460185 0.059629 0.051852
0 0.269306 0.879630 0.143695 0.211111
1 0.341642 0.800926 0.040078 0.075926
1 0.232893 0.950926 0.034702 0.050000
1 0.537634 0.049074 0.028348 0.033333
1 0.533236 0.143056 0.043988 0.089815
1 0.467253 0.317130 0.018573 0.030556
1 0.532502 0.317130 0.021994 0.041667
1 0.478739 0.199074 0.022972 0.025926
1 0.578935 0.313426 0.014174 0.041667
1 0.451613 0.424074 0.019550 0.055556
1 0.502444 0.438426 0.031281 0.045370
1 0.478250 0.720370 0.028837 0.051852
1 0.497067 0.781019 0.043988 0.037963
1 0.564272 0.767130 0.036657 0.047222
1 0.547898 0.980093 0.018573 0.028704
1 0.664712 0.914352 0.027370 0.067593
1 0.679130 0.100000 0.058162 0.137037
1 0.693548 0.193519 0.024438 0.050000
1 0.706745 0.259722 0.016618 0.036111
1 0.773949 0.195370 0.051320 0.077778
0 0.823069 0.074537 0.086999 0.149074
1 0.873412 0.020833 0.043011 0.039815
1 0.964321 0.059722 0.042033 0.119444
1 0.985093 0.194444 0.021017 0.064815
1 0.991935 0.138426 0.013196 0.058333
0 0.822336 0.195833 0.065982 0.154630
0 0.836022 0.342130 0.117791 0.215741
1 0.726784 0.431481 0.020528 0.044444
1 0.868280 0.470370 0.035679 0.085185
0 0.822092 0.465741 0.089932 0.122222
1 0.750489 0.633333 0.135386 0.327778
0 0.826491 0.580556 0.092864 0.190741
0 0.834555 0.752778 0.116813 0.157407
0 0.815005 0.896296 0.083578 0.205556
1 0.758798 0.891667 0.032747 0.059259
1 0.752199 0.926389 0.015640 0.023148
1 0.955034 0.962963 0.035191 0.070370
1 0.956012 0.886574 0.018573 0.037963
1 0.985093 0.823611 0.021994 0.047222