1 0.803275 0.386111 0.084555 0.114815
1 0.918377 0.108333 0.038123 0.074074
1 0.687439 0.550463 0.054252 0.119444
1 0.647849 0.471296 0.024927 0.079630
1 0.577713 0.382407 0.074291 0.135185
1 0.541789 0.319907 0.069892 0.075000
1 0.571114 0.492593 0.052297 0.112963
1 0.244868 0.329630 0.080156 0.146296
1 0.282502 0.118519 0.028348 0.068519
1 0.229228 0.043056 0.062561 0.086111
1 0.028837 0.275926 0.052786 0.259259
1 0.154692 0.452315 0.063050 0.063889
1 0.228006 0.685648 0.058162 0.108333
1 0.253910 0.833333 0.059140 0.077778
1 0.057429 0.765741 0.034702 0.059259
1 0.090909 0.497685 0.043988 0.043519
1 0.882698 0.978704 0.054741 0.033333
0 0.617058 0.917130 0.099218 0.160185
1 0.896872 0.781481 0.020528 0.070370
0 0.532258 0.132407 0.269795 0.264815
0 0.512219 0.687037 0.303030 0.425926
0 0.466276 0.793519 0.182796 0.400000