1 0.022972 0.709722 0.016618 0.026852
1 0.029570 0.811574 0.035679 0.049074
1 0.132942 0.964352 0.013685 0.017593
1 0.211388 0.083333 0.003421 0.018519
1 0.238025 0.075926 0.007820 0.018519
1 0.177419 0.381944 0.006843 0.026852
1 0.206500 0.283796 0.011241 0.028704
1 0.335288 0.589352 0.214076 0.234259
1 0.406647 0.718056 0.006843 0.023148
1 0.452835 0.543981 0.011241 0.012037
1 0.404203 0.335185 0.022483 0.088889
1 0.475073 0.358333 0.014663 0.050000
1 0.480205 0.370370 0.009286 0.014815
1 0.507331 0.578704 0.013685 0.020370
1 0.536168 0.594907 0.034213 0.049074
0 0.532502 0.064352 0.231183 0.128704
0 0.473118 0.714352 0.241447 0.567593
1 0.788123 0.119444 0.021994 0.044444
1 0.772727 0.133333 0.015640 0.022222
1 0.728495 0.030556 0.012219 0.014815
1 0.693304 0.443519 0.008309 0.012963
1 0.750244 0.846296 0.030303 0.057407
1 0.674976 0.988426 0.017595 0.021296
1 0.797410 0.978704 0.006354 0.038889
1 0.727028 0.931944 0.009286 0.017593
1 0.826491 0.620370 0.008798 0.005556
1 0.920332 0.868056 0.028348 0.071296
1 0.920332 0.554167 0.006843 0.017593
1 0.966276 0.400000 0.037146 0.081481
1 0.895406 0.019907 0.019550 0.039815
1 0.942082 0.098611 0.077713 0.125000
1 0.612170 0.751852 0.004399 0.024074
1 0.089198 0.784259 0.020039 0.014815
1 0.026393 0.581481 0.010753 0.025926
1 0.569892 0.279630 0.024438 0.037037