1 0.449413 0.201389 0.026882 0.058333
1 0.466520 0.276852 0.018084 0.025926
1 0.505865 0.338426 0.013685 0.032407
1 0.443304 0.326389 0.024438 0.043519
1 0.448436 0.391667 0.010264 0.031481
1 0.381476 0.233333 0.013196 0.012963
1 0.567693 0.443056 0.045455 0.087963
1 0.580156 0.410648 0.015640 0.030556
1 0.572092 0.659259 0.012219 0.025926
1 0.584066 0.705093 0.016618 0.034259
1 0.562072 0.798611 0.032258 0.058333
1 0.451613 0.754630 0.020528 0.037037
1 0.573314 0.928241 0.023460 0.037963
1 0.576979 0.976389 0.014174 0.030556
1 0.492669 0.951852 0.022483 0.020370
1 0.670577 0.870833 0.006843 0.010185
1 0.704057 0.756481 0.017107 0.024074
1 0.707967 0.983333 0.038612 0.031481
1 0.776393 0.902315 0.016129 0.034259
1 0.695748 0.071296 0.020039 0.027778
1 0.766373 0.045370 0.010753 0.018519
1 0.709922 0.049537 0.009286 0.019444
1 0.821603 0.926852 0.011730 0.027778
1 0.848974 0.887500 0.018573 0.036111
1 0.817937 0.980556 0.027859 0.035185
1 0.932063 0.885648 0.019550 0.045370
1 0.924487 0.730556 0.035679 0.070370
1 0.920088 0.443056 0.020039 0.032407
1 0.918866 0.472222 0.012708 0.022222
1 0.991935 0.518519 0.015152 0.077778
1 0.217253 0.010185 0.018084 0.020370
1 0.229717 0.125000 0.027370 0.051852
1 0.205279 0.494444 0.073314 0.207407
1 0.093842 0.457407 0.005865 0.012963
1 0.209433 0.815278 0.066960 0.162037
1 0.293011 0.846296 0.018084 0.025926
1 0.277126 0.861111 0.010753 0.025926
1 0.244868 0.806019 0.022483 0.045370
1 0.257331 0.795370 0.022972 0.042593
1 0.398827 0.768056 0.047898 0.104630
1 0.370235 0.764352 0.021994 0.037963
1 0.351906 0.720833 0.055718 0.062037
1 0.349707 0.522685 0.027859 0.034259
1 0.371212 0.477778 0.021017 0.020370
1 0.338954 0.458333 0.015152 0.025926
1 0.439394 0.554630 0.020528 0.044444
1 0.500489 0.612963 0.014663 0.031481
1 0.535191 0.530556 0.017595 0.024074
1 0.552297 0.544444 0.013685 0.022222
1 0.850440 0.984259 0.063539 0.029630
1 0.947703 0.911574 0.101662 0.171296
1 0.818426 0.478704 0.032747 0.055556
0 0.793255 0.454167 0.149560 0.139815
0 0.816716 0.556019 0.140762 0.234259
0 0.828446 0.073148 0.132942 0.146296
0 0.278348 0.908796 0.134409 0.180556
0 0.274682 0.568981 0.136852 0.212037
0 0.289345 0.719444 0.172043 0.205556
0 0.274927 0.345833 0.124633 0.206481
1 0.222385 0.312963 0.012708 0.025926
0 0.287879 0.220833 0.093842 0.278704
1 0.260997 0.170833 0.021505 0.015741
0 0.282014 0.094907 0.083089 0.158333
1 0.304497 0.080556 0.018573 0.025926
1 0.318182 0.077315 0.011730 0.028704
1 0.310362 0.061574 0.132942 0.123148
1 0.360948 0.231944 0.014174 0.028704