1 0.451124 0.914815 0.033236 0.059259
0 0.243402 0.894444 0.173021 0.179630
1 0.482160 0.796296 0.021994 0.042593
1 0.459433 0.750926 0.031281 0.087037
1 0.374145 0.704167 0.020039 0.047222
1 0.530547 0.705093 0.013196 0.052778
1 0.447214 0.668981 0.028348 0.069444
1 0.511486 0.450000 0.017107 0.050000
1 0.888807 0.424074 0.015152 0.070370
1 0.831378 0.426389 0.012708 0.041667
1 0.391740 0.369444 0.025904 0.070370
1 0.989003 0.313889 0.017107 0.062963
1 0.355816 0.159722 0.031281 0.080556
1 0.763685 0.032407 0.021017 0.050000
1 0.097263 0.225000 0.016618 0.022222
1 0.006843 0.268981 0.013685 0.021296
1 0.045943 0.236111 0.026393 0.051852
1 0.306452 0.208796 0.024438 0.012037
1 0.321848 0.223148 0.024927 0.044444
0 0.262952 0.112963 0.066471 0.177778
0 0.233138 0.683333 0.153470 0.220370
0 0.248289 0.574537 0.044966 0.191667
0 0.229472 0.329167 0.184262 0.215741
0 0.218231 0.487037 0.079668 0.190741
1 0.007331 0.874074 0.012708 0.022222
1 0.523705 0.895370 0.022972 0.055556
1 0.521261 0.941204 0.023949 0.049074
1 0.656891 0.814815 0.030303 0.044444
1 0.695748 0.813889 0.026882 0.044444
1 0.723118 0.789815 0.015152 0.029630
1 0.661779 0.762963 0.037146 0.050000
1 0.674487 0.706944 0.041056 0.037963
1 0.671799 0.671759 0.026882 0.023148
1 0.660802 0.527778 0.025415 0.035185
1 0.512952 0.600463 0.014174 0.043519
1 0.423509 0.100463 0.011241 0.052778
1 0.529814 0.304630 0.034213 0.048148
1 0.541544 0.261111 0.033236 0.053704
1 0.665689 0.264352 0.051808 0.158333
1 0.530792 0.149074 0.026393 0.051852
1 0.564027 0.149537 0.026393 0.034259
1 0.573803 0.180093 0.031281 0.032407
1 0.859971 0.061574 0.028837 0.025000
1 0.950391 0.159259 0.029814 0.040741
1 0.839687 0.084259 0.015640 0.035185
1 0.754643 0.125463 0.017595 0.050926
0 0.771750 0.168519 0.173021 0.198148
0 0.761486 0.293056 0.151515 0.165741
1 0.711632 0.337500 0.034213 0.041667
1 0.767107 0.383333 0.040567 0.042593
1 0.948436 0.476852 0.024927 0.042593
0 0.765396 0.472222 0.091887 0.181481
0 0.750978 0.623611 0.109971 0.239815
1 0.685728 0.597685 0.027370 0.030556
1 0.937439 0.586574 0.021505 0.050926
1 0.961632 0.605556 0.032747 0.038889
1 0.986070 0.600463 0.017107 0.036111
1 0.989980 0.625926 0.015152 0.033333
1 0.990225 0.575926 0.006843 0.020370
1 0.934018 0.664352 0.015640 0.023148
1 0.909335 0.729167 0.028837 0.049074
1 0.939883 0.733796 0.018573 0.028704
1 0.968475 0.835185 0.022972 0.044444
1 0.970674 0.796759 0.026393 0.050926
1 0.990714 0.800000 0.011730 0.022222
1 0.861437 0.765741 0.031769 0.062963
1 0.838465 0.762500 0.017107 0.043519
0 0.793500 0.866667 0.154936 0.194444
0 0.790567 0.965278 0.051320 0.067593