1 0.913490 0.984259 0.008798 0.029630
1 0.923509 0.890278 0.032747 0.078704
0 0.991202 0.712963 0.016618 0.066667
1 0.932063 0.674074 0.031281 0.085185
1 0.916667 0.578704 0.017107 0.048148
0 0.982649 0.611574 0.033724 0.125000
1 0.863392 0.261111 0.025904 0.070370
1 0.925220 0.041204 0.042033 0.082407
1 0.405670 0.018056 0.027370 0.036111
1 0.087977 0.151852 0.032258 0.090741
1 0.121701 0.084722 0.041056 0.047222
1 0.193060 0.096759 0.026393 0.041667
1 0.209677 0.361111 0.040078 0.042593
1 0.176442 0.437963 0.025415 0.040741
1 0.187683 0.678241 0.024438 0.084259
1 0.295210 0.206019 0.016618 0.065741
1 0.306452 0.248611 0.044966 0.058333
1 0.429863 0.859722 0.024927 0.047222
1 0.390029 0.840278 0.011730 0.036111
1 0.329668 0.755556 0.028837 0.038889
1 0.473118 0.529167 0.036168 0.047222
1 0.466031 0.574074 0.022972 0.037037
1 0.550098 0.986111 0.039589 0.025926
1 0.479717 0.982407 0.020039 0.033333
0 0.505376 0.649537 0.103617 0.089815
0 0.538368 0.775463 0.099218 0.367593
1 0.570137 0.725463 0.035679 0.067593
0 0.542522 0.516204 0.085044 0.275000
0 0.528348 0.368981 0.102639 0.239815
1 0.467009 0.358333 0.023949 0.085185
1 0.467498 0.332870 0.032747 0.017593
0 0.564272 0.166667 0.125611 0.188889
0 0.560362 0.050000 0.070870 0.100000
1 0.579912 0.118519 0.021994 0.061111
1 0.637586 0.485648 0.051320 0.097222
1 0.763441 0.833796 0.037146 0.037963
1 0.698680 0.841667 0.040567 0.035185
1 0.666667 0.786111 0.015640 0.044444
1 0.658358 0.820833 0.030303 0.149074
1 0.638563 0.957870 0.026882 0.067593
0 0.974585 0.388889 0.049853 0.074074
1 0.928152 0.170370 0.064516 0.081481
0 0.974340 0.176852 0.049365 0.135185
1 0.981427 0.010648 0.035191 0.021296
1 0.947458 0.456481 0.025904 0.096296
0 0.976784 0.905093 0.045455 0.121296
0 0.957478 0.794907 0.084066 0.102778