1 0.046188 0.056019 0.015152 0.028704
1 0.003177 0.106019 0.006354 0.019444
1 0.037879 0.012500 0.035679 0.025000
1 0.172776 0.235648 0.023949 0.050926
1 0.189150 0.306481 0.016618 0.031481
1 0.144184 0.382870 0.040078 0.091667
1 0.112903 0.467130 0.051808 0.039815
1 0.054741 0.627778 0.015640 0.059259
1 0.055718 0.687963 0.018573 0.016667
1 0.097263 0.697685 0.009775 0.017593
1 0.197214 0.107870 0.021994 0.069444
1 0.221163 0.099074 0.039589 0.092593
1 0.233382 0.508333 0.038612 0.066667
1 0.231916 0.632407 0.022972 0.064815
1 0.233138 0.955556 0.013685 0.024074
1 0.226051 0.990741 0.025904 0.016667
1 0.003910 0.988426 0.006843 0.021296
1 0.096530 0.927778 0.193060 0.142593
1 0.043988 0.868519 0.087977 0.120370
1 0.041544 0.812500 0.083089 0.095370
1 0.005132 0.767130 0.010264 0.013889
1 0.083333 0.339815 0.165689 0.538889
1 0.083089 0.553241 0.128055 0.191667
1 0.392229 0.078704 0.023949 0.088889
1 0.414712 0.097685 0.029814 0.065741
1 0.468475 0.273611 0.015152 0.069444
1 0.361193 0.494444 0.244379 0.253704
1 0.903715 0.028704 0.030303 0.057407
1 0.950880 0.013889 0.021017 0.025926
1 0.706256 0.255556 0.049853 0.074074
1 0.794966 0.955093 0.070870 0.087963
1 0.891007 0.902778 0.010753 0.031481
1 0.739247 0.837963 0.068915 0.174074
1 0.745112 0.449537 0.020039 0.032407
1 0.622923 0.212963 0.028837 0.061111
1 0.636608 0.045833 0.065982 0.089815
1 0.618524 0.776852 0.007331 0.029630
1 0.469941 0.918056 0.014174 0.030556
0 0.500489 0.873611 0.126100 0.249074
1 0.471408 0.781019 0.016129 0.034259
1 0.337488 0.704630 0.280059 0.264815
1 0.272727 0.736111 0.017595 0.014815
1 0.350929 0.887963 0.010753 0.014815
0 0.492669 0.257407 0.240469 0.512963
0 0.545699 0.473148 0.213587 0.470370
1 0.557429 0.637500 0.014174 0.019444
0 0.529814 0.755556 0.185728 0.487037
0 0.593842 0.965741 0.012708 0.066667
1 0.569404 0.387963 0.026393 0.055556
1 0.559140 0.388889 0.014663 0.044444