1 0.020772 0.375000 0.033724 0.070370
1 0.020772 0.425463 0.040567 0.056481
1 0.091153 0.531019 0.020039 0.039815
1 0.093597 0.623611 0.024927 0.056481
1 0.087243 0.679630 0.048387 0.066667
1 0.056696 0.787037 0.032258 0.024074
1 0.027370 0.845370 0.017595 0.033333
1 0.142229 0.952778 0.017595 0.025926
1 0.195503 0.379167 0.009775 0.015741
1 0.057185 0.078704 0.010753 0.016667
1 0.092864 0.126389 0.006843 0.021296
1 0.247312 0.256481 0.007820 0.011111
1 0.306207 0.744444 0.008309 0.014815
1 0.337243 0.694907 0.014663 0.028704
1 0.373167 0.715741 0.012219 0.016667
1 0.529326 0.622685 0.055718 0.060185
1 0.554008 0.539352 0.011241 0.017593
1 0.515885 0.424537 0.022972 0.069444
1 0.510264 0.504630 0.079179 0.094444
1 0.558895 0.412037 0.029814 0.083333
1 0.571359 0.453704 0.011730 0.022222
1 0.608749 0.470370 0.016129 0.037037
0 0.513930 0.081481 0.126588 0.162963
1 0.885630 0.181481 0.021505 0.046296
1 0.895650 0.587500 0.015152 0.037963
1 0.909091 0.920833 0.018573 0.045370
1 0.780059 0.881481 0.009775 0.020370
0 0.568671 0.831019 0.165689 0.336111
1 0.336999 0.872685 0.015152 0.021296