1 0.046676 0.989352 0.021994 0.019444
1 0.476295 0.786574 0.047410 0.067593
0 0.812317 0.868519 0.182796 0.261111
1 0.995601 0.742130 0.007820 0.032407
1 0.589687 0.660185 0.009286 0.029630
0 0.278592 0.715741 0.166178 0.172222
1 0.403470 0.571296 0.016129 0.016667
1 0.467009 0.536111 0.021994 0.038889
1 0.566227 0.507407 0.017107 0.037037
1 0.890762 0.388889 0.020039 0.020370
1 0.161290 0.361574 0.008798 0.021296
1 0.892717 0.269444 0.020039 0.044444
1 0.910313 0.225463 0.031769 0.036111
1 0.709922 0.125000 0.036657 0.062963
1 0.945503 0.100926 0.017107 0.033333
1 0.571114 0.025926 0.040567 0.051852
1 0.295943 0.508796 0.028837 0.043519
1 0.277859 0.275000 0.028837 0.051852
1 0.349707 0.412037 0.015152 0.044444
1 0.314272 0.386574 0.053763 0.115741
0 0.304497 0.269907 0.104594 0.232407
0 0.294477 0.138426 0.172532 0.276852
1 0.724829 0.373148 0.027370 0.035185
1 0.764907 0.268056 0.015640 0.047222
1 0.893939 0.587963 0.028348 0.064815
1 0.850929 0.656944 0.035191 0.076852
0 0.840665 0.508333 0.149560 0.259259
1 0.844330 0.366204 0.021017 0.047222
0 0.841887 0.234722 0.108016 0.252778
0 0.853128 0.063889 0.041544 0.125926
0 0.896383 0.012500 0.019550 0.025000
1 0.905670 0.143056 0.036168 0.082407