1 0.005621 0.637963 0.011241 0.044444
1 0.031036 0.189815 0.062072 0.101852
1 0.048387 0.096759 0.040078 0.063889
1 0.263930 0.259722 0.052786 0.050926
1 0.362414 0.116667 0.010264 0.020370
1 0.299365 0.752315 0.008309 0.017593
1 0.075269 0.776852 0.008798 0.018519
1 0.981427 0.523611 0.014663 0.017593
1 0.776393 0.013889 0.021994 0.020370
1 0.810606 0.036574 0.023949 0.047222
1 0.694282 0.378704 0.041544 0.090741
1 0.725318 0.675000 0.059629 0.114815
1 0.715543 0.630093 0.034213 0.062037
0 0.535191 0.139815 0.085044 0.279630
0 0.525415 0.301852 0.228739 0.479630
0 0.505376 0.768056 0.205279 0.389815
0 0.493402 0.877315 0.181329 0.243519