1 0.311584 0.026852 0.029814 0.053704
1 0.076491 0.173148 0.023949 0.142593
1 0.024194 0.159259 0.045455 0.025926
1 0.011486 0.724074 0.017107 0.022222
1 0.207478 0.272685 0.021994 0.050926
1 0.286657 0.418056 0.045455 0.041667
0 0.530059 0.193056 0.108993 0.380556
1 0.774438 0.132407 0.050342 0.105556
0 0.788856 0.303241 0.125122 0.204630
1 0.714076 0.350463 0.041056 0.104630
1 0.879032 0.350463 0.024927 0.043519
1 0.988759 0.409722 0.016618 0.043519
1 0.708211 0.681019 0.054741 0.087963
1 0.839687 0.817593 0.038123 0.103704
1 0.603128 0.764815 0.025415 0.072222
1 0.569404 0.641204 0.028348 0.043519
1 0.556207 0.560648 0.043011 0.047222
1 0.538612 0.942130 0.040078 0.110185
1 0.281281 0.964352 0.025904 0.062037
1 0.428641 0.589352 0.024438 0.050926
1 0.581867 0.034722 0.015152 0.063889