1 0.990958 0.974537 0.017107 0.049074
1 0.762219 0.982407 0.018084 0.033333
1 0.673265 0.954167 0.011241 0.037963
1 0.436950 0.935185 0.029326 0.020370
1 0.745112 0.939352 0.039589 0.047222
1 0.207967 0.920370 0.028837 0.014815
1 0.396383 0.952778 0.034213 0.085185
1 0.117058 0.933796 0.042522 0.058333
1 0.965543 0.898148 0.031769 0.031481
1 0.954301 0.863426 0.013196 0.039815
1 0.258065 0.824537 0.025415 0.043519
1 0.206500 0.815741 0.028837 0.066667
1 0.734604 0.820370 0.015640 0.048148
1 0.708700 0.786574 0.013685 0.049074
1 0.026637 0.739352 0.017107 0.030556
1 0.265885 0.743981 0.025415 0.045370
1 0.296921 0.758796 0.031769 0.078704
1 0.383675 0.721759 0.020528 0.039815
1 0.539834 0.719444 0.017107 0.053704
1 0.082600 0.674074 0.029326 0.051852
1 0.197947 0.619444 0.032258 0.042593
1 0.275904 0.624074 0.017107 0.055556
1 0.393206 0.600000 0.022972 0.048148
1 0.480450 0.575463 0.012708 0.023148
1 0.414712 0.546296 0.028837 0.038889
1 0.741935 0.559722 0.041056 0.065741
1 0.392717 0.471759 0.024927 0.054630
1 0.777859 0.493056 0.017107 0.045370
1 0.750489 0.454630 0.013196 0.027778
1 0.087977 0.423148 0.016618 0.040741
1 0.275171 0.375463 0.015640 0.034259
1 0.846774 0.353704 0.014174 0.035185
1 0.930108 0.338426 0.027370 0.036111
1 0.461632 0.195370 0.026882 0.011111
1 0.918622 0.184259 0.010264 0.027778
1 0.643939 0.157407 0.023949 0.040741
1 0.475806 0.153241 0.025904 0.028704
1 0.218719 0.117130 0.016129 0.028704
1 0.526637 0.110185 0.017107 0.029630
1 0.273460 0.100000 0.021017 0.055556
1 0.644184 0.035648 0.013685 0.034259
1 0.199413 0.025926 0.016618 0.040741
1 0.754154 0.020833 0.035191 0.041667
1 0.051564 0.358796 0.063050 0.104630
1 0.107771 0.388426 0.014174 0.023148
1 0.120968 0.201852 0.013196 0.025926
1 0.021505 0.295833 0.043011 0.058333
1 0.079912 0.454167 0.025904 0.028704
1 0.159091 0.592130 0.019062 0.037963
1 0.213099 0.082407 0.015640 0.029630
1 0.368035 0.344444 0.023460 0.040741
1 0.488514 0.501389 0.019062 0.039815
1 0.369257 0.223148 0.025904 0.025926
1 0.382209 0.209722 0.014663 0.032407
1 0.472385 0.382407 0.024927 0.035185
1 0.456500 0.381944 0.025415 0.043519
1 0.253910 0.469907 0.025904 0.032407
1 0.200147 0.343519 0.020039 0.024074
1 0.229228 0.219907 0.021505 0.017593
1 0.269795 0.798148 0.026393 0.029630
1 0.356794 0.612037 0.021505 0.042593
1 0.366569 0.657870 0.015640 0.041667
1 0.500000 0.734722 0.021505 0.028704
1 0.523216 0.600463 0.020039 0.049074
0 0.584311 0.954167 0.108016 0.089815
1 0.624389 0.877315 0.030792 0.036111
1 0.644428 0.831019 0.027859 0.084259
0 0.598485 0.823611 0.065005 0.217593
1 0.580156 0.720370 0.022483 0.053704
0 0.585533 0.595370 0.141740 0.192593
1 0.558162 0.542130 0.044966 0.058333
1 0.634164 0.501389 0.056207 0.097222
0 0.569648 0.435648 0.100196 0.273148
0 0.572825 0.228241 0.061584 0.213889
0 0.594819 0.048611 0.100684 0.095370
0 0.568671 0.122222 0.087488 0.153704
1 0.732405 0.054167 0.018084 0.045370
1 0.800098 0.094444 0.007820 0.031481
1 0.681329 0.171296 0.013685 0.040741
1 0.715054 0.400926 0.016618 0.033333
1 0.693304 0.680093 0.017107 0.039815
1 0.730938 0.774537 0.013196 0.039815
1 0.841642 0.933796 0.033236 0.045370
1 0.875367 0.955093 0.036168 0.067593
1 0.876100 0.788889 0.048387 0.064815
1 0.816227 0.819907 0.017595 0.036111
1 0.909580 0.427778 0.023460 0.055556
1 0.911046 0.499074 0.026393 0.053704
1 0.858993 0.488889 0.025904 0.025926
1 0.789101 0.674074 0.024927 0.061111
1 0.758309 0.737037 0.036657 0.083333
1 0.767351 0.683333 0.016618 0.031481
1 0.781036 0.699537 0.007820 0.037963
1 0.747067 0.732407 0.021017 0.061111
1 0.854594 0.672685 0.022972 0.067593
1 0.860215 0.730093 0.020528 0.045370
1 0.780792 0.304167 0.018084 0.030556
1 0.842864 0.138889 0.016129 0.074074
1 0.813294 0.300000 0.019550 0.031481
1 0.871945 0.335185 0.022483 0.059259
1 0.866813 0.308333 0.004399 0.020370
1 0.862659 0.162963 0.012708 0.044444
1 0.879032 0.172222 0.017107 0.046296
1 0.814761 0.274074 0.030303 0.024074
1 0.818426 0.245833 0.018084 0.037963
1 0.837488 0.235185 0.026882 0.055556
1 0.861926 0.254630 0.015152 0.024074
1 0.940860 0.097222 0.018573 0.022222
1 0.969941 0.231944 0.020039 0.037963
1 0.985826 0.224074 0.005865 0.020370
1 0.968475 0.281944 0.039589 0.056481
1 0.976540 0.315741 0.018573 0.033333
1 0.993402 0.299537 0.010264 0.032407
1 0.985337 0.346296 0.014663 0.022222
1 0.992424 0.330556 0.012219 0.029630
1 0.976051 0.371296 0.026393 0.038889
1 0.971652 0.406944 0.013685 0.034259
1 0.967253 0.682407 0.011730 0.031481
1 0.949658 0.650463 0.019550 0.025000
1 0.968231 0.566667 0.028348 0.061111
1 0.947947 0.550463 0.015152 0.028704
1 0.959189 0.537963 0.014174 0.022222
1 0.989247 0.553241 0.012708 0.032407
1 0.982160 0.507407 0.034702 0.025926