1 0.167155 0.124074 0.046921 0.100000
1 0.343597 0.182870 0.024438 0.080556
1 0.347263 0.283333 0.033724 0.120370
1 0.377077 0.280093 0.024927 0.041667
1 0.414956 0.190741 0.035191 0.055556
1 0.417889 0.260185 0.023460 0.042593
1 0.418377 0.425000 0.026393 0.100000
1 0.533969 0.384259 0.080645 0.187037
1 0.602884 0.527315 0.033724 0.060185
1 0.579423 0.657407 0.051320 0.111111
0 0.576979 0.976852 0.038612 0.044444
0 0.571603 0.079630 0.094330 0.118519
1 0.663734 0.123148 0.024438 0.033333
1 0.568915 0.278241 0.040078 0.067593
1 0.595308 0.183796 0.026393 0.041667
1 0.569892 0.729167 0.022483 0.043519
1 0.830645 0.238426 0.019062 0.113889
1 0.787146 0.456019 0.037634 0.056481
0 0.991447 0.037963 0.015152 0.062963
0 0.981916 0.180556 0.034213 0.087037
0 0.986804 0.853704 0.025415 0.144444
1 0.875122 0.855556 0.033724 0.044444
1 0.795210 0.287037 0.022483 0.044444
1 0.816960 0.238426 0.021994 0.045370