1 0.133431 0.191667 0.019550 0.037037
1 0.333822 0.222685 0.026393 0.067593
1 0.006843 0.260185 0.012708 0.044444
1 0.367791 0.696759 0.018084 0.036111
1 0.399560 0.632407 0.012219 0.031481
1 0.242424 0.733796 0.011730 0.034259
1 0.058895 0.912963 0.019062 0.029630
1 0.097996 0.905556 0.036657 0.077778
1 0.439394 0.812037 0.054741 0.066667
1 0.343353 0.973148 0.031769 0.048148
0 0.538856 0.612963 0.088465 0.227778
1 0.492180 0.534259 0.030303 0.064815
1 0.522727 0.499074 0.015152 0.022222
1 0.565005 0.482407 0.030303 0.033333
1 0.453079 0.384259 0.067449 0.096296
1 0.488025 0.332870 0.042522 0.021296
1 0.506598 0.294907 0.019062 0.037963
1 0.549609 0.839352 0.044477 0.099074
1 0.604106 0.779630 0.016618 0.027778
1 0.669110 0.812963 0.031281 0.079630
1 0.628788 0.914815 0.035679 0.033333
1 0.525904 0.587500 0.064516 0.071296
1 0.523705 0.632870 0.048387 0.054630
0 0.559140 0.890741 0.255132 0.216667
0 0.693060 0.966204 0.054741 0.065741
1 0.707234 0.784259 0.020528 0.040741
1 0.731183 0.025926 0.033236 0.051852
1 0.532991 0.083796 0.046432 0.087963
1 0.552542 0.103704 0.012219 0.027778
1 0.505621 0.024074 0.040567 0.048148
0 0.643939 0.138426 0.270283 0.276852
0 0.588465 0.315741 0.309873 0.559259
1 0.812317 0.205556 0.042033 0.055556
1 0.831623 0.318981 0.021994 0.047222
1 0.919599 0.589352 0.043500 0.080556
1 0.939394 0.532407 0.022483 0.027778
1 0.931574 0.560185 0.043988 0.027778
1 0.943304 0.570370 0.019550 0.038889
1 0.928641 0.661111 0.011730 0.022222
1 0.975073 0.664352 0.009775 0.030556
1 0.799853 0.815278 0.061095 0.154630
1 0.756109 0.868519 0.040078 0.090741
1 0.772972 0.785185 0.021994 0.059259
1 0.989980 0.892593 0.017107 0.070370
1 0.944282 0.852778 0.027370 0.098148
1 0.921554 0.866204 0.029814 0.050926
1 0.513196 0.725463 0.061584 0.100926