1 0.263930 0.089815 0.022483 0.053704
1 0.272239 0.073148 0.037146 0.040741
1 0.350196 0.104167 0.044477 0.073148
1 0.137097 0.154630 0.024927 0.066667
1 0.166667 0.162037 0.020528 0.055556
1 0.195992 0.176389 0.034213 0.052778
1 0.108749 0.340741 0.065982 0.092593
1 0.010264 0.321759 0.015640 0.039815
1 0.058651 0.455093 0.038123 0.076852
1 0.196237 0.487963 0.058162 0.074074
1 0.294233 0.453241 0.034213 0.041667
1 0.199169 0.372685 0.050342 0.108333
1 0.236315 0.364352 0.032747 0.076852
1 0.250978 0.293981 0.068915 0.087963
1 0.222385 0.227778 0.017595 0.040741
1 0.229717 0.626852 0.062561 0.085185
1 0.168377 0.756481 0.063050 0.116667
1 0.052053 0.725463 0.062072 0.087963
1 0.132942 0.990741 0.011730 0.016667
1 0.024682 0.993056 0.025904 0.010185
1 0.169110 0.898611 0.020528 0.054630
1 0.249267 0.858333 0.034213 0.040741
1 0.224829 0.979167 0.018573 0.037963
1 0.250000 0.981481 0.019062 0.031481
1 0.311584 0.805093 0.023949 0.032407
1 0.340420 0.766667 0.046432 0.085185
1 0.339198 0.668981 0.011730 0.056481
1 0.273705 0.360185 0.024438 0.024074
1 0.529326 0.282407 0.036168 0.050000
1 0.480938 0.736574 0.049853 0.069444
1 0.538368 0.705093 0.029814 0.087963
1 0.573314 0.887037 0.022483 0.038889
1 0.423265 0.579167 0.026393 0.071296
1 0.494135 0.608796 0.016618 0.032407
1 0.507820 0.606481 0.011730 0.018519
1 0.526637 0.595833 0.011241 0.028704
1 0.675220 0.954630 0.028837 0.088889
1 0.709677 0.887963 0.034213 0.048148
1 0.657380 0.618519 0.047898 0.096296
1 0.757576 0.032407 0.019550 0.037037
1 0.742424 0.406019 0.022483 0.045370
1 0.789101 0.512037 0.021994 0.064815
1 0.824536 0.523148 0.016618 0.025926
1 0.732893 0.824074 0.092375 0.166667
1 0.742424 0.740741 0.006843 0.040741
1 0.762708 0.744907 0.040567 0.023148
1 0.756109 0.776389 0.029326 0.080556
1 0.943060 0.991204 0.014174 0.013889
1 0.983138 0.793981 0.028837 0.065741
0 0.430352 0.820833 0.111926 0.189815
0 0.444037 0.944907 0.100196 0.108333
0 0.482893 0.976852 0.036168 0.044444
0 0.474340 0.038889 0.132454 0.077778
0 0.456256 0.125926 0.160802 0.251852
0 0.428397 0.283333 0.112903 0.151852
0 0.419110 0.456481 0.126588 0.233333
0 0.432063 0.624537 0.114370 0.221296
1 0.653226 0.465741 0.012219 0.016667
1 0.733382 0.267593 0.021017 0.042593