1 0.241447 0.884722 0.055718 0.106481
1 0.129521 0.707870 0.021505 0.050926
1 0.056696 0.943056 0.113392 0.112037
1 0.035191 0.924074 0.069404 0.057407
0 0.531769 0.023611 0.195503 0.047222
1 0.582600 0.133796 0.026393 0.078704
1 0.543744 0.889815 0.038612 0.090741
1 0.722385 0.545370 0.101662 0.203704
1 0.694282 0.256481 0.036657 0.074074
1 0.810117 0.209722 0.036657 0.023148
1 0.793988 0.120370 0.063050 0.105556
0 0.430108 0.448611 0.294233 0.573148
0 0.582111 0.618981 0.349951 0.306481
0 0.454057 0.967130 0.142717 0.063889
0 0.591398 0.954167 0.051808 0.084259
0 0.663245 0.941667 0.074291 0.111111
1 0.475806 0.937963 0.032747 0.064815
1 0.967986 0.111574 0.025904 0.043519