1 0.683529 0.962037 0.021017 0.037037
1 0.418622 0.945833 0.036657 0.089815
1 0.210899 0.925000 0.020039 0.077778
1 0.683773 0.893981 0.015640 0.058333
1 0.523705 0.833333 0.017107 0.037037
1 0.214076 0.837037 0.032258 0.042593
1 0.502933 0.805093 0.012708 0.019444
1 0.577713 0.779167 0.014663 0.043519
1 0.240225 0.768519 0.042522 0.100000
1 0.814516 0.733333 0.028837 0.033333
1 0.116569 0.731019 0.027859 0.082407
1 0.565738 0.698148 0.009286 0.022222
1 0.440860 0.707870 0.032258 0.058333
1 0.724096 0.681019 0.022972 0.063889
1 0.239247 0.639352 0.019062 0.054630
1 0.799609 0.645370 0.040078 0.079630
1 0.068182 0.625463 0.033724 0.067593
1 0.475073 0.603241 0.029326 0.045370
1 0.611437 0.610185 0.058651 0.146296
1 0.714565 0.587963 0.059629 0.100000
1 0.574780 0.536574 0.011730 0.012037
1 0.171554 0.524074 0.031281 0.040741
1 0.076979 0.432407 0.042522 0.059259
1 0.257331 0.440278 0.012219 0.032407
1 0.531036 0.388889 0.009286 0.029630
1 0.661046 0.378241 0.008309 0.017593
1 0.210655 0.356019 0.062561 0.075000
1 0.438905 0.318981 0.017595 0.037963
1 0.145650 0.280556 0.032258 0.050000
1 0.806207 0.260648 0.014174 0.013889
1 0.964565 0.253241 0.018084 0.036111
1 0.017351 0.248611 0.034702 0.086111
1 0.816960 0.219907 0.015152 0.036111
1 0.164712 0.215741 0.044966 0.068519
1 0.984604 0.206944 0.029814 0.069444
1 0.440860 0.158333 0.016618 0.040741
1 0.063783 0.127315 0.039589 0.084259
1 0.979961 0.109722 0.039101 0.073148
1 0.250978 0.091204 0.019062 0.034259
1 0.386364 0.075463 0.015152 0.037963
1 0.706745 0.051852 0.044966 0.042593
1 0.538123 0.052778 0.018573 0.055556
1 0.342620 0.024537 0.020528 0.049074
1 0.069404 0.014815 0.033236 0.029630
1 0.200147 0.279630 0.017107 0.066667
1 0.144673 0.711111 0.021505 0.025926
1 0.184506 0.879167 0.037634 0.052778
1 0.274438 0.940278 0.027859 0.067593
1 0.266862 0.837963 0.051808 0.094444
1 0.313294 0.882407 0.066471 0.150000
0 0.375367 0.746759 0.117302 0.306481
1 0.407136 0.885648 0.018573 0.047222
1 0.390029 0.887963 0.022483 0.064815
1 0.416422 0.638426 0.028348 0.067593
1 0.430108 0.443519 0.021505 0.064815
1 0.454545 0.454167 0.038123 0.056481
1 0.470919 0.420370 0.043500 0.051852
0 0.384164 0.524537 0.044966 0.141667
0 0.351906 0.422685 0.130987 0.252778
0 0.358016 0.273611 0.112903 0.234259
1 0.427175 0.256019 0.039101 0.071296
0 0.340420 0.201389 0.113881 0.149074
1 0.766618 0.276389 0.012219 0.012037