1 0.175709 0.225463 0.021994 0.050926
1 0.200635 0.231019 0.022972 0.045370
1 0.226540 0.363889 0.019062 0.031481
1 0.307185 0.369444 0.016129 0.024074
1 0.301564 0.387500 0.014663 0.023148
1 0.320381 0.409259 0.021994 0.051852
1 0.311095 0.813889 0.016129 0.016667
1 0.322092 0.809722 0.008798 0.017593
1 0.279570 0.825463 0.016618 0.032407
1 0.225073 0.759722 0.019062 0.026852
1 0.222630 0.729630 0.018084 0.027778
1 0.268084 0.686111 0.036657 0.040741
1 0.205034 0.776389 0.017107 0.026852
1 0.202835 0.612963 0.011730 0.024074
1 0.210411 0.640278 0.020039 0.037963
1 0.189883 0.661574 0.021017 0.034259
1 0.022972 0.490741 0.014663 0.038889
1 0.036657 0.488889 0.011730 0.051852
1 0.097263 0.548148 0.018573 0.044444
1 0.124145 0.522685 0.039101 0.091667
1 0.124878 0.512500 0.013196 0.026852
1 0.142717 0.513889 0.035191 0.044444
1 0.133920 0.599537 0.020528 0.021296
1 0.138074 0.748148 0.028837 0.048148
1 0.016129 0.800000 0.027370 0.059259
1 0.014418 0.561574 0.028837 0.028704
1 0.044966 0.941667 0.013685 0.025926
1 0.301564 0.980093 0.026393 0.036111
1 0.348240 0.920833 0.018084 0.041667
1 0.355816 0.678704 0.039101 0.085185
1 0.385142 0.736111 0.017595 0.027778
1 0.363392 0.637500 0.012219 0.019444
1 0.358504 0.618981 0.013196 0.032407
1 0.370723 0.601389 0.020039 0.019444
1 0.351173 0.590741 0.024927 0.042593
1 0.297898 0.575926 0.010264 0.016667
1 0.313539 0.540741 0.018084 0.033333
1 0.317693 0.557870 0.014663 0.026852
1 0.358993 0.283796 0.025904 0.026852
1 0.364370 0.250926 0.018084 0.024074
1 0.393695 0.292130 0.014174 0.030556
1 0.322825 0.256019 0.016129 0.030556
1 0.340665 0.272685 0.013685 0.034259
1 0.341642 0.472222 0.036168 0.040741
1 0.374878 0.403704 0.027370 0.037037
1 0.373167 0.379167 0.008309 0.032407
1 0.397849 0.488426 0.024438 0.041667
1 0.399071 0.496296 0.010264 0.061111
1 0.394917 0.593519 0.021505 0.040741
1 0.418866 0.556019 0.017595 0.021296
1 0.423021 0.574074 0.017107 0.033333
1 0.433529 0.570370 0.011730 0.022222
1 0.402004 0.648611 0.030792 0.080556
1 0.418622 0.700000 0.008309 0.005556
1 0.427908 0.731481 0.024927 0.051852
1 0.425953 0.864352 0.028837 0.049074
1 0.423998 0.929630 0.022972 0.035185
1 0.434262 0.915741 0.021017 0.014815
1 0.413001 0.332407 0.018573 0.035185
1 0.392962 0.059259 0.028348 0.064815
1 0.392229 0.082407 0.032747 0.048148
1 0.522972 0.077315 0.017595 0.036111
1 0.452102 0.185185 0.044966 0.064815
1 0.490469 0.139352 0.011241 0.013889
1 0.535679 0.258796 0.026393 0.039815
1 0.496090 0.315278 0.043988 0.097222
1 0.549120 0.381481 0.025904 0.044444
1 0.507576 0.470370 0.016129 0.024074
1 0.521017 0.449074 0.016618 0.031481
1 0.502688 0.539815 0.018084 0.037037
1 0.475562 0.582870 0.027370 0.039815
1 0.535191 0.605556 0.021505 0.035185
1 0.508309 0.705093 0.035191 0.076852
1 0.489003 0.749074 0.024927 0.038889
1 0.480450 0.872685 0.020528 0.028704
1 0.508065 0.975926 0.031769 0.044444
1 0.486070 0.935648 0.009286 0.025000
1 0.507331 0.811111 0.004888 0.022222
1 0.585288 0.152315 0.023949 0.047222
1 0.597507 0.140278 0.021994 0.043519
1 0.600929 0.277315 0.012219 0.037963
1 0.627810 0.287500 0.021994 0.041667
1 0.643451 0.283333 0.023949 0.022222
1 0.656647 0.380093 0.012219 0.036111
1 0.582111 0.534259 0.022483 0.037037
1 0.630987 0.543519 0.030303 0.061111
1 0.638563 0.645370 0.012219 0.018519
1 0.625367 0.643056 0.021994 0.032407
1 0.570381 0.728241 0.017595 0.037963
1 0.588465 0.724537 0.012708 0.021296
1 0.609238 0.735185 0.018084 0.029630
1 0.661779 0.731481 0.019550 0.042593
1 0.662023 0.765741 0.014174 0.024074
1 0.643939 0.868056 0.015152 0.030556
1 0.633920 0.981944 0.015640 0.032407
1 0.701613 0.952778 0.018084 0.024074
1 0.705279 0.887963 0.009775 0.033333
1 0.735093 0.780093 0.006843 0.012037
1 0.741202 0.679630 0.023949 0.042593
1 0.754399 0.731019 0.019062 0.032407
1 0.735337 0.566204 0.008309 0.006481
1 0.703568 0.268056 0.018084 0.032407
1 0.692082 0.332407 0.019550 0.033333
1 0.700147 0.160648 0.054252 0.058333
1 0.734604 0.148611 0.010753 0.045370
1 0.745357 0.163889 0.015640 0.035185
1 0.661046 0.013889 0.022972 0.027778
1 0.629032 0.019444 0.018573 0.038889
1 0.911779 0.007870 0.013196 0.015741
1 0.924731 0.107870 0.045943 0.069444
1 0.991447 0.156019 0.016129 0.043519
1 0.942815 0.193519 0.010753 0.027778
1 0.882698 0.272222 0.036168 0.085185
1 0.897116 0.246296 0.021994 0.040741
1 0.971408 0.296759 0.027859 0.075000
1 0.936461 0.406019 0.022483 0.041667
1 0.950391 0.434722 0.018084 0.047222
1 0.978250 0.407870 0.021994 0.036111
1 0.970430 0.418981 0.012219 0.023148
1 0.969453 0.451389 0.010264 0.025000
1 0.988025 0.458333 0.021994 0.088889
1 0.942326 0.502778 0.043988 0.085185
1 0.933529 0.562037 0.042033 0.107407
1 0.993157 0.592593 0.012708 0.024074
1 0.931818 0.645370 0.021994 0.044444
1 0.913978 0.716204 0.010753 0.017593
1 0.981183 0.732407 0.010264 0.018519
1 0.964076 0.924074 0.019062 0.062963
1 0.983382 0.950000 0.020528 0.025926
1 0.934262 0.978241 0.029814 0.039815
1 0.917400 0.576852 0.007820 0.011111
1 0.790567 0.975926 0.028837 0.046296
1 0.815494 0.981019 0.013196 0.030556
1 0.830401 0.989352 0.014663 0.019444
0 0.810362 0.864815 0.133920 0.266667
1 0.770039 0.778704 0.015152 0.024074
1 0.791789 0.769444 0.005865 0.031481
1 0.794233 0.548148 0.014663 0.040741
1 0.808651 0.483796 0.009286 0.010185
0 0.771994 0.595833 0.114858 0.113889
0 0.774194 0.314815 0.077224 0.296296
1 0.818915 0.163889 0.007331 0.009259
0 0.780303 0.096759 0.122678 0.193519
0 0.796432 0.035648 0.095308 0.071296
1 0.275660 0.618056 0.014663 0.025000
1 0.788612 0.445833 0.017107 0.028704
1 0.693793 0.520833 0.015152 0.037963
0 0.257087 0.070370 0.110459 0.140741
0 0.271505 0.183796 0.182307 0.206481
1 0.284946 0.340741 0.029326 0.029630
0 0.245357 0.583333 0.078201 0.212963
1 0.217742 0.505556 0.017107 0.044444
0 0.261486 0.346759 0.064516 0.200926
0 0.255865 0.463426 0.123656 0.156481