1 0.038123 0.237963 0.019550 0.035185
1 0.076735 0.500000 0.007820 0.024074
1 0.064761 0.532407 0.018084 0.048148
1 0.098485 0.648148 0.033724 0.051852
1 0.112903 0.684722 0.020528 0.041667
1 0.153226 0.833796 0.016129 0.019444
1 0.033480 0.758796 0.010264 0.017593
1 0.306207 0.342593 0.011241 0.020370
1 0.327713 0.644444 0.017107 0.035185
1 0.339443 0.666667 0.017107 0.033333
1 0.360948 0.262037 0.011241 0.009259
1 0.396628 0.135648 0.006354 0.019444
1 0.421065 0.090278 0.011241 0.013889
1 0.372923 0.080556 0.006843 0.022222
1 0.324536 0.033333 0.043988 0.066667
1 0.315494 0.055093 0.019062 0.037963
1 0.342864 0.964815 0.011241 0.027778
1 0.471896 0.059259 0.006354 0.022222
1 0.505376 0.017130 0.010753 0.010185
1 0.580156 0.161574 0.009775 0.026852
1 0.490225 0.262963 0.036168 0.048148
1 0.484604 0.276852 0.022972 0.031481
1 0.453812 0.351389 0.011241 0.025000
1 0.501955 0.362037 0.030303 0.046296
1 0.485093 0.388889 0.043500 0.064815
1 0.885142 0.040741 0.029326 0.031481
1 0.886364 0.051852 0.017107 0.035185
1 0.903470 0.091667 0.022972 0.033333
1 0.923509 0.107870 0.017107 0.028704
1 0.921554 0.182870 0.018084 0.030556
1 0.916911 0.212500 0.020528 0.030556
1 0.871457 0.404630 0.007820 0.020370
1 0.832600 0.431019 0.021017 0.050926
1 0.816960 0.420833 0.016129 0.023148
1 0.989492 0.935185 0.009286 0.012963
1 0.941593 0.974537 0.026882 0.041667
1 0.800831 0.906944 0.027859 0.047222
1 0.814761 0.953241 0.015640 0.021296
1 0.701613 0.869444 0.009286 0.012963
1 0.804497 0.873611 0.016618 0.050926
1 0.766129 0.713889 0.012219 0.022222
1 0.810606 0.680556 0.016129 0.037037
1 0.812072 0.502315 0.015152 0.026852
1 0.791544 0.533333 0.043500 0.053704
1 0.813050 0.524074 0.033724 0.061111
1 0.813294 0.537037 0.014663 0.027778
1 0.837488 0.651389 0.005376 0.013889
1 0.788612 0.648611 0.008309 0.015741
1 0.776882 0.592130 0.009286 0.015741
1 0.768328 0.271759 0.031281 0.047222
1 0.760508 0.260185 0.007820 0.009259
1 0.790078 0.294444 0.015152 0.035185
1 0.778837 0.342130 0.024927 0.039815
1 0.791056 0.177778 0.016129 0.033333
1 0.721896 0.181019 0.003910 0.019444
1 0.800831 0.037037 0.029814 0.044444
1 0.623167 0.845370 0.011730 0.022222
1 0.535191 0.839815 0.011730 0.029630
1 0.602639 0.321759 0.007820 0.021296
1 0.606549 0.395370 0.007820 0.009259
0 0.469453 0.114815 0.059140 0.229630
0 0.580645 0.221296 0.261975 0.220370
1 0.573069 0.255556 0.003421 0.012963
1 0.487048 0.604630 0.018084 0.033333
0 0.595797 0.604630 0.241447 0.427778
0 0.609971 0.947222 0.057674 0.103704
1 0.965054 0.070370 0.009286 0.018519