1 0.085288 0.043519 0.046432 0.074074
1 0.017595 0.142130 0.035191 0.078704
1 0.166178 0.113889 0.027370 0.053704
1 0.191593 0.040741 0.023460 0.050000
1 0.045455 0.262037 0.042033 0.090741
1 0.007331 0.256019 0.014663 0.034259
1 0.284457 0.234259 0.014663 0.062963
1 0.011241 0.434259 0.022483 0.037037
1 0.037634 0.568519 0.025415 0.044444
1 0.082356 0.518056 0.027859 0.063889
1 0.332356 0.153704 0.021505 0.035185
1 0.466764 0.057870 0.043988 0.115741
1 0.346041 0.216667 0.022483 0.035185
1 0.448436 0.253704 0.036657 0.066667
1 0.315249 0.285185 0.020528 0.038889
1 0.319892 0.425000 0.046432 0.061111
1 0.408602 0.350000 0.026393 0.037037
1 0.427175 0.337963 0.017595 0.033333
1 0.312805 0.653704 0.020528 0.062963
1 0.325513 0.681019 0.030303 0.036111
1 0.322092 0.651852 0.022483 0.033333
1 0.311339 0.832407 0.021505 0.061111
1 0.292522 0.940278 0.032747 0.058333
1 0.347752 0.933796 0.017107 0.054630
0 0.399560 0.881481 0.075758 0.235185
0 0.477273 0.634259 0.271261 0.577778
1 0.415445 0.750926 0.016618 0.033333
1 0.394917 0.821296 0.020528 0.074074
1 0.421554 0.781944 0.036657 0.030556
1 0.445259 0.698611 0.022483 0.026852
1 0.550342 0.618519 0.058651 0.051852
1 0.506598 0.579630 0.066960 0.079630
1 0.563539 0.852315 0.043011 0.063889
1 0.569648 0.481019 0.044477 0.099074
1 0.582111 0.240741 0.041056 0.077778
1 0.597263 0.205556 0.036168 0.048148
1 0.644184 0.234722 0.041056 0.071296
1 0.708211 0.241204 0.044966 0.095370
1 0.710411 0.348611 0.053275 0.110185
1 0.647605 0.542130 0.030303 0.047222
1 0.647116 0.480093 0.021505 0.049074
1 0.746090 0.488426 0.032747 0.056481
1 0.728739 0.623148 0.053763 0.114815
1 0.812072 0.123611 0.032747 0.045370
1 0.881720 0.131944 0.024438 0.026852
1 0.826735 0.428704 0.023949 0.064815
1 0.812805 0.476852 0.030303 0.057407
1 0.763685 0.389815 0.052297 0.062963
1 0.811828 0.303704 0.026393 0.079630
1 0.934018 0.122685 0.042033 0.067593
1 0.921554 0.070833 0.043500 0.041667
1 0.950147 0.093981 0.012708 0.049074
1 0.955767 0.043519 0.017107 0.037037
1 0.926197 0.039352 0.020528 0.039815
1 0.944770 0.258796 0.033236 0.076852
1 0.926931 0.421759 0.037634 0.080556
1 0.970186 0.454167 0.056696 0.087963
1 0.859971 0.717130 0.038612 0.056481
1 0.874878 0.908333 0.023460 0.070370
1 0.930108 0.768056 0.034213 0.084259
1 0.786901 0.938426 0.031281 0.049074
1 0.903226 0.948611 0.049853 0.052778
1 0.915445 0.932870 0.029326 0.041667
1 0.972141 0.625463 0.023460 0.054630
1 0.961388 0.644907 0.022483 0.034259
1 0.924976 0.564815 0.020039 0.050000
1 0.867302 0.977315 0.025904 0.037963
1 0.992180 0.799537 0.014663 0.058333
1 0.988025 0.857870 0.021994 0.093519
1 0.992669 0.705093 0.012708 0.063889