1 0.212366 0.040741 0.077713 0.081481
0 0.322092 0.035185 0.105572 0.070370
1 0.293744 0.123148 0.154448 0.244444
0 0.303030 0.283796 0.170088 0.180556
0 0.296432 0.434722 0.152981 0.206481
0 0.311828 0.608333 0.122190 0.305556
1 0.381965 0.677315 0.027859 0.050926
1 0.435239 0.609722 0.014174 0.026852
1 0.203324 0.558333 0.092864 0.225926
0 0.261241 0.738426 0.112903 0.276852
1 0.238025 0.925926 0.063539 0.096296
0 0.307918 0.956944 0.061584 0.084259
1 0.648827 0.478704 0.047410 0.116667
1 0.730938 0.419444 0.048387 0.070370
1 0.606305 0.781019 0.013196 0.021296
1 0.894917 0.898148 0.035191 0.100000
0 0.830890 0.917593 0.086022 0.161111
0 0.825024 0.849537 0.124145 0.215741
0 0.803763 0.566667 0.100196 0.257407
0 0.845552 0.700463 0.108504 0.167593
1 0.920577 0.493056 0.024927 0.056481
0 0.835533 0.036574 0.165689 0.073148
0 0.835288 0.226852 0.106549 0.246296
1 0.019306 0.287963 0.038612 0.083333
1 0.101173 0.305093 0.025415 0.054630