1 0.032747 0.382870 0.025415 0.041667
1 0.012463 0.406944 0.024927 0.073148
1 0.044721 0.468519 0.046432 0.094444
1 0.103617 0.447222 0.081134 0.101852
1 0.107283 0.525463 0.029814 0.058333
1 0.060606 0.310648 0.030303 0.039815
1 0.033236 0.112037 0.031281 0.068519
1 0.204545 0.141204 0.069892 0.091667
1 0.223363 0.473611 0.030303 0.069444
1 0.255132 0.634722 0.049853 0.110185
1 0.223851 0.800926 0.056696 0.129630
1 0.117058 0.801389 0.026882 0.049074
1 0.015396 0.958796 0.030792 0.076852
1 0.046676 0.705556 0.022972 0.037037
1 0.144428 0.951389 0.041544 0.075000
1 0.195015 0.934722 0.047898 0.067593
1 0.217986 0.970833 0.043011 0.052778
1 0.270772 0.947685 0.055718 0.099074
1 0.262952 0.034722 0.060606 0.058333
1 0.128055 0.335648 0.023460 0.052778
1 0.192326 0.223148 0.026882 0.044444
1 0.324536 0.979630 0.048876 0.031481
1 0.388319 0.920370 0.081623 0.150000
1 0.387586 0.787500 0.132942 0.134259
1 0.377077 0.643056 0.077713 0.104630
1 0.471163 0.691667 0.044966 0.088889
1 0.410802 0.552778 0.045455 0.074074
1 0.430596 0.492593 0.047898 0.062963
1 0.349218 0.554630 0.026882 0.083333
1 0.360459 0.456019 0.037634 0.106481
1 0.399560 0.347685 0.052297 0.123148
1 0.352884 0.341667 0.040078 0.044444
1 0.386852 0.226389 0.102151 0.125000
1 0.511241 0.368056 0.037146 0.056481
0 0.580890 0.694907 0.174487 0.349074
0 0.574047 0.475463 0.105083 0.132407
1 0.501955 0.901389 0.048876 0.089815
1 0.578201 0.977315 0.047898 0.039815
1 0.514418 0.985185 0.021994 0.020370
1 0.720674 0.837963 0.090420 0.161111
0 0.621457 0.903704 0.144184 0.168519
1 0.718475 0.698148 0.043011 0.083333
1 0.764418 0.597222 0.037146 0.044444
1 0.864858 0.523611 0.047410 0.147222
1 0.858016 0.650463 0.042522 0.121296
1 0.786413 0.693519 0.081134 0.166667
1 0.833333 0.787037 0.062561 0.196296
1 0.804985 0.909259 0.048876 0.172222
1 0.847019 0.937963 0.043988 0.118519
1 0.978006 0.683796 0.037146 0.121296
1 0.919599 0.620370 0.040567 0.068519
1 0.968964 0.604167 0.056207 0.117593
1 0.976784 0.471296 0.040567 0.127778
1 0.901026 0.393519 0.040567 0.050000
1 0.901515 0.518056 0.027859 0.052778
1 0.721408 0.330556 0.043988 0.118519
1 0.721163 0.229167 0.047410 0.119444
1 0.889296 0.225926 0.028837 0.050000
1 0.737292 0.019907 0.024927 0.039815
1 0.691105 0.076389 0.092864 0.152778
1 0.643939 0.066667 0.016129 0.035185
1 0.583089 0.296296 0.037146 0.072222
1 0.461877 0.267130 0.038123 0.136111
1 0.503910 0.244907 0.044966 0.110185
1 0.478250 0.084722 0.108016 0.169444
1 0.413734 0.101852 0.041544 0.140741
1 0.439883 0.020370 0.068426 0.038889
0 0.573314 0.139815 0.122190 0.279630
1 0.348974 0.109722 0.067449 0.086111
1 0.981183 0.276852 0.020039 0.055556
1 0.950880 0.963426 0.052297 0.060185
1 0.585777 0.017130 0.036657 0.034259