0 0.203568 0.956019 0.152981 0.086111
1 0.349707 0.781481 0.039589 0.079630
1 0.758553 0.724074 0.021505 0.038889
0 0.766373 0.839815 0.187683 0.281481
0 0.257087 0.770370 0.067449 0.235185
1 0.219208 0.564352 0.082600 0.023148
1 0.906891 0.487500 0.027859 0.041667
0 0.779326 0.522222 0.093353 0.250000
1 0.546921 0.359259 0.028348 0.040741
1 0.667644 0.349074 0.027370 0.050000
1 0.700880 0.281019 0.016618 0.026852
1 0.691105 0.256944 0.034213 0.049074
1 0.368768 0.212037 0.038612 0.053704
1 0.606549 0.203241 0.032258 0.063889
0 0.246090 0.353241 0.160802 0.393519
0 0.808651 0.023148 0.054252 0.046296
0 0.768817 0.083796 0.099707 0.167593
1 0.258553 0.052315 0.121212 0.102778
1 0.542033 0.872222 0.035191 0.068519
1 0.532014 0.912500 0.030792 0.045370
1 0.532258 0.786111 0.028348 0.029630
1 0.529326 0.751389 0.030303 0.037963
1 0.562317 0.756019 0.021994 0.043519
1 0.567204 0.788889 0.025904 0.038889
1 0.534457 0.596759 0.024927 0.037963
1 0.549120 0.543981 0.035679 0.067593
1 0.706745 0.656481 0.023460 0.038889
1 0.704301 0.616667 0.021505 0.035185
1 0.661290 0.542130 0.039101 0.047222
1 0.954790 0.200000 0.018084 0.029630
1 0.954545 0.264815 0.023460 0.044444
1 0.934751 0.220833 0.026882 0.030556
1 0.682063 0.144907 0.019062 0.041667
1 0.716276 0.241667 0.025904 0.042593
1 0.848974 0.327315 0.033236 0.060185
1 0.890274 0.388426 0.019062 0.047222
1 0.843842 0.400000 0.028837 0.057407
1 0.666178 0.878241 0.057674 0.141667
1 0.934751 0.342593 0.024927 0.061111
1 0.970919 0.328704 0.017107 0.027778
1 0.991202 0.327778 0.015640 0.066667
1 0.969453 0.441204 0.017107 0.037963
1 0.986070 0.466204 0.019062 0.128704
1 0.956745 0.740278 0.031769 0.052778
1 0.985093 0.887500 0.020039 0.075000
1 0.867302 0.637500 0.032747 0.052778
1 0.725806 0.204630 0.022483 0.042593
1 0.697947 0.077778 0.029326 0.083333
1 0.869501 0.150926 0.028348 0.051852
1 0.965298 0.826389 0.028348 0.032407
1 0.985337 0.592130 0.027370 0.037963
1 0.712366 0.488889 0.031769 0.035185