1 0.042766 0.021296 0.021017 0.042593
1 0.049853 0.031481 0.013685 0.035185
1 0.086755 0.037963 0.019062 0.035185
1 0.067449 0.281944 0.019550 0.054630
1 0.111681 0.370833 0.013196 0.008333
1 0.034702 0.519444 0.020528 0.037037
1 0.036168 0.556481 0.018573 0.035185
1 0.036413 0.372222 0.013196 0.027778
1 0.034213 0.396759 0.068426 0.112037
1 0.013196 0.612037 0.026393 0.064815
1 0.026882 0.753704 0.042033 0.122222
1 0.089687 0.910185 0.047410 0.088889
1 0.116080 0.888889 0.011241 0.024074
1 0.106794 0.894907 0.007331 0.013889
1 0.016373 0.918981 0.020039 0.050926
1 0.018817 0.884259 0.018084 0.033333
1 0.103861 0.991204 0.020039 0.015741
1 0.116569 0.650926 0.011241 0.025926
1 0.132209 0.608333 0.015152 0.025926
1 0.137830 0.393981 0.034213 0.028704
1 0.141496 0.512500 0.024927 0.045370
1 0.161046 0.487963 0.021017 0.051852
1 0.131476 0.259722 0.014663 0.032407
1 0.151515 0.183333 0.017595 0.037037
1 0.220186 0.022222 0.018084 0.029630
1 0.175709 0.199537 0.022972 0.032407
1 0.190616 0.164352 0.026393 0.039815
1 0.199413 0.241667 0.032258 0.035185
1 0.226784 0.240741 0.015640 0.020370
1 0.229228 0.113426 0.048876 0.071296
1 0.256109 0.091667 0.043988 0.062963
1 0.294966 0.128704 0.027859 0.040741
1 0.299609 0.141204 0.017595 0.043519
1 0.304985 0.176389 0.014663 0.037963
1 0.285924 0.040741 0.069404 0.081481
1 0.304497 0.034722 0.017595 0.032407
1 0.312805 0.045833 0.013685 0.013889
0 0.237537 0.176389 0.148583 0.173148
1 0.288123 0.208796 0.012219 0.019444
1 0.283480 0.231019 0.015640 0.023148
1 0.300098 0.238426 0.011730 0.017593
1 0.334555 0.249537 0.021994 0.032407
1 0.347752 0.230093 0.010264 0.023148
1 0.333333 0.128704 0.011730 0.020370
1 0.341398 0.193981 0.055230 0.102778
1 0.321603 0.210648 0.017595 0.025000
1 0.374389 0.178241 0.013685 0.050926
1 0.341642 0.148148 0.019550 0.070370
1 0.357527 0.169907 0.031769 0.037963
1 0.362659 0.186111 0.014663 0.022222
1 0.358749 0.198148 0.012708 0.009259
1 0.385630 0.130556 0.057674 0.148148
1 0.431818 0.118981 0.003421 0.015741
1 0.178886 0.501852 0.019550 0.027778
1 0.279326 0.968981 0.043500 0.060185
1 0.216520 0.814815 0.078201 0.183333
1 0.242180 0.885185 0.058162 0.155556
1 0.195259 0.937963 0.017107 0.048148
1 0.224585 0.961111 0.031769 0.075926
1 0.249511 0.987963 0.022972 0.022222
1 0.219208 0.995833 0.011241 0.006481
1 0.389541 0.970833 0.027370 0.049074
1 0.361926 0.840741 0.038612 0.059259
1 0.389785 0.776852 0.032747 0.092593
1 0.390274 0.885185 0.061095 0.120370
1 0.417889 0.890741 0.024438 0.055556
1 0.397605 0.880556 0.012219 0.040741
1 0.297898 0.830556 0.074780 0.122222
1 0.338954 0.876852 0.011241 0.022222
1 0.253666 0.732870 0.063539 0.065741
1 0.294721 0.531944 0.011730 0.036111
1 0.295943 0.733333 0.049365 0.098148
1 0.280059 0.556019 0.025415 0.082407
1 0.273949 0.469444 0.028837 0.081481
1 0.277859 0.401389 0.079668 0.117593
1 0.205523 0.384259 0.016129 0.031481
1 0.192082 0.395370 0.006843 0.016667
1 0.204790 0.424074 0.017595 0.031481
0 0.240225 0.348611 0.175464 0.189815
0 0.241202 0.493519 0.071848 0.296296
0 0.256843 0.653704 0.164712 0.231481
1 0.245112 0.671759 0.015152 0.025000
1 0.194037 0.590741 0.018573 0.025926
1 0.204790 0.631019 0.018573 0.062037
1 0.446970 0.935648 0.028837 0.034259
1 0.454790 0.896296 0.017107 0.064815
1 0.477028 0.731944 0.021505 0.058333
1 0.397849 0.616204 0.014663 0.026852
1 0.376344 0.582870 0.006843 0.010185
1 0.479228 0.537037 0.017107 0.033333
1 0.481183 0.379167 0.039589 0.137963
1 0.501222 0.355556 0.015152 0.024074
1 0.444526 0.349537 0.035679 0.063889
1 0.382209 0.360185 0.048876 0.072222
1 0.341398 0.416204 0.019062 0.058333
1 0.373900 0.412500 0.029326 0.049074
1 0.379032 0.456481 0.019062 0.048148
1 0.357038 0.482870 0.039589 0.062037
1 0.471408 0.066204 0.017107 0.030556
1 0.506354 0.053704 0.015640 0.024074
1 0.500244 0.149537 0.032747 0.045370
1 0.519550 0.165278 0.013685 0.019444
1 0.500978 0.199074 0.017595 0.042593
1 0.468964 0.134722 0.051320 0.143519
1 0.457234 0.200926 0.066960 0.103704
1 0.456012 0.227315 0.018573 0.039815
1 0.532014 0.899537 0.027859 0.039815
1 0.544966 0.667593 0.013685 0.025926
1 0.554252 0.659259 0.021505 0.040741
1 0.575269 0.582407 0.021505 0.038889
1 0.535435 0.519444 0.008309 0.012963
1 0.520283 0.631944 0.040567 0.054630
1 0.509531 0.675000 0.054252 0.137037
1 0.594819 0.940278 0.020528 0.041667
1 0.559873 0.852315 0.067937 0.154630
1 0.582111 0.758796 0.051808 0.125000
1 0.542766 0.209722 0.019062 0.026852
1 0.524682 0.115278 0.017107 0.030556
1 0.509286 0.016667 0.015640 0.024074
1 0.528592 0.069444 0.031769 0.112963
1 0.563783 0.043519 0.085533 0.087037
1 0.605816 0.060185 0.031769 0.022222
1 0.632454 0.085648 0.031281 0.058333
1 0.641740 0.145833 0.032258 0.067593
1 0.638319 0.245833 0.032258 0.112037
1 0.631965 0.308796 0.013685 0.050926
1 0.624633 0.392130 0.023460 0.062037
1 0.646628 0.387500 0.011730 0.023148
1 0.639052 0.456481 0.068915 0.062963
1 0.609482 0.535648 0.047898 0.095370
1 0.658602 0.618981 0.046432 0.093519
1 0.604839 0.857870 0.017107 0.050926
1 0.627077 0.906944 0.022483 0.034259
1 0.732649 0.925926 0.025415 0.059259
1 0.720186 0.857407 0.024927 0.057407
1 0.701124 0.771759 0.010264 0.025000
1 0.697214 0.663426 0.021994 0.063889
1 0.691349 0.099537 0.016129 0.047222
1 0.727028 0.153704 0.014174 0.031481
1 0.721408 0.197222 0.018573 0.048148
1 0.718231 0.203704 0.021994 0.025926
1 0.737781 0.206944 0.026882 0.034259
1 0.755621 0.183796 0.034213 0.076852
1 0.773949 0.152778 0.017107 0.020370
1 0.768084 0.303241 0.023949 0.056481
1 0.751222 0.337500 0.007820 0.013889
0 0.751222 0.048611 0.067449 0.097222
1 0.884897 0.889815 0.014174 0.033333
1 0.890274 0.929167 0.028837 0.025000
1 0.820137 0.822222 0.018573 0.038889
1 0.833333 0.837037 0.034213 0.064815
1 0.815982 0.726852 0.023949 0.059259
1 0.833333 0.276852 0.012708 0.055556
1 0.846041 0.182870 0.048876 0.119444
1 0.893939 0.006944 0.012708 0.013889
1 0.897361 0.312037 0.016618 0.027778
1 0.923509 0.311574 0.031769 0.013889
1 0.878543 0.480093 0.028837 0.073148
1 0.929130 0.578241 0.022483 0.050926
1 0.924976 0.946296 0.018084 0.035185
1 0.960899 0.963426 0.022483 0.049074
1 0.946725 0.965741 0.043988 0.066667
1 0.938416 0.777315 0.017595 0.069444
1 0.946725 0.815741 0.074291 0.175926
1 0.972874 0.841667 0.052297 0.224074
1 0.963343 0.734722 0.021505 0.030556
1 0.975318 0.596296 0.013196 0.050000
1 0.967986 0.651852 0.010264 0.024074
1 0.994624 0.497222 0.009775 0.042593
1 0.945259 0.406019 0.083089 0.106481
1 0.972874 0.338426 0.025904 0.028704
1 0.946725 0.256481 0.045943 0.040741
1 0.934018 0.250000 0.018573 0.022222
1 0.948925 0.015741 0.038612 0.031481
1 0.950635 0.175926 0.097752 0.311111
0 0.785191 0.971759 0.122678 0.054630
1 0.785191 0.651389 0.069892 0.123148
0 0.763196 0.750926 0.084555 0.209259
1 0.720674 0.666667 0.011241 0.022222
0 0.777370 0.588426 0.131476 0.228704
0 0.763196 0.352315 0.144184 0.382407
1 0.830890 0.339815 0.025415 0.044444
1 0.821603 0.474074 0.012708 0.031481