1 0.027615 0.068981 0.049365 0.086111
1 0.226540 0.044907 0.079668 0.089815
1 0.334555 0.046759 0.052297 0.084259
1 0.224829 0.262037 0.101662 0.138889
1 0.151271 0.301389 0.064027 0.063889
1 0.135142 0.505093 0.054252 0.125000
0 0.458211 0.225463 0.119746 0.310185
1 0.386119 0.310648 0.061584 0.087963
1 0.289101 0.222222 0.025904 0.057407
1 0.588465 0.168519 0.019550 0.042593
1 0.493402 0.508796 0.033724 0.060185
1 0.437439 0.458333 0.037146 0.062963
1 0.500000 0.344444 0.038123 0.055556
1 0.073069 0.744444 0.058162 0.094444
1 0.207478 0.693519 0.037634 0.070370
1 0.246579 0.652315 0.023949 0.037963
1 0.257576 0.591667 0.032258 0.077778
1 0.189883 0.753241 0.050342 0.065741
1 0.249511 0.789815 0.042522 0.068519
0 0.405914 0.675000 0.151026 0.237037
1 0.580156 0.634259 0.028348 0.074074
1 0.163001 0.961574 0.051320 0.075000
1 0.066960 0.839352 0.036168 0.041667
1 0.103128 0.916667 0.042033 0.068519
1 0.246090 0.962963 0.030792 0.048148
1 0.227273 0.918056 0.031281 0.039815
1 0.190616 0.851852 0.029326 0.042593
1 0.154203 0.830556 0.035679 0.048148
1 0.454545 0.908333 0.045943 0.053704