1 0.103372 0.044444 0.083578 0.074074
1 0.017107 0.117130 0.020528 0.047222
1 0.006598 0.062963 0.009286 0.044444
1 0.022727 0.228241 0.045455 0.069444
1 0.103128 0.282407 0.034213 0.083333
1 0.015885 0.301852 0.028837 0.105556
1 0.049853 0.461574 0.053763 0.106481
1 0.312317 0.054630 0.049853 0.070370
1 0.364858 0.102315 0.011241 0.025000
1 0.122434 0.154630 0.028837 0.044444
1 0.176931 0.102778 0.012708 0.025926
1 0.092620 0.561111 0.033724 0.055556
1 0.041056 0.573148 0.045943 0.055556
1 0.088710 0.658333 0.051320 0.109259
1 0.075758 0.977778 0.026393 0.037037
1 0.108749 0.945370 0.018084 0.031481
1 0.030547 0.786111 0.033724 0.051852
1 0.349951 0.628241 0.016618 0.026852
1 0.390274 0.621759 0.011241 0.028704
0 0.571848 0.151852 0.217009 0.266667
1 0.538856 0.019444 0.031769 0.037037
1 0.504888 0.006019 0.025415 0.012037
0 0.639785 0.045833 0.114370 0.091667
1 0.716276 0.177315 0.023949 0.039815
1 0.578446 0.259259 0.009286 0.025926
1 0.459677 0.403241 0.023949 0.041667
1 0.502688 0.402315 0.021017 0.028704
1 0.570137 0.397685 0.070870 0.084259
0 0.594086 0.588426 0.178397 0.291667
1 0.631965 0.814815 0.018573 0.031481
1 0.498045 0.954630 0.081134 0.085185
1 0.536168 0.857407 0.036168 0.046296
1 0.821359 0.747685 0.089443 0.093519
1 0.886852 0.409722 0.021017 0.054630
1 0.893695 0.125000 0.050342 0.087037
1 0.951124 0.016667 0.024438 0.029630
1 0.423021 0.273611 0.015152 0.021296