1 0.508309 0.758333 0.012708 0.025926
0 0.606305 0.825463 0.399316 0.347222
1 0.623167 0.085648 0.016618 0.036111
0 0.505376 0.290278 0.376344 0.352778
1 0.497556 0.122685 0.029326 0.065741
1 0.371701 0.030093 0.034702 0.045370
1 0.470919 0.300463 0.025904 0.039815
1 0.495357 0.374074 0.024927 0.059259
1 0.742180 0.819444 0.035679 0.040741
1 0.123412 0.410185 0.043500 0.062963
1 0.075269 0.271296 0.017595 0.033333
1 0.963587 0.675463 0.026882 0.054630
1 0.904448 0.336111 0.038612 0.081481
1 0.938416 0.305556 0.121212 0.237037