1 0.075269 0.098611 0.027370 0.052778
1 0.116325 0.056481 0.043988 0.050000
1 0.135386 0.112037 0.014663 0.035185
1 0.142962 0.067130 0.007331 0.030556
1 0.185484 0.073611 0.016129 0.030556
1 0.179130 0.011111 0.013196 0.022222
1 0.098974 0.083796 0.012219 0.032407
1 0.109726 0.090741 0.015152 0.038889
1 0.093109 0.190741 0.021994 0.046296
1 0.113881 0.206019 0.019550 0.049074
1 0.135875 0.183796 0.022483 0.039815
1 0.174487 0.159722 0.017595 0.039815
1 0.260020 0.249074 0.043988 0.074074
1 0.122190 0.242593 0.022483 0.048148
1 0.032747 0.264352 0.021505 0.037963
1 0.083333 0.264815 0.026882 0.038889
1 0.057674 0.306019 0.031281 0.037963
1 0.067449 0.341204 0.017595 0.023148
1 0.103372 0.373611 0.019062 0.045370
1 0.133920 0.422222 0.035191 0.050000
1 0.118524 0.353241 0.020039 0.036111
1 0.146872 0.382407 0.020039 0.061111
1 0.128299 0.498611 0.016129 0.054630
1 0.087732 0.525926 0.028837 0.048148
1 0.147361 0.480093 0.021017 0.036111
1 0.019795 0.611111 0.039589 0.100000
1 0.044966 0.566667 0.035191 0.075926
1 0.027615 0.509722 0.012219 0.039815
1 0.051075 0.691667 0.021017 0.051852
1 0.152004 0.716667 0.040078 0.062963
1 0.057429 0.619444 0.022972 0.048148
1 0.068426 0.566667 0.028348 0.025926
1 0.035435 0.871759 0.038612 0.078704
1 0.164956 0.986574 0.017107 0.023148
1 0.317204 0.007870 0.011730 0.015741
1 0.298387 0.043981 0.017107 0.032407
1 0.298387 0.131019 0.034702 0.052778
1 0.306940 0.131944 0.014663 0.069444
1 0.278348 0.202778 0.035679 0.042593
1 0.312317 0.216667 0.020528 0.072222
1 0.294721 0.232870 0.011730 0.030556
1 0.309873 0.340741 0.040078 0.025926
1 0.297898 0.325926 0.015152 0.029630
1 0.272483 0.402778 0.020039 0.048148
1 0.314761 0.375000 0.040078 0.061111
1 0.288368 0.433333 0.035191 0.062963
1 0.242424 0.453704 0.016618 0.038889
1 0.314761 0.499074 0.015640 0.031481
1 0.280059 0.546759 0.042033 0.076852
1 0.318671 0.547222 0.017595 0.033333
1 0.322825 0.601852 0.048387 0.111111
1 0.298631 0.639352 0.025415 0.058333
1 0.315738 0.676852 0.021505 0.040741
1 0.301808 0.783333 0.013196 0.035185
1 0.301320 0.814815 0.030792 0.059259
1 0.288368 0.839815 0.053763 0.103704
1 0.333578 0.721759 0.017107 0.028704
1 0.435973 0.856481 0.030303 0.064815
1 0.289589 0.863889 0.011241 0.025926
1 0.301808 0.900926 0.018084 0.059259
1 0.318182 0.892593 0.015640 0.033333
1 0.394184 0.632407 0.070870 0.118519
1 0.402981 0.401852 0.037634 0.085185
1 0.437439 0.376852 0.014663 0.044444
1 0.423021 0.399537 0.013196 0.076852
1 0.440371 0.459722 0.032258 0.056481
1 0.451613 0.402315 0.024438 0.041667
0 0.418866 0.037963 0.011730 0.075926
1 0.427664 0.109722 0.016618 0.028704
1 0.514174 0.881481 0.020528 0.048148
1 0.516862 0.883333 0.025904 0.035185
1 0.567449 0.841204 0.028348 0.058333
1 0.578201 0.852778 0.024438 0.040741
1 0.589198 0.817593 0.027859 0.044444
1 0.630499 0.868981 0.027370 0.056481
1 0.588465 0.890741 0.016618 0.024074
1 0.531525 0.908333 0.007331 0.014815
1 0.524438 0.799074 0.022483 0.044444
1 0.552297 0.763426 0.022483 0.045370
1 0.499756 0.686111 0.018084 0.046296
1 0.567449 0.687500 0.026393 0.062037
1 0.586510 0.733333 0.008798 0.031481
0 0.614614 0.962500 0.045455 0.069444
1 0.644673 0.518056 0.023460 0.041667
1 0.589932 0.502778 0.008798 0.027778
1 0.660068 0.393056 0.021017 0.063889
1 0.677908 0.461574 0.014663 0.049074
1 0.638319 0.337500 0.017595 0.034259
1 0.511975 0.154630 0.021017 0.050000
1 0.638807 0.086111 0.029326 0.046296
1 0.511730 0.050926 0.011730 0.014815
1 0.504888 0.023148 0.016618 0.046296
1 0.739980 0.076852 0.036168 0.087037
1 0.793255 0.130556 0.023460 0.068519
1 0.785191 0.172222 0.017107 0.042593
1 0.750978 0.238889 0.030792 0.048148
1 0.799853 0.040741 0.025904 0.053704
1 0.815738 0.020370 0.030303 0.040741
1 0.761486 0.443056 0.023460 0.032407
1 0.858749 0.514352 0.031281 0.058333
1 0.886608 0.569907 0.014663 0.028704
1 0.785924 0.556481 0.027370 0.048148
1 0.802053 0.521759 0.027370 0.043519
1 0.783969 0.404630 0.026393 0.025926
1 0.801808 0.388426 0.023949 0.052778
1 0.783480 0.373148 0.023460 0.064815
1 0.809384 0.271759 0.026393 0.028704
1 0.794721 0.299074 0.028348 0.061111
1 0.821359 0.290278 0.016129 0.026852
1 0.798631 0.331019 0.021505 0.015741
1 0.882209 0.250000 0.019550 0.035185
1 0.896139 0.290278 0.020039 0.060185
1 0.882942 0.184259 0.016129 0.035185
1 0.689883 0.709259 0.012219 0.040741
1 0.786413 0.794444 0.040078 0.061111
1 0.793988 0.750000 0.019062 0.035185
1 0.687928 0.865278 0.018084 0.052778
1 0.659824 0.932870 0.027370 0.030556
1 0.770039 0.912037 0.017107 0.044444
1 0.761975 0.882407 0.019550 0.033333
1 0.834800 0.853704 0.022483 0.037037
1 0.841642 0.830556 0.018573 0.035185
1 0.847752 0.785185 0.021994 0.066667
1 0.843597 0.798611 0.020528 0.050926
1 0.804497 0.688426 0.029326 0.045370
1 0.797654 0.698611 0.025415 0.043519
1 0.836266 0.687500 0.029326 0.056481
1 0.886608 0.718519 0.013685 0.020370
1 0.923754 0.019907 0.026393 0.037963
1 0.934506 0.146759 0.016618 0.032407
1 0.925220 0.177778 0.030303 0.044444
1 0.927175 0.234722 0.025415 0.023148
1 0.915689 0.159259 0.009286 0.033333
1 0.946481 0.253241 0.027859 0.058333
1 0.960411 0.322222 0.035191 0.057407
1 0.918866 0.651389 0.022483 0.054630
1 0.983382 0.501852 0.024438 0.031481
1 0.987537 0.532870 0.021994 0.045370
1 0.923998 0.718056 0.036657 0.069444
1 0.963832 0.824537 0.014663 0.047222
1 0.994379 0.825926 0.009286 0.037037
1 0.966031 0.823148 0.027859 0.016667
1 0.918133 0.766667 0.024927 0.038889
1 0.918133 0.793981 0.038612 0.041667
0 0.534946 0.528704 0.306452 0.774074
0 0.475806 0.029630 0.037634 0.057407
0 0.585777 0.211574 0.312317 0.423148
1 0.558407 0.336111 0.025904 0.016667
1 0.581134 0.418981 0.012708 0.026852
1 0.122678 0.221296 0.010753 0.031481
1 0.049853 0.467130 0.038123 0.076852
1 0.124878 0.725926 0.012219 0.024074
1 0.046921 0.827778 0.025415 0.038889
1 0.046432 0.761574 0.022483 0.043519
1 0.043255 0.790741 0.021017 0.046296
1 0.288856 0.711111 0.041056 0.077778
1 0.250978 0.706019 0.055230 0.080556
1 0.977517 0.923148 0.023460 0.035185