1 0.218719 0.150463 0.041544 0.052778
1 0.238025 0.209722 0.029326 0.087963
1 0.273216 0.293056 0.030303 0.056481
1 0.221652 0.314352 0.038612 0.060185
1 0.263685 0.375000 0.040567 0.070370
1 0.268573 0.446296 0.051320 0.085185
1 0.293011 0.088889 0.081623 0.092593
1 0.299853 0.156944 0.021017 0.039815
1 0.289101 0.020370 0.060117 0.040741
1 0.141496 0.280093 0.030792 0.078704
1 0.122434 0.341667 0.046432 0.074074
1 0.034457 0.190741 0.035679 0.072222
1 0.095064 0.150000 0.061095 0.137037
1 0.086999 0.246296 0.049853 0.072222
1 0.008309 0.093519 0.016618 0.105556
1 0.035679 0.021759 0.070381 0.041667
1 0.012952 0.261111 0.022972 0.072222
1 0.016129 0.336111 0.020528 0.059259
1 0.046921 0.415278 0.030303 0.054630
1 0.096774 0.475463 0.040078 0.052778
1 0.013685 0.496759 0.022483 0.054630
1 0.153715 0.440278 0.027859 0.052778
1 0.205523 0.450463 0.040567 0.095370
1 0.030059 0.609722 0.042522 0.062037
1 0.014907 0.711111 0.026882 0.092593
1 0.017107 0.901852 0.033236 0.129630
1 0.080890 0.798148 0.028837 0.046296
1 0.073314 0.882870 0.037146 0.084259
1 0.264418 0.918056 0.044966 0.056481
1 0.203079 0.965278 0.035679 0.060185
1 0.122434 0.969907 0.027859 0.050926
1 0.259286 0.611111 0.037634 0.055556
1 0.268573 0.676389 0.037634 0.078704
1 0.252688 0.737500 0.018573 0.030556
1 0.404448 0.464815 0.048387 0.057407
1 0.413978 0.321759 0.035191 0.075000
1 0.425464 0.373611 0.019062 0.041667
1 0.401026 0.042593 0.030792 0.044444
1 0.410802 0.097685 0.050342 0.065741
1 0.420821 0.162037 0.025415 0.050000
1 0.465787 0.286574 0.031281 0.069444
1 0.477517 0.362963 0.041056 0.068519
1 0.485337 0.228704 0.068426 0.107407
1 0.506109 0.145833 0.052297 0.062037
0 0.535191 0.133796 0.152493 0.262037
1 0.624633 0.169907 0.043011 0.069444
1 0.574047 0.307407 0.049365 0.085185
1 0.517351 0.336111 0.060117 0.107407
1 0.485337 0.442593 0.031281 0.057407
1 0.524438 0.505556 0.037146 0.094444
1 0.415445 0.594907 0.066471 0.084259
1 0.485093 0.551389 0.064027 0.134259
1 0.412757 0.657407 0.022972 0.046296
0 0.589687 0.671759 0.335777 0.478704
1 0.171554 0.757870 0.036168 0.039815
1 0.347019 0.522685 0.021505 0.041667
1 0.353372 0.593519 0.025415 0.027778
1 0.507331 0.844444 0.031281 0.059259
1 0.541056 0.843519 0.029326 0.057407
1 0.415200 0.823148 0.027859 0.044444
0 0.381965 0.868519 0.038612 0.151852
0 0.490958 0.925000 0.244868 0.137037
0 0.645650 0.944444 0.177908 0.101852
1 0.624878 0.909259 0.040567 0.083333
1 0.668377 0.790278 0.032747 0.084259
1 0.721652 0.745833 0.032747 0.054630
1 0.757087 0.748611 0.049853 0.091667
1 0.785924 0.756481 0.043011 0.081481
1 0.752933 0.851389 0.049365 0.108333
1 0.760508 0.942130 0.052786 0.110185
1 0.866569 0.953241 0.030303 0.084259
1 0.860948 0.850926 0.034702 0.081481
1 0.902004 0.839815 0.033724 0.077778
1 0.963587 0.902778 0.066960 0.188889
1 0.965543 0.686574 0.048387 0.063889
1 0.870723 0.538426 0.021994 0.060185
1 0.920332 0.621296 0.025415 0.048148
1 0.967498 0.533333 0.033724 0.079630
1 0.896872 0.412500 0.060606 0.087963
1 0.786657 0.543519 0.061095 0.072222
1 0.796676 0.618981 0.031281 0.049074
1 0.750733 0.605556 0.032258 0.051852
1 0.740225 0.493056 0.036657 0.065741
1 0.744379 0.441204 0.036168 0.045370
1 0.753910 0.366204 0.083578 0.087963
1 0.773216 0.415278 0.031281 0.047222
1 0.626100 0.366204 0.045943 0.078704
1 0.741935 0.289352 0.029326 0.052778
1 0.732160 0.161111 0.032258 0.096296
1 0.776882 0.159722 0.035679 0.134259
1 0.714565 0.086111 0.043988 0.079630
1 0.720674 0.035648 0.040567 0.052778
1 0.757820 0.041204 0.039589 0.080556
1 0.789589 0.044444 0.024927 0.079630
1 0.885386 0.014352 0.049365 0.028704
1 0.920821 0.178241 0.031281 0.063889
1 0.884164 0.194444 0.027370 0.061111
1 0.881232 0.279167 0.033236 0.108333
1 0.970674 0.247685 0.049853 0.147222
1 0.964565 0.132407 0.065005 0.198148
1 0.660557 0.038889 0.028837 0.077778
1 0.806452 0.902778 0.025415 0.053704
1 0.869746 0.761111 0.024927 0.050000