0 0.279081 0.626389 0.130010 0.265741
1 0.389541 0.376852 0.072336 0.159259
1 0.327224 0.339352 0.045455 0.043519
0 0.228495 0.300000 0.094330 0.233333
0 0.050342 0.307870 0.099707 0.191667
1 0.045943 0.634259 0.091887 0.118519
1 0.227517 0.759722 0.052297 0.062037
1 0.187683 0.474074 0.024438 0.070370
1 0.139296 0.508796 0.061584 0.052778
1 0.148583 0.240741 0.029326 0.038889
1 0.163490 0.158796 0.072825 0.087963
1 0.140762 0.025926 0.050831 0.050000
1 0.104350 0.042130 0.043500 0.052778
1 0.070137 0.077315 0.044477 0.052778
1 0.010997 0.131481 0.021017 0.037037
1 0.245846 0.012500 0.038123 0.025000
1 0.359482 0.026389 0.076735 0.050926
1 0.387830 0.158796 0.040567 0.075000
1 0.305718 0.448611 0.053275 0.089815
1 0.269795 0.404630 0.027370 0.059259
1 0.115591 0.647222 0.027859 0.048148
1 0.039101 0.760648 0.038123 0.060185
1 0.061339 0.973148 0.098240 0.044444
1 0.183529 0.954167 0.052297 0.086111
1 0.427175 0.946759 0.088954 0.100926
1 0.560850 0.742130 0.075758 0.132407
1 0.501711 0.807870 0.021994 0.065741
1 0.611926 0.610185 0.024438 0.053704
1 0.582845 0.631944 0.024927 0.039815
1 0.656647 0.517593 0.041544 0.150000
1 0.755376 0.829167 0.051320 0.137963
1 0.825513 0.745833 0.022483 0.050926
1 0.924976 0.782870 0.025904 0.060185
1 0.786657 0.487037 0.048387 0.053704
1 0.741447 0.585648 0.035191 0.087963
1 0.768328 0.402315 0.043011 0.086111
1 0.675709 0.359722 0.035679 0.075000
1 0.584066 0.367130 0.019550 0.045370
1 0.690616 0.062037 0.056696 0.109259
1 0.759775 0.271296 0.027859 0.096296
1 0.768817 0.193519 0.031281 0.037037
1 0.848240 0.181019 0.032747 0.078704
1 0.898583 0.285648 0.070870 0.099074
1 0.914223 0.157870 0.034702 0.089815
1 0.975073 0.404167 0.018573 0.041667
1 0.902248 0.433333 0.033236 0.046296
1 0.559140 0.970833 0.032258 0.036111
1 0.504399 0.974074 0.048876 0.046296
1 0.359482 0.595833 0.039589 0.080556
0 0.453812 0.684722 0.106061 0.263889
0 0.498778 0.437037 0.132454 0.283333
0 0.496823 0.207407 0.194037 0.301852
0 0.468964 0.052315 0.123656 0.104630
1 0.168133 0.690741 0.078201 0.098148
1 0.175220 0.594907 0.077713 0.132407
0 0.281281 0.943519 0.099218 0.111111
0 0.335777 0.875463 0.111437 0.239815