1 0.019062 0.025926 0.023460 0.035185
1 0.036657 0.048148 0.024438 0.044444
1 0.174731 0.028704 0.032747 0.035185
1 0.183529 0.076852 0.022972 0.050000
1 0.260508 0.175000 0.041056 0.083333
1 0.148827 0.353241 0.021017 0.049074
1 0.021017 0.360185 0.039101 0.057407
1 0.134409 0.302315 0.021505 0.056481
1 0.055230 0.143519 0.028348 0.050000
1 0.065982 0.176389 0.025415 0.050926
1 0.154936 0.164352 0.089932 0.158333
0 0.010508 0.475000 0.020039 0.087037
1 0.196237 0.406481 0.028837 0.070370
1 0.060606 0.555093 0.046921 0.073148
1 0.186706 0.509722 0.020528 0.060185
1 0.185973 0.461574 0.020039 0.049074
1 0.097752 0.781481 0.034213 0.122222
1 0.024194 0.834722 0.021994 0.045370
1 0.008553 0.832407 0.016129 0.050000
1 0.164712 0.687963 0.025415 0.038889
1 0.238270 0.851852 0.026882 0.046296
1 0.277615 0.823611 0.044966 0.095370
1 0.266373 0.751389 0.039101 0.080556
1 0.308162 0.623611 0.024927 0.047222
1 0.259042 0.639352 0.045943 0.099074
1 0.025660 0.950463 0.029814 0.047222
1 0.026882 0.986574 0.023460 0.025000
1 0.386119 0.139815 0.033236 0.146296
1 0.328201 0.071296 0.056207 0.072222
1 0.341153 0.040741 0.060606 0.064815
1 0.269306 0.327315 0.028348 0.037963
1 0.310606 0.486574 0.016129 0.028704
1 0.342864 0.418056 0.037634 0.047222
1 0.435239 0.389352 0.021017 0.060185
0 0.459677 0.203704 0.119746 0.353704
0 0.446725 0.574537 0.146628 0.360185
0 0.410068 0.684259 0.082111 0.129630
1 0.356794 0.649074 0.031281 0.048148
0 0.426442 0.878241 0.136364 0.239815
1 0.457967 0.792130 0.028348 0.050926
1 0.567449 0.301389 0.047898 0.071296
1 0.711144 0.651389 0.031281 0.065741
1 0.636119 0.758333 0.018084 0.029630
1 0.684018 0.583333 0.020039 0.037037
1 0.770039 0.898148 0.009286 0.042593
1 0.908358 0.779167 0.021994 0.030556
1 0.894428 0.880093 0.025415 0.050926
1 0.820381 0.832870 0.024927 0.030556
1 0.892473 0.853704 0.013685 0.022222