1 0.630499 0.985185 0.009775 0.027778
1 0.511486 0.965278 0.019062 0.067593
1 0.795210 0.934259 0.025415 0.046296
1 0.308651 0.877315 0.012219 0.023148
1 0.824291 0.876389 0.028837 0.063889
1 0.728006 0.860185 0.058162 0.057407
1 0.278104 0.827315 0.026393 0.039815
1 0.838710 0.777315 0.009775 0.013889
1 0.701369 0.756481 0.021505 0.020370
1 0.180841 0.780556 0.025415 0.083333
1 0.154448 0.749537 0.022483 0.045370
1 0.123167 0.680556 0.021505 0.053704
1 0.536413 0.594907 0.017107 0.028704
1 0.007087 0.556944 0.014174 0.043519
1 0.779081 0.541667 0.016618 0.037037
1 0.641007 0.535648 0.010264 0.023148
1 0.326735 0.549537 0.035679 0.071296
1 0.282502 0.505556 0.030303 0.083333
1 0.147849 0.493519 0.013196 0.037037
1 0.868280 0.477778 0.009286 0.025926
1 0.126833 0.449537 0.023949 0.030556
1 0.659335 0.378704 0.010753 0.022222
1 0.047898 0.387037 0.024438 0.053704
1 0.476540 0.389815 0.035191 0.077778
1 0.089198 0.309259 0.030792 0.040741
1 0.591153 0.279167 0.020039 0.041667
1 0.682551 0.285648 0.024927 0.076852
1 0.240469 0.182870 0.025415 0.054630
1 0.834066 0.187037 0.038612 0.068519
1 0.254888 0.115741 0.022972 0.062963
1 0.072336 0.023148 0.019550 0.040741
1 0.091642 0.012037 0.005376 0.024074
1 0.130254 0.944444 0.009286 0.020370
1 0.059629 0.467130 0.009775 0.028704
1 0.070381 0.436574 0.049853 0.034259
1 0.018817 0.415278 0.037634 0.058333
1 0.195748 0.196296 0.049365 0.098148
1 0.267840 0.206944 0.065494 0.069444
1 0.272972 0.398611 0.037634 0.080556
1 0.260264 0.464815 0.012219 0.018519
1 0.233138 0.456481 0.013685 0.014815
1 0.180108 0.432407 0.014174 0.016667
1 0.339687 0.106481 0.025415 0.040741
0 0.432796 0.906019 0.133431 0.182407
0 0.424731 0.811574 0.104594 0.300926
1 0.379032 0.823611 0.031769 0.056481
1 0.540567 0.703241 0.049853 0.091667
1 0.535435 0.635185 0.024927 0.042593
0 0.421799 0.619907 0.223851 0.206481
0 0.409824 0.422685 0.103128 0.337963
0 0.422043 0.151852 0.233138 0.303704
1 0.828935 0.973611 0.024438 0.047222
1 0.854106 0.722222 0.021994 0.066667
1 0.898827 0.683333 0.013685 0.031481
1 0.876100 0.671759 0.063050 0.049074