1 0.040323 0.023611 0.026882 0.045370
1 0.085288 0.306944 0.024927 0.041667
1 0.012463 0.278704 0.021017 0.029630
1 0.064027 0.407407 0.029326 0.044444
1 0.070137 0.372222 0.024927 0.044444
1 0.119746 0.478241 0.031281 0.039815
1 0.053519 0.465278 0.021017 0.045370
1 0.020283 0.600926 0.025904 0.061111
1 0.084066 0.863889 0.168133 0.270370
1 0.009775 0.801852 0.019550 0.103704
1 0.159091 0.693981 0.059140 0.065741
1 0.233382 0.954167 0.062072 0.043519
1 0.263441 0.788889 0.060606 0.083333
1 0.260508 0.465741 0.048876 0.077778
1 0.271505 0.568519 0.046432 0.048148
1 0.289345 0.814352 0.034213 0.084259
1 0.257087 0.031481 0.036168 0.059259
1 0.248534 0.125000 0.020039 0.081481
1 0.287634 0.152315 0.049365 0.062037
1 0.238759 0.170370 0.017107 0.068519
1 0.266862 0.081944 0.024438 0.041667
1 0.339198 0.397222 0.035191 0.033333
1 0.337488 0.656944 0.031769 0.087963
1 0.341887 0.808796 0.016129 0.080556
1 0.329668 0.953241 0.058162 0.091667
1 0.204301 0.625463 0.015640 0.039815
1 0.244135 0.600926 0.012219 0.018519
1 0.245846 0.681019 0.019550 0.026852
1 0.194526 0.337963 0.027370 0.025926
1 0.228006 0.298611 0.017107 0.032407
1 0.416422 0.081944 0.034213 0.086111
1 0.376100 0.032870 0.027859 0.043519
1 0.451369 0.021759 0.066960 0.043519
1 0.395406 0.135648 0.106549 0.158333
1 0.394673 0.236574 0.029814 0.039815
1 0.389052 0.279630 0.024438 0.035185
1 0.364858 0.307407 0.027859 0.044444
1 0.444526 0.265278 0.030792 0.045370
1 0.463587 0.221296 0.020039 0.038889
1 0.480938 0.140278 0.035191 0.106481
0 0.604839 0.035648 0.127566 0.071296
0 0.580645 0.100926 0.114370 0.144444
0 0.582845 0.243981 0.096285 0.328704
1 0.637830 0.242130 0.079179 0.134259
1 0.516862 0.136574 0.052297 0.082407
1 0.471652 0.296759 0.015640 0.084259
1 0.539101 0.277315 0.069404 0.226852
1 0.494868 0.319907 0.025904 0.071296
1 0.498534 0.393519 0.069404 0.066667
1 0.451613 0.370370 0.024438 0.059259
1 0.413490 0.355556 0.028348 0.022222
1 0.381232 0.423148 0.023460 0.105556
1 0.393451 0.451852 0.026393 0.072222
1 0.380010 0.509259 0.033724 0.127778
1 0.417644 0.506944 0.023949 0.095370
1 0.414712 0.445833 0.021017 0.075000
1 0.400782 0.518056 0.015640 0.093519
1 0.468719 0.444444 0.030303 0.062963
1 0.414956 0.624537 0.058651 0.062037
1 0.424731 0.586574 0.046921 0.043519
1 0.429374 0.546296 0.032747 0.038889
1 0.450635 0.573611 0.042033 0.100926
1 0.482405 0.548148 0.069404 0.101852
1 0.365103 0.761111 0.037146 0.055556
1 0.390274 0.927315 0.054252 0.069444
1 0.408358 0.841204 0.078690 0.141667
1 0.431085 0.750926 0.085044 0.138889
1 0.444037 0.954630 0.065982 0.088889
1 0.473118 0.981481 0.048876 0.035185
1 0.508065 0.707870 0.096285 0.241667
1 0.514418 0.911574 0.037634 0.060185
0 0.568426 0.900926 0.093842 0.196296
1 0.539345 0.838889 0.025904 0.066667
1 0.647849 0.911574 0.106061 0.171296
1 0.570626 0.761111 0.044477 0.148148
1 0.618768 0.769907 0.071359 0.076852
1 0.547165 0.733333 0.023949 0.140741
1 0.587243 0.666204 0.047410 0.039815
1 0.547654 0.534259 0.108016 0.192593
0 0.586999 0.472222 0.073314 0.240741
1 0.652737 0.723611 0.043500 0.115741
1 0.704545 0.930093 0.054252 0.091667
1 0.702102 0.856944 0.064027 0.125000
1 0.641251 0.565278 0.044966 0.141667
1 0.669844 0.576852 0.015152 0.062963
1 0.758309 0.981019 0.029814 0.032407
1 0.734115 0.723611 0.066471 0.119444
1 0.757087 0.875463 0.027370 0.041667
1 0.779814 0.897685 0.038612 0.049074
1 0.790323 0.742130 0.038123 0.097222
1 0.710655 0.592593 0.036168 0.124074
1 0.717742 0.487963 0.062072 0.125926
1 0.755865 0.666667 0.062072 0.088889
1 0.762463 0.567593 0.046921 0.148148
1 0.812561 0.831019 0.089443 0.136111
1 0.838954 0.953241 0.036657 0.089815
1 0.881232 0.893519 0.076246 0.105556
1 0.858016 0.806019 0.039589 0.095370
1 0.951613 0.926389 0.039101 0.113889
1 0.972385 0.946296 0.021017 0.098148
1 0.985826 0.806019 0.026393 0.106481
1 0.978495 0.881019 0.040078 0.132407
1 0.947703 0.891204 0.027370 0.056481
1 0.940860 0.810648 0.044966 0.086111
1 0.927175 0.668056 0.107527 0.139815
1 0.983627 0.717593 0.029814 0.112963
1 0.798387 0.622222 0.073803 0.094444
1 0.870235 0.648148 0.026882 0.070370
1 0.838954 0.652778 0.044477 0.066667
1 0.835044 0.613426 0.026882 0.060185
1 0.966764 0.606944 0.063539 0.149074
1 0.950880 0.549074 0.045455 0.109259
1 0.789345 0.595370 0.017595 0.103704
1 0.912512 0.576389 0.027370 0.065741
1 0.957234 0.643519 0.035679 0.087037
1 0.956012 0.451852 0.022483 0.101852
1 0.981916 0.460185 0.035191 0.100000
1 0.982893 0.525926 0.032258 0.064815
1 0.906158 0.511574 0.043988 0.056481
1 0.854594 0.508796 0.071848 0.089815
1 0.823558 0.505093 0.022483 0.075000
1 0.856794 0.474074 0.041056 0.038889
1 0.834800 0.470833 0.019550 0.049074
1 0.875367 0.420370 0.043011 0.059259
1 0.944282 0.380556 0.037146 0.062963
1 0.968231 0.425926 0.022483 0.046296
1 0.968964 0.348148 0.059140 0.133333
1 0.947703 0.209722 0.095797 0.187963
1 0.895650 0.062963 0.051320 0.111111
1 0.923021 0.038426 0.041544 0.076852
1 0.964565 0.078241 0.040567 0.073148
1 0.981672 0.029630 0.033724 0.059259
1 0.719453 0.060648 0.131965 0.121296
1 0.663978 0.126389 0.063050 0.102778
1 0.705523 0.095833 0.029814 0.065741
1 0.661535 0.331944 0.123656 0.258333
1 0.728006 0.363426 0.114858 0.195370
1 0.708700 0.250926 0.050831 0.118519
1 0.760264 0.141667 0.104106 0.214815
1 0.781769 0.245370 0.055230 0.153704
1 0.756354 0.473611 0.034702 0.106481
1 0.821359 0.424537 0.037634 0.097222
1 0.777859 0.423611 0.035679 0.058333
1 0.801808 0.384722 0.028837 0.058333
1 0.834555 0.279167 0.025904 0.049074
1 0.822336 0.202778 0.058162 0.174074
1 0.826246 0.099537 0.031769 0.078704
1 0.862903 0.154630 0.030792 0.151852
1 0.821359 0.315741 0.039589 0.114815
1 0.849951 0.749074 0.010753 0.025926
1 0.786168 0.672222 0.021994 0.037037
1 0.516862 0.205093 0.020039 0.032407
1 0.430841 0.347222 0.015152 0.057407
1 0.408358 0.373148 0.016129 0.025926
1 0.488270 0.448611 0.020528 0.036111
1 0.521750 0.104630 0.023949 0.050000
1 0.545210 0.941204 0.032747 0.071296
1 0.984604 0.973611 0.029814 0.050926
1 0.952346 0.983333 0.027859 0.031481
1 0.934018 0.936111 0.019550 0.037037