1 0.052542 0.097222 0.021017 0.074074
1 0.182307 0.121759 0.053763 0.028704
1 0.007087 0.252778 0.014174 0.057407
1 0.028592 0.161111 0.021994 0.040741
1 0.106549 0.280556 0.030303 0.042593
1 0.120235 0.258796 0.028348 0.026852
1 0.049365 0.284259 0.034213 0.035185
1 0.025660 0.356019 0.023949 0.032407
1 0.069892 0.328241 0.036168 0.060185
1 0.056696 0.437963 0.028348 0.059259
1 0.020283 0.467593 0.024927 0.048148
1 0.009531 0.451852 0.019062 0.044444
1 0.051075 0.681481 0.035679 0.027778
1 0.076002 0.624074 0.046432 0.125926
1 0.134653 0.869444 0.018084 0.033333
1 0.114858 0.888426 0.019550 0.030556
1 0.054008 0.974537 0.013196 0.045370
1 0.023705 0.809259 0.046432 0.075926
1 0.185239 0.811574 0.033236 0.091667
1 0.230694 0.719444 0.024438 0.050000
1 0.185728 0.677778 0.037146 0.101852
1 0.164956 0.405093 0.017107 0.037963
1 0.206989 0.406481 0.077713 0.085185
1 0.122434 0.474537 0.032747 0.069444
1 0.152493 0.291204 0.018573 0.060185
1 0.213832 0.187037 0.036657 0.061111
1 0.250733 0.180556 0.036168 0.040741
1 0.207967 0.085185 0.059140 0.075926
1 0.166422 0.012963 0.024927 0.025926
1 0.258065 0.969907 0.051808 0.056481
1 0.283969 0.813426 0.027370 0.050926
1 0.258798 0.808333 0.023949 0.048148
1 0.239003 0.813426 0.027370 0.039815
1 0.282747 0.804167 0.026882 0.058333
1 0.290811 0.675926 0.021505 0.038889
1 0.335533 0.745833 0.052297 0.069444
1 0.327713 0.109722 0.027859 0.058333
1 0.286901 0.207870 0.025415 0.041667
1 0.285924 0.262963 0.034213 0.092593
1 0.353372 0.234722 0.097752 0.154630
1 0.328690 0.293981 0.053275 0.086111
1 0.326246 0.348148 0.079668 0.103704
1 0.353861 0.394907 0.020528 0.043519
1 0.347752 0.456481 0.010264 0.029630
1 0.297654 0.308333 0.041056 0.053704
1 0.312317 0.545833 0.045943 0.043519
1 0.326491 0.563889 0.007820 0.022222
1 0.346530 0.530093 0.016618 0.047222
1 0.334311 0.596759 0.012708 0.034259
1 0.352395 0.598611 0.035191 0.037963
1 0.360948 0.955556 0.039589 0.077778
1 0.464565 0.914815 0.071848 0.148148
1 0.405914 0.937963 0.043500 0.075926
1 0.427419 0.925000 0.077713 0.146296
1 0.427175 0.947222 0.045943 0.103704
1 0.412512 0.437963 0.050831 0.070370
1 0.430352 0.506019 0.018084 0.049074
1 0.444037 0.494444 0.011241 0.035185
1 0.456500 0.407870 0.013685 0.030556
1 0.483871 0.389352 0.010753 0.047222
1 0.513196 0.311111 0.019550 0.033333
1 0.446725 0.212963 0.109482 0.201852
1 0.426686 0.231944 0.015640 0.039815
1 0.417155 0.039352 0.018084 0.065741
1 0.431085 0.027778 0.070381 0.055556
1 0.985582 0.953704 0.024927 0.051852
1 0.915200 0.857407 0.037634 0.090741
1 0.929619 0.820833 0.025415 0.041667
1 0.955279 0.850000 0.023949 0.053704
1 0.943060 0.855556 0.015152 0.014815
1 0.982649 0.759259 0.017107 0.038889
1 0.990714 0.895370 0.016618 0.055556
1 0.913978 0.983333 0.014663 0.031481
1 0.974829 0.654630 0.014174 0.042593
1 0.958700 0.674074 0.022972 0.038889
0 0.973851 0.556944 0.051320 0.036111
1 0.935484 0.575463 0.018573 0.034259
1 0.935973 0.593519 0.015640 0.035185
1 0.916911 0.570833 0.015640 0.037963
1 0.906647 0.528241 0.014663 0.013889
1 0.872923 0.469907 0.017595 0.032407
1 0.886119 0.481019 0.032258 0.075000
1 0.919355 0.462963 0.011730 0.022222
1 0.952346 0.398611 0.015152 0.026852
1 0.953079 0.364352 0.013685 0.021296
1 0.914712 0.359259 0.016129 0.040741
1 0.929374 0.364815 0.010264 0.025926
1 0.935973 0.135185 0.027370 0.064815
1 0.845552 0.156019 0.012708 0.041667
1 0.815005 0.154630 0.016129 0.022222
1 0.829912 0.164815 0.014663 0.018519
1 0.870968 0.162037 0.032258 0.061111
1 0.842375 0.097222 0.014174 0.027778
1 0.874389 0.038889 0.018573 0.033333
1 0.850196 0.033333 0.019062 0.022222
1 0.835533 0.053704 0.015152 0.035185
1 0.795943 0.098148 0.016129 0.025926
1 0.812317 0.129167 0.013685 0.015741
0 0.985337 0.093056 0.028348 0.186111
1 0.909824 0.691204 0.015152 0.028704
1 0.855572 0.911111 0.014174 0.048148
1 0.822336 0.924074 0.013196 0.014815
1 0.836266 0.856019 0.030303 0.102778
1 0.845308 0.787037 0.028837 0.105556
1 0.781036 0.892130 0.032258 0.047222
1 0.784457 0.929167 0.019550 0.054630
1 0.757820 0.979167 0.030792 0.039815
1 0.677908 0.937500 0.040078 0.115741
1 0.707967 0.927315 0.017107 0.049074
1 0.713587 0.968056 0.026393 0.060185
1 0.687439 0.630556 0.063050 0.031481
1 0.612414 0.555093 0.022483 0.019444
1 0.627077 0.513426 0.006843 0.008333
1 0.669599 0.408333 0.040078 0.053704
1 0.634897 0.320833 0.059629 0.073148
1 0.612414 0.270370 0.019550 0.051852
1 0.728250 0.101852 0.042033 0.050000
1 0.726540 0.137500 0.031769 0.036111
1 0.721896 0.204630 0.018573 0.027778
1 0.727273 0.250926 0.063539 0.083333
1 0.785924 0.204167 0.022483 0.037963
1 0.766618 0.198611 0.012219 0.026852
1 0.771261 0.182407 0.012708 0.025926
1 0.746334 0.304167 0.045943 0.113889
1 0.760508 0.402315 0.015640 0.041667
1 0.806696 0.813426 0.048387 0.104630
1 0.814761 0.725463 0.042033 0.106481
1 0.780792 0.735648 0.041544 0.036111
1 0.788612 0.708796 0.039589 0.084259
1 0.787879 0.758333 0.042033 0.044444
1 0.848485 0.374074 0.030303 0.048148
1 0.811339 0.360185 0.050831 0.090741
1 0.817693 0.328704 0.083089 0.151852
1 0.774927 0.310185 0.037634 0.074074
1 0.823069 0.253704 0.016618 0.051852
1 0.565738 0.050926 0.036657 0.042593
1 0.589198 0.130093 0.020039 0.043519
1 0.616813 0.067130 0.043011 0.058333
1 0.659580 0.089352 0.060117 0.100926
1 0.597019 0.941204 0.014174 0.028704
1 0.597019 0.973148 0.033724 0.051852
1 0.577957 0.612963 0.023949 0.088889
1 0.583822 0.693056 0.034702 0.034259
1 0.590176 0.781944 0.021017 0.049074
1 0.801564 0.554630 0.048876 0.055556
1 0.804008 0.661111 0.051808 0.062963
0 0.543255 0.350000 0.066960 0.190741
0 0.556940 0.497222 0.095308 0.218519
1 0.524927 0.521759 0.027370 0.047222
1 0.600440 0.459259 0.008309 0.014815
1 0.609726 0.465278 0.008309 0.012037
0 0.554497 0.744907 0.080645 0.171296
0 0.570626 0.900926 0.135386 0.146296
1 0.522483 0.859259 0.011730 0.029630
0 0.555230 0.972222 0.076246 0.053704
1 0.564516 0.902315 0.016618 0.028704
1 0.353372 0.101852 0.021505 0.020370