1 0.141984 0.029630 0.055230 0.057407
1 0.138563 0.182870 0.024927 0.037963
1 0.109482 0.353704 0.032258 0.051852
1 0.046921 0.406481 0.019550 0.033333
1 0.021505 0.500000 0.017595 0.025926
1 0.063539 0.639352 0.042033 0.065741
1 0.095064 0.660185 0.017107 0.038889
1 0.203324 0.730556 0.032258 0.053704
1 0.007576 0.810185 0.015152 0.059259
1 0.011730 0.755093 0.023460 0.025000
1 0.006354 0.628704 0.012708 0.040741
1 0.048876 0.811111 0.019550 0.081481
1 0.140518 0.827778 0.040567 0.048148
1 0.169599 0.827315 0.016618 0.021296
1 0.159824 0.884259 0.021505 0.050000
0 0.185484 0.975926 0.045455 0.046296
0 0.240469 0.939815 0.121212 0.116667
1 0.255621 0.846296 0.029326 0.046296
1 0.263930 0.783796 0.041056 0.058333
1 0.302297 0.773611 0.017107 0.034259
1 0.315982 0.757870 0.016129 0.049074
1 0.287634 0.729167 0.027859 0.071296
1 0.257087 0.710185 0.027370 0.040741
1 0.268573 0.699074 0.110948 0.059259
1 0.330645 0.743056 0.012219 0.025000
1 0.357038 0.592593 0.081623 0.098148
1 0.351173 0.619907 0.010264 0.026852
1 0.380254 0.643981 0.015640 0.041667
1 0.412512 0.605093 0.017595 0.032407
1 0.432063 0.708333 0.017595 0.035185
1 0.423265 0.656481 0.011730 0.020370
1 0.388563 0.709722 0.023460 0.058333
1 0.379032 0.749537 0.015152 0.058333
1 0.210655 0.593981 0.020528 0.030556
1 0.182307 0.670370 0.012708 0.024074
1 0.123412 0.549537 0.013196 0.019444
1 0.165445 0.550000 0.035679 0.020370
1 0.232160 0.597685 0.030303 0.054630
1 0.301320 0.529167 0.067937 0.086111
1 0.278104 0.447222 0.030303 0.046296
1 0.278837 0.405093 0.036657 0.028704
1 0.356794 0.809722 0.066471 0.154630
1 0.408358 0.969444 0.021017 0.053704
1 0.432063 0.992593 0.023460 0.009259
1 0.442571 0.955556 0.043500 0.061111
1 0.406647 0.728241 0.016618 0.039815
1 0.418866 0.755556 0.027370 0.037037
1 0.465054 0.783796 0.022972 0.047222
1 0.414223 0.805556 0.016129 0.025926
1 0.484848 0.833796 0.056696 0.025000
1 0.522239 0.843519 0.018084 0.042593
1 0.531769 0.919907 0.019550 0.056481
1 0.521505 0.750463 0.025415 0.030556
0 0.248534 0.529167 0.098240 0.204630
0 0.254643 0.250926 0.146628 0.362963
1 0.357771 0.327315 0.042033 0.062037
1 0.342131 0.309259 0.018573 0.024074
1 0.367302 0.275000 0.021994 0.031481
1 0.394917 0.237500 0.024438 0.026852
0 0.250244 0.071759 0.138807 0.143519
1 0.379032 0.194907 0.010264 0.062037
1 0.393939 0.137500 0.033236 0.110185
1 0.377566 0.094907 0.022972 0.032407
1 0.447458 0.054630 0.016129 0.061111
1 0.325513 0.116667 0.016618 0.029630
1 0.466764 0.013889 0.006843 0.027778
1 0.423754 0.005093 0.013685 0.010185
1 0.443793 0.007870 0.017595 0.015741
1 0.485826 0.019907 0.017595 0.034259
1 0.503177 0.111111 0.038612 0.075926
1 0.489492 0.088889 0.020039 0.033333
1 0.479717 0.209722 0.028837 0.087963
1 0.520528 0.256944 0.019550 0.054630
1 0.390274 0.451852 0.018084 0.016667
1 0.445015 0.300926 0.018084 0.037037
1 0.477761 0.349074 0.023949 0.040741
1 0.510264 0.363426 0.014663 0.043519
1 0.493891 0.347685 0.015152 0.021296
1 0.545943 0.413889 0.005865 0.031481
1 0.424976 0.495370 0.015152 0.031481
1 0.447458 0.520833 0.039589 0.069444
1 0.451124 0.475463 0.013685 0.034259
1 0.483627 0.480093 0.023949 0.060185
1 0.500489 0.541204 0.036168 0.067593
1 0.520283 0.454167 0.016129 0.032407
1 0.538612 0.471759 0.022483 0.047222
1 0.533480 0.443056 0.010264 0.025000
1 0.557674 0.622222 0.036168 0.046296
1 0.545210 0.715741 0.029814 0.033333
1 0.595552 0.714815 0.024927 0.033333
1 0.624389 0.640278 0.022972 0.045370
1 0.552053 0.685648 0.030792 0.028704
1 0.655914 0.641204 0.036168 0.060185
1 0.668622 0.716667 0.024438 0.024074
1 0.684751 0.752315 0.030303 0.043519
1 0.723118 0.605093 0.021994 0.080556
1 0.641496 0.546759 0.020039 0.023148
1 0.561828 0.539815 0.017107 0.024074
1 0.743891 0.474074 0.022483 0.046296
1 0.757820 0.454167 0.027859 0.037963
1 0.703324 0.340741 0.023460 0.027778
1 0.674487 0.303704 0.015640 0.035185
1 0.593842 0.304630 0.100684 0.205556
1 0.534213 0.259259 0.009775 0.053704
1 0.549853 0.212500 0.022483 0.080556
1 0.569648 0.171296 0.011241 0.059259
1 0.577713 0.199537 0.031281 0.041667
1 0.595552 0.184722 0.008309 0.043519
1 0.573803 0.016667 0.023460 0.033333
1 0.693793 0.055093 0.027859 0.078704
1 0.704545 0.100926 0.013196 0.059259
1 0.641984 0.759722 0.024927 0.028704
1 0.596774 0.819907 0.032258 0.052778
1 0.736315 0.962963 0.041544 0.070370
1 0.767351 0.946296 0.016618 0.027778
1 0.786168 0.961111 0.019062 0.044444
1 0.834311 0.936574 0.020528 0.054630
1 0.816716 0.896759 0.016618 0.073148
1 0.723363 0.893519 0.028348 0.050000
1 0.717009 0.858333 0.021505 0.016667
0 0.782014 0.826389 0.114370 0.189815
1 0.731183 0.709259 0.103617 0.187037
0 0.800587 0.589352 0.086022 0.234259
1 0.843109 0.662963 0.034213 0.059259
0 0.793988 0.158796 0.154936 0.145370
0 0.782502 0.053704 0.152493 0.107407
1 0.708456 0.010648 0.018084 0.021296
1 0.856549 0.076389 0.017107 0.023148
1 0.921310 0.025926 0.025415 0.044444
1 0.931574 0.150926 0.012708 0.046296
1 0.944037 0.170833 0.016129 0.052778
1 0.916667 0.226389 0.021994 0.034259
1 0.945259 0.238426 0.026393 0.056481
1 0.969941 0.224537 0.021017 0.060185
1 0.972630 0.250926 0.024438 0.050000
1 0.943793 0.285648 0.017595 0.028704
1 0.996090 0.244907 0.006843 0.045370
1 0.997556 0.094444 0.003910 0.057407
1 0.914956 0.396296 0.015640 0.038889
1 0.847752 0.486111 0.025904 0.025926
1 0.907625 0.460185 0.040078 0.068519
1 0.960899 0.456944 0.017595 0.026852
1 0.937195 0.533333 0.018084 0.053704
1 0.962854 0.532407 0.043988 0.061111
1 0.972630 0.488889 0.019550 0.025926
1 0.982160 0.508796 0.011241 0.030556
1 0.994624 0.529630 0.009775 0.029630
1 0.934751 0.664352 0.024927 0.043519
1 0.945992 0.594907 0.013196 0.028704
1 0.990469 0.666667 0.008309 0.044444
1 0.976051 0.646759 0.014663 0.037963
1 0.931085 0.714352 0.026393 0.026852
1 0.993891 0.735185 0.010264 0.068519
1 0.991935 0.875926 0.012219 0.075926
1 0.920577 0.921296 0.023949 0.057407
1 0.923509 0.968981 0.012219 0.045370
1 0.868768 0.968981 0.013196 0.017593
1 0.583333 0.894444 0.017107 0.018519
1 0.212121 0.880093 0.017595 0.030556
1 0.498534 0.378241 0.008798 0.028704
0 0.802786 0.366667 0.139296 0.261111
1 0.826246 0.232407 0.027859 0.077778
1 0.590176 0.981019 0.036657 0.026852
1 0.895406 0.747685 0.022483 0.028704