0 0.210899 0.978704 0.018084 0.040741
1 0.451369 0.976389 0.013196 0.045370
0 0.262708 0.970833 0.074780 0.056481
1 0.957967 0.957870 0.042033 0.054630
1 0.565005 0.937963 0.015640 0.066667
1 0.499756 0.899537 0.033724 0.045370
1 0.543744 0.886111 0.021017 0.031481
1 0.977517 0.881481 0.029326 0.053704
0 0.779570 0.890741 0.092864 0.087037
1 0.615103 0.836111 0.020039 0.053704
1 0.948436 0.869907 0.055230 0.121296
0 0.262219 0.843056 0.083578 0.084259
1 0.217253 0.794907 0.018084 0.047222
1 0.341153 0.796759 0.041056 0.063889
1 0.944037 0.738426 0.020039 0.050926
1 0.887586 0.739352 0.026393 0.052778
1 0.717009 0.725926 0.020528 0.033333
1 0.336999 0.688889 0.024927 0.059259
1 0.279814 0.703241 0.018084 0.041667
1 0.364125 0.691204 0.018573 0.041667
0 0.777126 0.743056 0.094819 0.160185
1 0.451369 0.654630 0.018084 0.050000
1 0.157136 0.668056 0.016129 0.052778
1 0.507331 0.621296 0.017595 0.038889
1 0.404203 0.643519 0.027370 0.075926
1 0.275904 0.625463 0.024927 0.050926
1 0.920577 0.563426 0.030792 0.036111
0 0.561339 0.604167 0.074780 0.128704
1 0.969941 0.546296 0.018084 0.046296
1 0.511730 0.542130 0.038123 0.058333
1 0.987048 0.516204 0.011241 0.039815
1 0.961144 0.505556 0.021994 0.022222
1 0.465298 0.439815 0.019550 0.053704
1 0.362903 0.449537 0.038612 0.045370
0 0.270772 0.504167 0.104594 0.165741
1 0.520283 0.412500 0.020039 0.037963
1 0.291544 0.403704 0.018084 0.038889
1 0.590909 0.372685 0.023460 0.063889
1 0.950391 0.367130 0.011241 0.025000
1 0.670332 0.339815 0.015152 0.072222
1 0.801808 0.357870 0.018084 0.047222
1 0.482649 0.311574 0.015152 0.047222
1 0.411535 0.325926 0.029326 0.038889
1 0.854350 0.271296 0.020528 0.024074
1 0.162268 0.281481 0.013685 0.044444
1 0.971408 0.272222 0.038612 0.077778
1 0.588221 0.243056 0.007331 0.026852
1 0.146383 0.238426 0.036657 0.032407
1 0.928152 0.240741 0.036168 0.042593
1 0.810606 0.216667 0.022972 0.046296
1 0.527370 0.196296 0.030303 0.037037
1 0.967498 0.175926 0.037634 0.044444
1 0.505865 0.187500 0.011730 0.071296
1 0.841153 0.131944 0.010753 0.034259
1 0.956256 0.112500 0.018084 0.062037
1 0.386608 0.064352 0.015640 0.034259
1 0.445259 0.031019 0.023460 0.030556
0 0.676931 0.034259 0.037146 0.057407
1 0.819648 0.010185 0.014663 0.020370
1 0.590909 0.537963 0.055718 0.070370
0 0.722141 0.181944 0.128543 0.160185
0 0.747556 0.058333 0.070870 0.116667
1 0.250000 0.354167 0.038612 0.082407
0 0.257087 0.262963 0.121212 0.144444
0 0.246579 0.109259 0.076735 0.170370
0 0.276637 0.072222 0.070381 0.144444
1 0.234848 0.205556 0.021017 0.046296