1 0.031769 0.176389 0.030303 0.056481
1 0.038123 0.362963 0.052786 0.094444
1 0.113392 0.546296 0.031281 0.092593
1 0.090176 0.588889 0.035679 0.050000
1 0.005865 0.446296 0.011730 0.068519
1 0.036657 0.694907 0.055718 0.054630
1 0.070137 0.741204 0.063050 0.086111
1 0.043255 0.958796 0.039589 0.076852
1 0.106794 0.921759 0.020039 0.028704
1 0.150782 0.909259 0.045455 0.101852
1 0.160802 0.636574 0.025415 0.036111
1 0.294966 0.671759 0.026882 0.049074
1 0.338221 0.764352 0.028348 0.056481
1 0.408113 0.620833 0.023460 0.030556
1 0.423265 0.518981 0.030303 0.054630
1 0.430108 0.372222 0.035191 0.066667
0 0.544966 0.702778 0.202346 0.474074
1 0.477761 0.782870 0.019062 0.037963
1 0.543744 0.912037 0.021017 0.022222
1 0.628299 0.864352 0.021994 0.067593
1 0.778348 0.898148 0.065005 0.066667
1 0.761975 0.811111 0.025415 0.059259
1 0.758065 0.740741 0.024438 0.033333
1 0.830645 0.788426 0.025904 0.056481
1 0.871457 0.962500 0.016618 0.037963
1 0.892473 0.833333 0.018573 0.027778
1 0.933040 0.722222 0.027370 0.061111
1 0.919599 0.775463 0.033724 0.062037
1 0.955279 0.864352 0.034702 0.076852
1 0.904936 0.887500 0.014174 0.026852
1 0.968719 0.793981 0.037146 0.073148
1 0.987537 0.850926 0.019062 0.077778
1 0.784946 0.584722 0.015640 0.063889
1 0.792033 0.503241 0.033724 0.037963
1 0.944770 0.531019 0.032258 0.075000
1 0.973851 0.567130 0.046432 0.076852
1 0.974829 0.461574 0.041544 0.093519
1 0.969941 0.263426 0.053275 0.089815
1 0.980938 0.178704 0.031281 0.057407
1 0.979472 0.028241 0.032258 0.041667
1 0.888807 0.025000 0.021017 0.038889
1 0.763930 0.029630 0.043011 0.057407
1 0.809140 0.062963 0.035679 0.072222
1 0.819159 0.113889 0.020528 0.029630
1 0.776882 0.177315 0.021994 0.050926
1 0.798876 0.194444 0.026882 0.044444
1 0.777615 0.275000 0.080156 0.094444
1 0.762219 0.343519 0.036657 0.044444
1 0.794233 0.369444 0.034213 0.059259
1 0.640029 0.495833 0.027859 0.034259
1 0.645894 0.590741 0.027859 0.035185
1 0.477761 0.328241 0.021017 0.030556
1 0.438905 0.156944 0.036168 0.062037
0 0.561584 0.126389 0.285435 0.250926
1 0.281769 0.028241 0.040567 0.047222
1 0.263930 0.081944 0.028348 0.043519
1 0.289345 0.262500 0.030303 0.062037
1 0.394428 0.210648 0.019550 0.032407
1 0.421799 0.640741 0.020528 0.031481
1 0.885386 0.639815 0.019062 0.050000
1 0.819648 0.616204 0.017595 0.030556
1 0.883187 0.225000 0.025415 0.035185
1 0.108993 0.308333 0.046921 0.079630
1 0.063050 0.284722 0.126100 0.097222
1 0.037390 0.097222 0.069892 0.087037
1 0.092864 0.188426 0.103617 0.099074
1 0.125855 0.166204 0.029814 0.058333
0 0.577713 0.417593 0.146628 0.340741
1 0.518328 0.248611 0.078690 0.217593
0 0.519062 0.886111 0.088954 0.225926
1 0.528348 0.845833 0.015640 0.030556