1 0.082356 0.221759 0.035679 0.121296
1 0.014418 0.094907 0.021017 0.043519
1 0.087488 0.061111 0.035191 0.033333
1 0.158847 0.187963 0.012708 0.035185
1 0.116569 0.356944 0.021017 0.026852
1 0.043988 0.360185 0.026393 0.046296
1 0.110704 0.564815 0.037634 0.055556
1 0.409824 0.052315 0.020039 0.054630
1 0.030547 0.640278 0.030792 0.050926
1 0.016129 0.960185 0.027370 0.070370
1 0.052542 0.964352 0.037634 0.058333
1 0.399071 0.537500 0.028837 0.043519
1 0.545210 0.312037 0.025904 0.046296
0 0.503666 0.984259 0.052297 0.025926
0 0.654203 0.977778 0.046432 0.038889
1 0.209922 0.617593 0.021994 0.037037
1 0.391251 0.873148 0.017107 0.037037
0 0.644428 0.198611 0.226295 0.395370
0 0.630254 0.843519 0.293744 0.277778
0 0.588221 0.564815 0.183284 0.340741