0 0.185973 0.126389 0.106061 0.093519
0 0.241202 0.087500 0.063050 0.147222
0 0.225318 0.251389 0.077224 0.078704
0 0.254154 0.335185 0.063539 0.075926
1 0.338710 0.427315 0.053763 0.102778
1 0.354594 0.069444 0.047410 0.055556
1 0.324047 0.365741 0.037146 0.031481
1 0.349218 0.313426 0.024927 0.065741
0 0.212610 0.540278 0.080156 0.082407
0 0.199169 0.700926 0.178397 0.155556
0 0.218475 0.833796 0.058651 0.125000
0 0.235582 0.940741 0.072336 0.114815
1 0.348485 0.897685 0.023460 0.039815
1 0.456989 0.676852 0.040078 0.072222
1 0.483871 0.704167 0.033236 0.065741
1 0.495112 0.889815 0.034213 0.072222
1 0.550831 0.846759 0.031281 0.075000
1 0.564272 0.889352 0.034702 0.073148
1 0.540567 0.717130 0.026393 0.043519
1 0.610459 0.691667 0.037146 0.068519
1 0.640029 0.657407 0.040567 0.055556
1 0.632942 0.794907 0.018573 0.047222
1 0.653226 0.792593 0.036657 0.044444
1 0.635630 0.525000 0.034702 0.074074
1 0.571114 0.425926 0.032747 0.075926
1 0.513930 0.440741 0.034702 0.061111
1 0.672287 0.725463 0.026882 0.054630
1 0.659091 0.707870 0.021994 0.047222
1 0.646383 0.905093 0.025904 0.041667
1 0.465787 0.232407 0.036168 0.053704
1 0.453568 0.188426 0.024438 0.054630
1 0.448680 0.300463 0.037146 0.060185
1 0.564272 0.123611 0.063050 0.089815
1 0.541789 0.279630 0.039589 0.088889
1 0.659091 0.309722 0.026882 0.056481
1 0.680352 0.335648 0.030303 0.054630
1 0.685973 0.267130 0.041544 0.075000
1 0.520772 0.538889 0.031769 0.053704
1 0.450635 0.441667 0.029326 0.053704
1 0.531281 0.049074 0.027370 0.057407
0 0.738270 0.951389 0.117791 0.093519
1 0.782014 0.894907 0.028348 0.045370
0 0.734360 0.693056 0.133431 0.243519
0 0.731672 0.547222 0.087977 0.248148
1 0.760753 0.846759 0.027859 0.039815
1 0.796676 0.783333 0.044966 0.077778
1 0.645406 0.322222 0.019062 0.048148
1 0.704790 0.356019 0.031281 0.052778
1 0.595308 0.057407 0.022483 0.040741
1 0.629277 0.050926 0.021017 0.038889
1 0.619746 0.023148 0.021505 0.040741
1 0.691105 0.200926 0.034213 0.040741
1 0.766862 0.296296 0.032258 0.057407
1 0.759042 0.362963 0.028348 0.046296
0 0.685484 0.008796 0.025904 0.017593
0 0.738025 0.139352 0.149560 0.204630
1 0.784946 0.478704 0.029326 0.050000
1 0.808895 0.462037 0.032258 0.055556
1 0.831378 0.414815 0.026393 0.050000
1 0.759531 0.046296 0.025415 0.051852
1 0.778104 0.061111 0.025415 0.048148
1 0.816227 0.085648 0.034213 0.043519
1 0.808651 0.298611 0.025904 0.047222
1 0.851662 0.182870 0.021017 0.056481
1 0.948436 0.814815 0.023949 0.066667
1 0.906647 0.796296 0.028348 0.068519
1 0.928152 0.774074 0.016618 0.037037
1 0.986559 0.979167 0.024927 0.037963
1 0.967009 0.984259 0.020039 0.029630
1 0.979472 0.690278 0.040078 0.126852
1 0.918622 0.690278 0.032747 0.069444
1 0.936706 0.639815 0.034702 0.053704
1 0.942571 0.677778 0.016129 0.044444
1 0.921310 0.542593 0.036168 0.061111
1 0.967253 0.548148 0.038123 0.050000
1 0.919110 0.505556 0.020039 0.038889
1 0.928641 0.331481 0.021505 0.053704
1 0.934262 0.381481 0.020039 0.046296
1 0.982160 0.273148 0.028837 0.062963
1 0.443304 0.026389 0.048876 0.052778
1 0.548387 0.016667 0.030303 0.031481