1 0.015885 0.056019 0.031769 0.102778
1 0.086510 0.056944 0.044966 0.065741
1 0.131232 0.288889 0.023949 0.016667
1 0.205523 0.215278 0.039589 0.139815
1 0.081134 0.600926 0.031281 0.050000
1 0.202835 0.769444 0.014663 0.025926
1 0.207967 0.887963 0.053275 0.083333
0 0.407625 0.153704 0.364614 0.307407
0 0.418866 0.325463 0.283480 0.615741
0 0.476295 0.695370 0.308407 0.603704
0 0.463099 0.793519 0.265396 0.411111
1 0.367546 0.849537 0.015640 0.032407
1 0.334800 0.709259 0.016618 0.042593
1 0.361193 0.284259 0.017595 0.066667
1 0.360215 0.364352 0.023460 0.019444
1 0.320626 0.365741 0.006843 0.020370
1 0.752933 0.016204 0.025904 0.032407
1 0.686217 0.024537 0.013685 0.013889
1 0.693060 0.411574 0.036168 0.056481
1 0.668377 0.372222 0.021994 0.029630
1 0.696481 0.359259 0.026393 0.059259
1 0.761241 0.416204 0.016129 0.036111
1 0.790323 0.237037 0.038123 0.062963
1 0.719941 0.791204 0.122190 0.163889
1 0.732649 0.852778 0.012708 0.031481
1 0.830156 0.654630 0.068915 0.150000
1 0.793255 0.583333 0.040078 0.072222
1 0.832111 0.393519 0.023949 0.051852
1 0.883187 0.446296 0.043011 0.059259
1 0.828935 0.285648 0.019550 0.037963
1 0.890274 0.138426 0.061095 0.075000
1 0.956500 0.024074 0.018573 0.048148
1 0.970186 0.271296 0.057674 0.124074
1 0.883187 0.800000 0.016618 0.029630