0 0.630010 0.950926 0.062561 0.096296
1 0.552542 0.931481 0.034702 0.059259
1 0.707722 0.881944 0.012708 0.015741
1 0.099218 0.868519 0.017595 0.016667
1 0.722385 0.862963 0.009775 0.029630
1 0.571114 0.879167 0.021017 0.067593
1 0.741447 0.823148 0.008798 0.025926
1 0.735826 0.760185 0.014174 0.011111
1 0.712854 0.761574 0.010264 0.025000
1 0.157380 0.640278 0.017595 0.017593
1 0.908602 0.635648 0.010753 0.019444
1 0.618035 0.589815 0.017107 0.064815
1 0.243891 0.584259 0.034213 0.064815
1 0.866325 0.421296 0.010264 0.029630
1 0.254888 0.408333 0.025904 0.046296
1 0.097752 0.360648 0.031281 0.036111
1 0.003910 0.354167 0.005865 0.023148
1 0.507087 0.312963 0.019062 0.020370
0 0.552297 0.462963 0.175953 0.462963
1 0.679130 0.236111 0.010264 0.016667
1 0.522727 0.199537 0.026882 0.026852
1 0.825758 0.157407 0.006354 0.024074
1 0.484360 0.092593 0.017595 0.027778
1 0.137830 0.068519 0.033236 0.027778
1 0.491691 0.026852 0.024438 0.037037
1 0.728739 0.029167 0.033236 0.047222
0 0.487292 0.147685 0.260020 0.295370
1 0.962121 0.743056 0.006354 0.019444
1 0.571359 0.725926 0.030303 0.188889
1 0.576491 0.761574 0.026882 0.045370
1 0.929130 0.094444 0.020528 0.031481
1 0.447458 0.094444 0.033724 0.037037
1 0.475318 0.710648 0.015152 0.041667