1 0.277370 0.334259 0.070870 0.062963
1 0.059140 0.419907 0.033236 0.082407
1 0.074291 0.497685 0.022483 0.069444
1 0.130987 0.694907 0.067449 0.080556
1 0.075269 0.748148 0.150538 0.211111
1 0.155181 0.965278 0.072825 0.062037
1 0.331867 0.970370 0.047898 0.055556
1 0.341887 0.347222 0.060117 0.105556
1 0.347507 0.501852 0.071359 0.068519
1 0.397361 0.515741 0.047898 0.072222
1 0.445503 0.540741 0.066960 0.129630
1 0.369257 0.255093 0.035679 0.069444
1 0.409335 0.273148 0.030792 0.077778
1 0.462366 0.274074 0.075269 0.101852
1 0.439394 0.201389 0.036168 0.060185
1 0.439638 0.162500 0.051320 0.047222
1 0.445503 0.090278 0.056207 0.071296
1 0.485582 0.402778 0.051320 0.090741
1 0.362903 0.783796 0.029814 0.054630
1 0.450391 0.930093 0.037634 0.071296
1 0.413978 0.925463 0.034213 0.060185
1 0.414956 0.864352 0.021505 0.082407
0 0.563050 0.101852 0.161290 0.194444
0 0.570137 0.322222 0.112903 0.233333
0 0.556696 0.528704 0.123167 0.274074
1 0.616813 0.040278 0.074291 0.075000
1 0.667155 0.142130 0.082111 0.175000
1 0.655425 0.399074 0.078201 0.101852
1 0.738270 0.256481 0.045455 0.079630
1 0.752444 0.141204 0.058162 0.086111
1 0.731427 0.061574 0.072825 0.084259
1 0.695748 0.031944 0.057185 0.058333
1 0.714809 0.354630 0.058162 0.087037
1 0.669599 0.471759 0.052786 0.073148
1 0.540811 0.358796 0.036657 0.056481
1 0.821848 0.181944 0.042522 0.099074
1 0.849462 0.099537 0.055718 0.086111
1 0.803763 0.107407 0.030792 0.118519
1 0.934995 0.104630 0.083089 0.194444
1 0.814516 0.338426 0.033724 0.054630
1 0.866569 0.331944 0.028348 0.080556
1 0.913245 0.250926 0.056207 0.125926
1 0.954790 0.208796 0.041544 0.123148
1 0.612903 0.462963 0.041056 0.120370
1 0.732160 0.668981 0.095797 0.191667
1 0.880254 0.414352 0.036168 0.028704
1 0.901271 0.459722 0.059629 0.106481
1 0.927419 0.356019 0.031769 0.058333
1 0.968475 0.495370 0.047410 0.146296
1 0.953079 0.632407 0.086022 0.183333
1 0.880254 0.744907 0.152493 0.265741
1 0.829668 0.595833 0.071848 0.162037
1 0.889785 0.619444 0.038612 0.105556
1 0.934262 0.888889 0.067937 0.142593
1 0.973851 0.745833 0.037634 0.060185
1 0.863881 0.886574 0.071848 0.137963
1 0.842375 0.799537 0.069892 0.150926
1 0.704545 0.940278 0.133431 0.117593
1 0.757331 0.838426 0.098240 0.134259
1 0.988514 0.347222 0.017107 0.209259
0 0.552542 0.942130 0.071848 0.112037
0 0.554252 0.860648 0.130010 0.163889
0 0.595552 0.892593 0.088465 0.168519
1 0.545699 0.775926 0.099218 0.172222
1 0.571603 0.656944 0.082600 0.137963