1 0.032502 0.127778 0.039589 0.064815
1 0.155425 0.134259 0.038123 0.068519
1 0.240469 0.131481 0.034213 0.124074
1 0.074536 0.341204 0.050342 0.102778
1 0.274438 0.340741 0.033724 0.064815
1 0.306696 0.539815 0.076735 0.162963
1 0.383675 0.637963 0.050831 0.090741
1 0.379277 0.556481 0.027370 0.072222
1 0.310850 0.420833 0.030303 0.069444
1 0.284702 0.405556 0.037634 0.033333
1 0.374633 0.379630 0.027859 0.105556
1 0.086999 0.845833 0.057674 0.119444
1 0.148338 0.888426 0.048387 0.047222
1 0.295943 0.962500 0.033724 0.050926
1 0.465054 0.841667 0.065005 0.096296
1 0.510508 0.675463 0.038612 0.050926
1 0.534702 0.604630 0.039101 0.142593
1 0.425709 0.577778 0.061584 0.070370
0 0.440127 0.494907 0.173509 0.145370
0 0.457234 0.318519 0.063050 0.181481
0 0.449658 0.089352 0.152493 0.178704
1 0.397849 0.543981 0.051808 0.097222
1 0.525415 0.429630 0.052786 0.090741
1 0.760753 0.018519 0.027859 0.037037
1 0.680841 0.105093 0.024438 0.075000
1 0.722385 0.275463 0.022483 0.047222
1 0.790567 0.282407 0.026882 0.062963
1 0.543500 0.380556 0.026393 0.053704
1 0.603617 0.609259 0.038123 0.033333
1 0.716520 0.576852 0.034213 0.070370
1 0.674242 0.511574 0.021994 0.056481
1 0.711388 0.771296 0.027859 0.042593
1 0.733382 0.871759 0.044477 0.080556
1 0.863148 0.887500 0.073314 0.080556
1 0.819892 0.932870 0.052297 0.063889
1 0.967009 0.939815 0.035679 0.061111
1 0.610459 0.811111 0.016618 0.044444
1 0.716276 0.042130 0.031769 0.045370
1 0.903715 0.376852 0.044966 0.064815
1 0.940371 0.216667 0.036168 0.051852
1 0.822825 0.781481 0.021994 0.037037
1 0.650293 0.727315 0.028837 0.019444
1 0.245601 0.748148 0.016129 0.059259
1 0.538123 0.209722 0.021505 0.036111
1 0.668622 0.411574 0.023460 0.037963
1 0.338954 0.284259 0.021017 0.046296