1 0.024194 0.109259 0.013196 0.018519
1 0.221896 0.257870 0.021505 0.036111
1 0.171310 0.153241 0.023949 0.043519
1 0.008309 0.883796 0.014663 0.041667
1 0.446725 0.693519 0.040078 0.066667
1 0.222141 0.920833 0.010264 0.041667
1 0.303275 0.693519 0.030792 0.087037
1 0.358504 0.691204 0.016129 0.030556
1 0.368524 0.615741 0.018573 0.038889
1 0.363392 0.146296 0.019062 0.059259
1 0.264174 0.338889 0.101173 0.142593
0 0.513685 0.144907 0.217009 0.289815
0 0.505865 0.318519 0.236559 0.590741
1 0.569648 0.247685 0.011241 0.026852
0 0.527126 0.669444 0.217498 0.201852
1 0.462121 0.536574 0.013196 0.043519
0 0.539345 0.925926 0.064027 0.146296
0 0.503421 0.950926 0.012708 0.096296
1 0.718231 0.756944 0.032747 0.043519
1 0.970919 0.919907 0.020039 0.069444
1 0.740469 0.500926 0.015640 0.024074
1 0.655914 0.382407 0.017595 0.018519