0 0.732405 0.971296 0.091398 0.055556
0 0.548631 0.830556 0.257576 0.337037
1 0.710899 0.744907 0.025904 0.062037
1 0.603372 0.619444 0.020039 0.077778
1 0.809140 0.625926 0.058162 0.122222
1 0.979717 0.559722 0.022972 0.036111
1 0.407869 0.474537 0.018084 0.039815
1 0.083822 0.467130 0.025904 0.060185
1 0.986559 0.401852 0.011241 0.046296
1 0.826735 0.388426 0.048387 0.093519
1 0.719453 0.369907 0.041056 0.058333
1 0.165445 0.356481 0.039589 0.046296
1 0.086510 0.269444 0.013685 0.033333
1 0.766618 0.247222 0.009286 0.024074
1 0.894673 0.288426 0.047410 0.106481
1 0.412757 0.183796 0.048387 0.100926
1 0.010753 0.166667 0.016618 0.079630
1 0.123656 0.091204 0.051808 0.049074
0 0.551320 0.271759 0.216031 0.543519