0 0.274927 0.248611 0.019062 0.045370
1 0.358504 0.746296 0.012219 0.029630
1 0.955279 0.067130 0.039589 0.078704
1 0.987781 0.205093 0.016618 0.025000
1 0.968475 0.459259 0.019062 0.025926
1 0.974585 0.533333 0.049853 0.083333
1 0.934262 0.747685 0.015152 0.039815
1 0.985582 0.844444 0.026882 0.064815
1 0.865347 0.841204 0.030792 0.056481
1 0.869990 0.739352 0.010753 0.015741
1 0.865836 0.638426 0.008309 0.021296
1 0.744135 0.056944 0.025904 0.067593
1 0.758065 0.340741 0.012708 0.016667
1 0.584311 0.450463 0.010264 0.023148
1 0.704790 0.462500 0.009775 0.026852
1 0.736559 0.502778 0.015640 0.022222
1 0.746823 0.615741 0.004888 0.014815
1 0.730450 0.677315 0.007331 0.019444
1 0.475806 0.014352 0.021994 0.028704
1 0.569404 0.025926 0.015640 0.027778
1 0.546676 0.063889 0.014174 0.033333
0 0.457722 0.124074 0.208700 0.246296
0 0.525415 0.402778 0.137830 0.740741
0 0.484360 0.878241 0.247312 0.239815
1 0.525171 0.846759 0.030792 0.036111
0 0.515396 0.907407 0.077713 0.181481
1 0.505621 0.903704 0.036657 0.057407
1 0.005132 0.741667 0.010264 0.035185