1 0.258798 0.978704 0.016129 0.020370
0 0.438172 0.964815 0.065982 0.068519
1 0.633920 0.919907 0.013685 0.030556
1 0.684018 0.932870 0.023949 0.058333
1 0.329179 0.815278 0.012219 0.012037
1 0.089687 0.677315 0.013196 0.025000
1 0.067204 0.680556 0.017107 0.033333
1 0.531281 0.450000 0.020528 0.011111
1 0.803763 0.405093 0.005376 0.013889
1 0.738759 0.376852 0.007331 0.022222
1 0.531769 0.387963 0.038123 0.055556
1 0.078201 0.277778 0.007820 0.009259
1 0.042278 0.187963 0.004399 0.016667
1 0.913978 0.190741 0.042033 0.051852
1 0.550587 0.057407 0.008309 0.027778
1 0.568915 0.036574 0.011730 0.043519
1 0.517595 0.010185 0.020528 0.020370
1 0.180108 0.003704 0.020039 0.007407
1 0.021505 0.073148 0.043011 0.131481
1 0.085288 0.737500 0.031769 0.075000
1 0.080401 0.853704 0.160802 0.290741
1 0.060362 0.846759 0.120723 0.106481
1 0.298631 0.732407 0.020528 0.077778
1 0.754399 0.960648 0.054252 0.075000
1 0.490714 0.951389 0.019550 0.036111
0 0.471408 0.941667 0.065005 0.114815
0 0.462854 0.787037 0.300098 0.424074
1 0.630987 0.597222 0.033236 0.074074
0 0.499267 0.616204 0.226295 0.460185
1 0.013441 0.855556 0.026882 0.027778
1 0.008309 0.796296 0.016618 0.022222
1 0.409091 0.088889 0.033236 0.038889
1 0.396628 0.068981 0.039589 0.071296
1 0.376100 0.061111 0.034702 0.059259
1 0.907380 0.564352 0.014174 0.017593
1 0.910557 0.595833 0.036168 0.076852
1 0.889052 0.610648 0.011730 0.015741
1 0.678641 0.031944 0.021994 0.039815
1 0.763196 0.051389 0.024927 0.089815
1 0.733382 0.223611 0.112903 0.236111
1 0.828690 0.177778 0.040567 0.044444