1 0.131720 0.298148 0.034702 0.053704
1 0.084800 0.378704 0.016129 0.027778
1 0.094330 0.393519 0.017595 0.029630
1 0.215787 0.757407 0.020039 0.029630
1 0.256354 0.653704 0.022972 0.042593
1 0.252933 0.449074 0.018084 0.022222
1 0.219208 0.443056 0.026882 0.043519
1 0.312317 0.118981 0.019550 0.082407
1 0.309629 0.649074 0.010264 0.025926
1 0.342131 0.868519 0.019550 0.029630
1 0.344819 0.850926 0.019062 0.024074
1 0.329668 0.796296 0.006354 0.022222
1 0.389541 0.703704 0.020528 0.062963
1 0.380987 0.593981 0.017107 0.039815
1 0.369746 0.584722 0.003421 0.013889
1 0.369257 0.439815 0.008309 0.020370
1 0.393451 0.404630 0.017595 0.035185
1 0.406647 0.156019 0.008798 0.017593
1 0.401760 0.208333 0.005865 0.020370
1 0.382942 0.289815 0.029814 0.022222
1 0.400293 0.300463 0.021505 0.025000
1 0.413001 0.290278 0.007820 0.006481
1 0.471896 0.092130 0.016129 0.041667
1 0.503421 0.138426 0.019550 0.036111
1 0.485582 0.144444 0.021994 0.031481
1 0.487781 0.185185 0.028348 0.042593
1 0.467498 0.170370 0.021994 0.037037
1 0.479717 0.280093 0.027859 0.062037
1 0.481672 0.325000 0.016129 0.025926
1 0.460655 0.419907 0.009286 0.017593
1 0.483138 0.427778 0.013196 0.033333
1 0.529814 0.427778 0.016618 0.031481
1 0.534213 0.392130 0.023460 0.026852
1 0.456745 0.585648 0.012219 0.019444
1 0.464565 0.601852 0.044477 0.057407
1 0.488514 0.611111 0.017107 0.027778
1 0.421799 0.707870 0.019550 0.036111
1 0.431574 0.739352 0.029326 0.028704
1 0.448925 0.687963 0.022972 0.079630
1 0.453079 0.669907 0.049853 0.025000
1 0.452346 0.644907 0.019062 0.045370
1 0.532502 0.125926 0.047410 0.088889
1 0.517351 0.134722 0.018084 0.034259
1 0.560606 0.178704 0.025415 0.044444
1 0.563539 0.138426 0.022483 0.056481
1 0.562805 0.087500 0.049365 0.063889
1 0.561584 0.072222 0.023460 0.024074
1 0.556452 0.212500 0.036657 0.073148
1 0.594819 0.221759 0.020528 0.050926
1 0.583333 0.212037 0.009286 0.020370
1 0.575758 0.291204 0.014663 0.025000
1 0.531036 0.250926 0.056207 0.057407
1 0.590665 0.337963 0.020039 0.040741
1 0.613148 0.325463 0.017107 0.034259
1 0.606305 0.338426 0.021017 0.045370
1 0.587977 0.404630 0.018573 0.038889
0 0.578935 0.425463 0.101173 0.250926
1 0.457967 0.799074 0.006843 0.027778
1 0.459433 0.815741 0.024438 0.048148
1 0.457722 0.837963 0.011241 0.027778
1 0.418133 0.870370 0.018084 0.037037
1 0.470919 0.964815 0.037634 0.066667
1 0.478983 0.981944 0.030303 0.026852
0 0.551808 0.040741 0.103617 0.081481
1 0.638807 0.153704 0.078201 0.122222
1 0.673998 0.184259 0.019550 0.077778
1 0.668377 0.197222 0.033724 0.072222
1 0.663245 0.191204 0.013685 0.037963
1 0.677664 0.237037 0.012219 0.025926
1 0.684262 0.200000 0.019550 0.037037
1 0.727028 0.257870 0.016129 0.015741
1 0.642229 0.462037 0.008798 0.016667
1 0.648827 0.479167 0.018084 0.032407
1 0.730938 0.473611 0.021994 0.036111
1 0.721408 0.514352 0.010753 0.017593
1 0.691593 0.648611 0.111437 0.167593
1 0.637341 0.637963 0.040078 0.072222
1 0.600440 0.694907 0.034702 0.063889
1 0.581867 0.654630 0.026882 0.046296
1 0.598729 0.771759 0.015640 0.062037
1 0.641251 0.824074 0.029326 0.061111
1 0.638074 0.871296 0.031769 0.075926
1 0.648827 0.913426 0.038612 0.056481
1 0.657136 0.744907 0.031769 0.054630
0 0.538368 0.650926 0.078690 0.225926
0 0.574536 0.570833 0.122678 0.258333
1 0.932307 0.069444 0.013196 0.044444
1 0.843109 0.022685 0.015640 0.045370
1 0.975073 0.052778 0.022483 0.057407
1 0.988270 0.026389 0.020528 0.052778
1 0.991447 0.112037 0.016129 0.027778
1 0.996090 0.185648 0.006843 0.045370
1 0.961877 0.143981 0.017595 0.023148
1 0.970430 0.354630 0.018084 0.053704
1 0.865591 0.342593 0.025415 0.031481
1 0.860948 0.372222 0.025904 0.042593
1 0.840176 0.430093 0.028348 0.041667
1 0.905425 0.484259 0.013196 0.038889
1 0.928152 0.462500 0.016618 0.025000
1 0.940127 0.475000 0.019062 0.042593
1 0.965787 0.456481 0.016618 0.022222
1 0.945503 0.607407 0.020039 0.031481
1 0.987537 0.505093 0.023949 0.056481
1 0.992180 0.361111 0.014663 0.166667
1 0.990714 0.690278 0.017595 0.071296
1 0.949169 0.717130 0.097752 0.060185
1 0.905425 0.717130 0.030792 0.047222
1 0.889296 0.702315 0.013196 0.034259
1 0.917644 0.739815 0.011241 0.035185
1 0.969697 0.871759 0.014663 0.097222
1 0.889541 0.871296 0.002933 0.014815
1 0.795210 0.968056 0.028348 0.060185
1 0.861681 0.634722 0.074291 0.152778
1 0.820870 0.572222 0.035679 0.053704
1 0.854839 0.571296 0.032258 0.062963
1 0.862414 0.480556 0.046432 0.068519
1 0.825758 0.317593 0.016129 0.037037
1 0.836022 0.287500 0.015152 0.025000
1 0.803030 0.155093 0.021505 0.037963
1 0.813050 0.019444 0.028837 0.038889
1 0.811828 0.448148 0.024438 0.059259
1 0.825758 0.422685 0.016129 0.028704
1 0.772727 0.655556 0.023460 0.040741
1 0.751955 0.509722 0.036657 0.063889
1 0.765152 0.508796 0.013196 0.026852
1 0.753910 0.503241 0.012219 0.019444
1 0.548876 0.875926 0.020528 0.022222
1 0.721408 0.021296 0.010753 0.024074
1 0.724096 0.015741 0.011241 0.031481
1 0.739003 0.053704 0.017595 0.037037
0 0.560850 0.810185 0.144184 0.187037
0 0.563294 0.938889 0.048387 0.114815