0 0.396628 0.202778 0.318182 0.400000
0 0.494135 0.808796 0.183773 0.378704
0 0.354594 0.981019 0.081623 0.028704
1 0.610704 0.407407 0.045455 0.066667
1 0.687928 0.117130 0.044477 0.071296
1 0.495601 0.574074 0.036168 0.059259
1 0.370235 0.603704 0.023949 0.048148
1 0.217253 0.431481 0.039589 0.079630
1 0.142717 0.050463 0.029326 0.086111
1 0.210899 0.037037 0.052297 0.064815
1 0.118280 0.197685 0.034213 0.041667
1 0.016129 0.151852 0.031281 0.059259
1 0.087977 0.284722 0.036168 0.052778
1 0.086755 0.641204 0.045455 0.097222
1 0.027370 0.574074 0.031281 0.046296
1 0.013685 0.524074 0.026393 0.048148
1 0.030059 0.722222 0.038612 0.096296
1 0.028104 0.837037 0.029814 0.070370
1 0.026882 0.946759 0.042033 0.058333
1 0.016129 0.900463 0.024438 0.062037
1 0.170088 0.747685 0.050831 0.047222
1 0.236070 0.868981 0.043988 0.073148
1 0.175709 0.900463 0.025904 0.034259
1 0.237292 0.663889 0.032747 0.037037
1 0.491202 0.452315 0.031281 0.041667
1 0.531525 0.483333 0.028837 0.037037
1 0.762219 0.385185 0.037634 0.057407
1 0.849462 0.326389 0.050831 0.056481
1 0.865591 0.238889 0.043988 0.081481
1 0.950391 0.388889 0.027859 0.059259
1 0.917400 0.094907 0.043011 0.065741
1 0.726051 0.016667 0.034702 0.033333
1 0.527615 0.020370 0.036657 0.038889
1 0.954545 0.686111 0.029326 0.040741
1 0.963587 0.570370 0.017107 0.044444
1 0.873412 0.487500 0.024438 0.052778
1 0.967009 0.475000 0.028837 0.037037
1 0.928641 0.741204 0.024438 0.060185
1 0.897116 0.879630 0.027859 0.050000
1 0.935239 0.864352 0.018084 0.045370
1 0.701857 0.658796 0.027370 0.049074
1 0.928641 0.650926 0.012708 0.024074
1 0.722141 0.776389 0.028837 0.067593
1 0.779814 0.545370 0.041544 0.037037