1 0.716764 0.917593 0.037634 0.033333
1 0.382698 0.832407 0.018573 0.035185
1 0.847263 0.801852 0.018084 0.038889
1 0.353372 0.648611 0.008798 0.015741
1 0.281281 0.590278 0.027859 0.054630
1 0.675464 0.556481 0.031281 0.050000
1 0.576491 0.393519 0.024927 0.044444
1 0.729472 0.368056 0.011241 0.021296
1 0.793744 0.311574 0.009775 0.017593
1 0.714565 0.290278 0.016618 0.041667
1 0.918377 0.230093 0.007820 0.019444
1 0.970919 0.206019 0.021017 0.043519
1 0.540567 0.127778 0.014663 0.025926
0 0.509286 0.131019 0.065494 0.102778
0 0.522239 0.411574 0.198925 0.371296
0 0.469208 0.713426 0.260997 0.323148
0 0.492424 0.898611 0.072825 0.195370