0 0.266129 0.669444 0.118768 0.264815
0 0.245357 0.930093 0.150538 0.134259
1 0.210655 0.862037 0.042033 0.094444
1 0.155670 0.921296 0.065005 0.098148
1 0.076002 0.694444 0.034702 0.059259
1 0.176931 0.358796 0.086022 0.123148
1 0.133187 0.287500 0.038612 0.063889
1 0.088221 0.250463 0.045455 0.045370
1 0.013685 0.234722 0.027370 0.041667
1 0.211632 0.212037 0.043988 0.088889
1 0.075269 0.550463 0.017595 0.087963
1 0.124633 0.746296 0.039101 0.044444
1 0.264907 0.491204 0.025415 0.052778
1 0.213099 0.426389 0.030303 0.034259
1 0.315738 0.493519 0.024438 0.053704
1 0.306207 0.422685 0.057185 0.065741
1 0.332600 0.653241 0.063050 0.099074
1 0.384164 0.759722 0.051808 0.091667
1 0.499756 0.675926 0.041544 0.092593
1 0.459677 0.687037 0.035679 0.074074
1 0.466764 0.793056 0.049853 0.075000
1 0.474829 0.895370 0.031769 0.107407
1 0.559629 0.869907 0.070381 0.132407
1 0.660557 0.847685 0.072825 0.065741
1 0.705523 0.901389 0.027859 0.121296
0 0.802542 0.873148 0.105572 0.238889
1 0.720919 0.324074 0.038123 0.092593
1 0.679374 0.355556 0.036168 0.072222
1 0.706500 0.257870 0.056207 0.091667
1 0.687439 0.155093 0.054252 0.180556
1 0.730205 0.089352 0.068426 0.125000
0 0.796432 0.046759 0.096285 0.093519
0 0.825513 0.131019 0.115347 0.250926
1 0.937928 0.799074 0.043011 0.096296
1 0.979961 0.742593 0.034213 0.118519
1 0.949658 0.688426 0.063539 0.102778
1 0.982405 0.618981 0.024438 0.058333
1 0.908602 0.631481 0.027370 0.059259
1 0.968719 0.513889 0.025415 0.035185
1 0.947214 0.446296 0.092864 0.090741
1 0.946970 0.340278 0.053275 0.112037
1 0.911046 0.261111 0.079179 0.138889
1 0.988270 0.270370 0.017595 0.085185
1 0.966520 0.179167 0.046432 0.113889
1 0.923509 0.096296 0.058162 0.081481
1 0.957967 0.042593 0.078201 0.083333
1 0.708456 0.721296 0.033724 0.081481
1 0.660557 0.595833 0.047410 0.063889
1 0.612414 0.591667 0.040078 0.090741
1 0.578201 0.524074 0.049853 0.118519
1 0.528592 0.485648 0.069892 0.178704
1 0.412023 0.439815 0.061584 0.187037
1 0.354350 0.441667 0.025415 0.085185
1 0.478250 0.271759 0.047410 0.123148
1 0.510508 0.195833 0.046432 0.063889
1 0.561828 0.157870 0.109971 0.134259
1 0.615836 0.411111 0.028348 0.094444
1 0.581623 0.354630 0.052786 0.114815
1 0.625855 0.274537 0.015152 0.054630
1 0.589687 0.258796 0.050342 0.063889
1 0.449658 0.031481 0.053763 0.061111
1 0.648583 0.768519 0.023460 0.053704
1 0.557918 0.711574 0.037634 0.078704
1 0.929374 0.892593 0.132454 0.200000
0 0.320870 0.325000 0.190127 0.168519
0 0.279081 0.154167 0.176931 0.302778
0 0.826002 0.624537 0.112414 0.291667
0 0.801808 0.302315 0.070870 0.195370
1 0.738514 0.448611 0.157380 0.213889