1 0.397361 0.987963 0.027370 0.022222
0 0.430841 0.941667 0.137341 0.114815
1 0.542766 0.655093 0.021994 0.036111
1 0.130987 0.319444 0.025415 0.064815
1 0.983382 0.215278 0.014663 0.050926
1 0.949658 0.215278 0.028348 0.043519
1 0.985337 0.160185 0.018573 0.057407
1 0.591642 0.035185 0.006354 0.024074
1 0.285679 0.011111 0.007331 0.022222
1 0.032014 0.079167 0.007331 0.034259
1 0.041300 0.084722 0.009286 0.026852
1 0.054252 0.057407 0.024438 0.038889
1 0.143451 0.083796 0.020039 0.047222
1 0.155181 0.127778 0.015152 0.033333
1 0.141984 0.164815 0.030792 0.081481
1 0.119990 0.175000 0.017107 0.042593
1 0.145650 0.013889 0.010753 0.025926
1 0.112659 0.268519 0.017107 0.027778
1 0.108749 0.286574 0.015152 0.017593
1 0.067449 0.238889 0.016618 0.040741
1 0.079912 0.327778 0.020039 0.081481
1 0.105083 0.392593 0.021505 0.018519
1 0.054985 0.342593 0.022972 0.037037
1 0.006109 0.408796 0.012219 0.084259
1 0.024438 0.369907 0.025415 0.067593
1 0.048387 0.419907 0.026393 0.047222
1 0.043988 0.375000 0.027370 0.027778
1 0.022727 0.414352 0.022972 0.041667
1 0.132698 0.398148 0.021017 0.038889
1 0.175220 0.418056 0.033724 0.060185
1 0.159091 0.390741 0.016129 0.027778
1 0.039834 0.623148 0.035679 0.040741
1 0.048631 0.581019 0.027859 0.087963
1 0.244868 0.531944 0.013685 0.037963
1 0.108260 0.720833 0.016129 0.034259
1 0.164956 0.664815 0.036657 0.042593
1 0.022483 0.744444 0.016618 0.050000
1 0.038856 0.706481 0.013196 0.022222
1 0.027615 0.705556 0.009286 0.025926
1 0.029814 0.785185 0.021505 0.018519
1 0.037390 0.753241 0.009286 0.026852
1 0.015396 0.810185 0.013196 0.035185
1 0.115836 0.801389 0.022483 0.036111
1 0.132209 0.780093 0.026882 0.045370
1 0.141740 0.824537 0.022483 0.030556
1 0.096774 0.864815 0.029326 0.055556
1 0.109726 0.926852 0.022972 0.042593
1 0.129521 0.894444 0.031281 0.061111
1 0.036413 0.984722 0.032747 0.028704
1 0.006354 0.928704 0.012708 0.046296
1 0.095797 0.758796 0.007820 0.034259
1 0.282258 0.779630 0.019062 0.048148
1 0.245601 0.808796 0.033724 0.021296
1 0.229228 0.801852 0.021505 0.033333
1 0.249022 0.777778 0.034702 0.035185
1 0.282014 0.912037 0.031281 0.061111
1 0.275904 0.985648 0.025904 0.025000
1 0.267595 0.960185 0.013196 0.025926
1 0.291789 0.536111 0.020528 0.031481
1 0.278348 0.468056 0.033724 0.065741
1 0.298631 0.468519 0.009775 0.027778
1 0.316471 0.107407 0.018084 0.022222
1 0.266618 0.151389 0.028837 0.045370
1 0.267351 0.253241 0.021505 0.049074
1 0.270528 0.286574 0.007331 0.017593
1 0.287634 0.257407 0.013196 0.016667
1 0.290323 0.371296 0.019550 0.066667
1 0.308651 0.343981 0.008309 0.043519
1 0.303519 0.371759 0.014663 0.021296
1 0.287390 0.331944 0.020528 0.041667
1 0.300587 0.296296 0.034213 0.050000
1 0.292522 0.218981 0.014174 0.030556
1 0.329179 0.528241 0.021994 0.052778
1 0.327957 0.711574 0.067449 0.130556
1 0.397849 0.511111 0.028348 0.040741
1 0.424487 0.483333 0.021017 0.057407
1 0.430108 0.548611 0.047898 0.082407
1 0.344330 0.647685 0.038612 0.084259
1 0.379032 0.607870 0.086510 0.169444
1 0.382454 0.685185 0.048387 0.033333
1 0.423754 0.697685 0.012708 0.017593
1 0.503666 0.771759 0.027859 0.047222
1 0.456256 0.822222 0.026882 0.018519
0 0.543988 0.915278 0.366569 0.162037
0 0.554497 0.637037 0.187195 0.511111
1 0.564027 0.818056 0.062561 0.075000
1 0.625122 0.868519 0.012708 0.031481
1 0.641251 0.817130 0.015640 0.039815
1 0.624145 0.725926 0.028348 0.061111
1 0.748778 0.780093 0.026393 0.032407
1 0.661290 0.550926 0.015640 0.046296
1 0.627077 0.600926 0.012708 0.053704
1 0.541300 0.543981 0.045455 0.050926
1 0.530792 0.481944 0.011730 0.030556
1 0.515152 0.471296 0.015640 0.031481
1 0.512952 0.657870 0.020039 0.045370
1 0.526149 0.699074 0.019062 0.040741
1 0.549365 0.683333 0.022483 0.050000
1 0.347752 0.389815 0.063050 0.100000
0 0.504643 0.262500 0.310362 0.300926
1 0.575024 0.185648 0.045455 0.084259
1 0.575024 0.150926 0.014174 0.040741
1 0.596530 0.118056 0.022972 0.039815
1 0.437195 0.164815 0.024927 0.061111
1 0.416911 0.169907 0.010753 0.041667
1 0.434995 0.226852 0.017595 0.035185
1 0.574536 0.224074 0.012219 0.027778
0 0.428397 0.044907 0.055230 0.089815
0 0.571114 0.018519 0.130499 0.037037
1 0.586022 0.380093 0.027370 0.060185
1 0.631720 0.392130 0.023949 0.030556
1 0.680352 0.376852 0.024438 0.046296
1 0.751955 0.163889 0.023949 0.059259
1 0.781036 0.187963 0.018573 0.068519
1 0.778348 0.245370 0.040567 0.042593
1 0.760508 0.237500 0.013685 0.021296
1 0.795699 0.314352 0.036168 0.043519
1 0.766129 0.303704 0.034702 0.057407
1 0.781281 0.408333 0.033724 0.051852
1 0.818426 0.393519 0.021994 0.037037
1 0.848729 0.388889 0.020039 0.011111
1 0.783236 0.355556 0.018084 0.024074
1 0.742424 0.419907 0.032258 0.058333
1 0.910802 0.345833 0.020039 0.032407
1 0.990225 0.295833 0.016618 0.054630
1 0.978495 0.263426 0.014663 0.026852
1 0.962121 0.334259 0.025904 0.048148
1 0.910802 0.407870 0.021994 0.050926
1 0.904203 0.509259 0.024438 0.038889
1 0.914467 0.474537 0.006843 0.021296
1 0.911046 0.603704 0.023460 0.037037
1 0.925220 0.666204 0.024438 0.049074
1 0.905181 0.741667 0.014663 0.050000
1 0.918866 0.737963 0.009775 0.044444
1 0.941838 0.787963 0.023460 0.031481
1 0.941838 0.846296 0.014663 0.044444
1 0.905181 0.844444 0.026393 0.046296
1 0.806940 0.796296 0.019550 0.051852
1 0.842864 0.769444 0.024927 0.046296
1 0.771261 0.733333 0.038123 0.068519
1 0.960899 0.101389 0.010753 0.032407
1 0.897116 0.011111 0.018084 0.022222