0 0.280303 0.079630 0.107038 0.153704
0 0.272727 0.276852 0.147605 0.253704
1 0.297654 0.422222 0.025415 0.046296
0 0.262708 0.488426 0.060117 0.226852
0 0.276882 0.738889 0.104106 0.275926
1 0.427908 0.915741 0.095308 0.153704
1 0.353617 0.818056 0.027859 0.060185
1 0.097996 0.033796 0.027859 0.065741
1 0.186706 0.493519 0.031281 0.057407
1 0.218719 0.354630 0.041544 0.070370
1 0.666667 0.277778 0.024438 0.053704
1 0.678886 0.224074 0.018573 0.027778
1 0.942815 0.310648 0.026393 0.075000
1 0.986559 0.689352 0.021017 0.062037
1 0.989980 0.615741 0.014174 0.050000
0 0.804741 0.310648 0.068915 0.180556
0 0.797410 0.164352 0.114858 0.182407
1 0.567204 0.935648 0.027859 0.062037
1 0.527126 0.866204 0.038612 0.095370
1 0.344086 0.131944 0.028348 0.041667
1 0.363881 0.021296 0.029814 0.037037
1 0.749267 0.973148 0.042033 0.044444
1 0.209433 0.864352 0.034702 0.112037
0 0.258065 0.891204 0.162268 0.204630
0 0.798876 0.491667 0.097263 0.131481
1 0.859238 0.722685 0.171065 0.356481