1 0.288856 0.952778 0.041056 0.092593
1 0.463587 0.920370 0.022972 0.038889
1 0.933773 0.819907 0.016129 0.041667
1 0.384164 0.768519 0.039101 0.053704
1 0.613881 0.745370 0.018573 0.050000
0 0.761730 0.804167 0.099218 0.293519
1 0.695748 0.520370 0.038612 0.064815
0 0.775904 0.557870 0.148094 0.226852
1 0.599707 0.389352 0.041056 0.047222
1 0.552297 0.339352 0.017595 0.028704
0 0.784702 0.356019 0.077713 0.204630
1 0.390518 0.256019 0.023460 0.050926
1 0.575758 0.236111 0.035191 0.044444
1 0.982649 0.225463 0.017107 0.034259
1 0.661535 0.196759 0.014174 0.036111
1 0.550098 0.145833 0.032747 0.045370
1 0.622190 0.108333 0.016618 0.046296
1 0.483138 0.072222 0.017107 0.027778
1 0.601417 0.063426 0.028837 0.054630
0 0.757331 0.110185 0.172532 0.111111
1 0.700635 0.030556 0.030792 0.046296
1 0.440371 0.022685 0.027370 0.019444
1 0.622434 0.014352 0.030792 0.028704
1 0.033236 0.561574 0.031281 0.069444
1 0.076491 0.568981 0.041544 0.037963
1 0.092375 0.185185 0.014663 0.035185
1 0.403959 0.702778 0.014174 0.040741
1 0.371701 0.625926 0.015152 0.031481
1 0.393451 0.558333 0.028348 0.042593
1 0.380010 0.626852 0.029814 0.051852
1 0.301075 0.631481 0.033236 0.085185
0 0.231183 0.764815 0.117302 0.283333
1 0.357038 0.131481 0.023949 0.040741
1 0.409824 0.145370 0.016129 0.033333
1 0.324780 0.068519 0.044477 0.044444
1 0.256109 0.438889 0.035191 0.057407
0 0.244135 0.208333 0.096285 0.205556
0 0.238025 0.350000 0.217009 0.272222
1 0.575758 0.185185 0.020528 0.042593
1 0.526882 0.645370 0.015640 0.037037
1 0.543011 0.642130 0.022483 0.030556
1 0.515396 0.671296 0.024927 0.033333
1 0.565494 0.713889 0.030303 0.064815
1 0.573069 0.856944 0.014174 0.030556
1 0.568915 0.393056 0.015640 0.047222
1 0.569159 0.467593 0.015152 0.038889
1 0.452590 0.342593 0.021505 0.025926
1 0.487781 0.448148 0.018573 0.022222
1 0.543988 0.371296 0.015640 0.027778
1 0.611193 0.538889 0.021994 0.035185
1 0.620479 0.500926 0.018084 0.029630
1 0.660557 0.587500 0.023949 0.032407
1 0.617791 0.617130 0.017595 0.026852
1 0.608749 0.225000 0.015152 0.040741
1 0.720186 0.252315 0.013196 0.047222
1 0.710166 0.175926 0.017595 0.033333
1 0.706745 0.385185 0.024438 0.031481
1 0.710655 0.591667 0.019550 0.035185
1 0.829668 0.510648 0.017107 0.043519
1 0.847996 0.433796 0.022483 0.043519
1 0.839932 0.446296 0.014174 0.018519
1 0.681329 0.765741 0.015640 0.040741
1 0.725806 0.883333 0.029326 0.055556
1 0.716031 0.551852 0.020528 0.033333
1 0.734360 0.188426 0.020039 0.037963
1 0.751222 0.161574 0.032258 0.037963
1 0.680596 0.162963 0.021017 0.068519
1 0.746090 0.059722 0.026882 0.041667
1 0.865103 0.274074 0.013685 0.037037
1 0.849951 0.234259 0.018573 0.040741
1 0.812561 0.249537 0.017107 0.028704
1 0.855083 0.785185 0.013196 0.044444
1 0.986559 0.674537 0.016129 0.045370
1 0.982893 0.523611 0.015640 0.032407
1 0.958211 0.230556 0.019062 0.033333