1 0.116813 0.017593 0.041056 0.033333
1 0.117546 0.082870 0.012219 0.036111
1 0.141984 0.150463 0.024927 0.047222
1 0.165934 0.172685 0.015152 0.037963
1 0.190127 0.181481 0.041056 0.064815
1 0.156158 0.199537 0.045455 0.073148
1 0.086755 0.232407 0.048387 0.075926
1 0.162512 0.263426 0.024927 0.036111
1 0.194037 0.310185 0.023460 0.035185
1 0.080645 0.336574 0.043011 0.067593
1 0.064272 0.341204 0.023949 0.065741
1 0.103861 0.380556 0.017107 0.020370
1 0.162023 0.343981 0.048387 0.041667
1 0.176931 0.357870 0.029326 0.047222
1 0.150049 0.397685 0.020528 0.052778
1 0.101662 0.407870 0.028348 0.045370
1 0.072336 0.428704 0.015640 0.042593
1 0.195992 0.564352 0.030303 0.052778
1 0.132454 0.569907 0.016618 0.023148
1 0.130010 0.562037 0.024438 0.029630
1 0.133920 0.594444 0.018573 0.031481
1 0.168622 0.618981 0.023460 0.039815
1 0.141740 0.680556 0.031281 0.037037
1 0.135875 0.717593 0.009775 0.031481
1 0.125122 0.749074 0.020528 0.029630
1 0.112903 0.735648 0.012708 0.032407
1 0.093597 0.727315 0.010264 0.025000
1 0.104839 0.768519 0.024927 0.033333
1 0.053030 0.850000 0.016129 0.051852
1 0.089198 0.907407 0.036657 0.059259
1 0.124878 0.931481 0.021994 0.059259
1 0.189150 0.899074 0.040078 0.064815
1 0.187683 0.784722 0.017595 0.069444
1 0.084066 0.951852 0.016618 0.059259
1 0.016373 0.952778 0.015152 0.031481
1 0.047898 0.991204 0.013685 0.015741
1 0.207478 0.230556 0.035679 0.064815
1 0.233627 0.242130 0.013685 0.043519
1 0.228983 0.319907 0.031769 0.056481
1 0.263930 0.576389 0.032258 0.054630
1 0.227273 0.571296 0.020528 0.035185
1 0.172287 0.649537 0.029814 0.032407
1 0.190127 0.690278 0.038123 0.039815
1 0.199169 0.717593 0.027859 0.042593
1 0.222630 0.706944 0.022972 0.060185
1 0.245601 0.712037 0.033724 0.024074
1 0.215054 0.773611 0.025415 0.036111
1 0.175953 0.952778 0.017595 0.038889
1 0.243646 0.971296 0.034702 0.050000
1 0.314761 0.880556 0.024438 0.053704
1 0.341398 0.882870 0.033724 0.056481
1 0.370968 0.949537 0.044966 0.095370
1 0.342131 0.986111 0.012708 0.024074
1 0.352395 0.746296 0.024438 0.064815
1 0.316960 0.664815 0.016129 0.035185
1 0.308162 0.713426 0.022972 0.039815
1 0.319404 0.694444 0.018084 0.029630
1 0.292766 0.603241 0.029326 0.049074
1 0.308407 0.435185 0.035191 0.046296
1 0.227028 0.406019 0.023949 0.039815
1 0.325269 0.477778 0.021017 0.040741
1 0.325513 0.506019 0.033236 0.056481
1 0.309140 0.532870 0.026882 0.062037
1 0.311339 0.561111 0.015640 0.033333
1 0.367546 0.541667 0.011730 0.009259
1 0.360704 0.583796 0.028348 0.058333
1 0.395161 0.598148 0.034702 0.064815
1 0.422776 0.487963 0.016618 0.027778
1 0.420332 0.412500 0.027370 0.060185
1 0.439394 0.415278 0.022483 0.073148
1 0.445503 0.403241 0.011241 0.025000
1 0.450391 0.468981 0.030792 0.065741
1 0.456012 0.523611 0.017595 0.075000
1 0.432796 0.515278 0.035679 0.045370
1 0.433529 0.586111 0.034213 0.090741
1 0.441838 0.576389 0.007820 0.034259
1 0.458211 0.603704 0.023949 0.031481
1 0.452835 0.650463 0.023949 0.065741
1 0.438905 0.706944 0.046921 0.049074
1 0.426197 0.765278 0.017595 0.049074
1 0.417644 0.753241 0.013196 0.013889
1 0.436950 0.960185 0.022483 0.072222
1 0.437439 0.901852 0.030303 0.048148
1 0.487048 0.933333 0.021994 0.025926
1 0.506843 0.884259 0.020528 0.074074
1 0.471408 0.862500 0.025904 0.063889
1 0.484115 0.694444 0.025904 0.062963
1 0.499756 0.718056 0.014174 0.025000
1 0.470919 0.737500 0.050342 0.075000
1 0.305718 0.278241 0.017107 0.054630
1 0.309629 0.263889 0.015152 0.059259
1 0.325758 0.287037 0.026882 0.083333
1 0.341153 0.298611 0.019550 0.025000
1 0.344575 0.316667 0.013685 0.022222
1 0.297898 0.878704 0.024927 0.040741
1 0.500733 0.631019 0.040567 0.037963
1 0.509531 0.598148 0.026882 0.064815
1 0.534213 0.576852 0.020528 0.038889
1 0.516618 0.530093 0.022483 0.030556
1 0.519306 0.401389 0.019062 0.030556
1 0.529814 0.368981 0.010753 0.034259
1 0.537879 0.364815 0.017107 0.033333
1 0.558651 0.349074 0.016618 0.029630
1 0.549365 0.349537 0.016618 0.023148
1 0.547654 0.307870 0.025904 0.050926
1 0.539589 0.269907 0.014663 0.039815
1 0.512463 0.294444 0.038612 0.072222
1 0.509286 0.312500 0.022483 0.041667
1 0.503910 0.339352 0.023460 0.054630
1 0.589932 0.235648 0.023460 0.062037
1 0.581623 0.235185 0.025415 0.042593
1 0.604106 0.206019 0.019550 0.034259
1 0.626588 0.244907 0.049853 0.087963
1 0.615836 0.296296 0.007820 0.024074
1 0.630010 0.301389 0.031281 0.065741
1 0.613881 0.325926 0.034213 0.044444
1 0.645650 0.331481 0.035191 0.042593
1 0.654448 0.356481 0.023460 0.053704
1 0.594575 0.432870 0.033724 0.062037
1 0.581867 0.631019 0.035679 0.054630
1 0.569648 0.656481 0.019062 0.020370
1 0.546921 0.603241 0.031281 0.089815
1 0.559140 0.556944 0.026393 0.045370
1 0.566960 0.539352 0.022483 0.036111
1 0.568671 0.506944 0.021017 0.043519
1 0.577713 0.481019 0.030303 0.047222
1 0.531769 0.497222 0.063539 0.120370
1 0.528104 0.432407 0.022972 0.025926
1 0.557185 0.477315 0.025415 0.039815
1 0.529570 0.620370 0.016129 0.046296
1 0.556940 0.653704 0.021994 0.042593
1 0.571114 0.701852 0.021017 0.066667
1 0.578446 0.722685 0.017107 0.036111
1 0.591153 0.950926 0.021994 0.061111
1 0.584800 0.909259 0.030792 0.057407
1 0.585044 0.881019 0.015640 0.025000
1 0.586755 0.825926 0.029814 0.079630
1 0.623900 0.843056 0.013196 0.021296
1 0.649560 0.828704 0.025415 0.064815
1 0.611926 0.750926 0.038123 0.079630
1 0.636608 0.682870 0.025904 0.056481
1 0.559629 0.885185 0.024438 0.053704
1 0.569404 0.915278 0.021505 0.037963
1 0.669355 0.944907 0.017107 0.026852
1 0.706745 0.910648 0.040078 0.099074
1 0.689638 0.916667 0.027370 0.038889
1 0.728983 0.911111 0.019062 0.033333
1 0.683284 0.859722 0.042033 0.067593
1 0.699413 0.880093 0.025415 0.056481
1 0.676931 0.808796 0.013685 0.047222
1 0.667400 0.788889 0.015152 0.022222
1 0.695748 0.786111 0.021017 0.048148
1 0.689394 0.821759 0.019062 0.032407
1 0.736070 0.807870 0.036168 0.062037
1 0.664223 0.675000 0.017595 0.035185
1 0.667644 0.611574 0.023460 0.052778
1 0.681329 0.639352 0.043011 0.084259
1 0.690860 0.645370 0.016129 0.027778
1 0.692326 0.504167 0.034702 0.052778
1 0.702835 0.540278 0.055718 0.104630
1 0.681085 0.390741 0.032747 0.044444
1 0.707478 0.375926 0.017107 0.051852
1 0.688905 0.326389 0.024927 0.034259
1 0.648094 0.136574 0.027370 0.050926
1 0.652004 0.177778 0.028348 0.051852
1 0.675953 0.114352 0.038123 0.078704
1 0.704545 0.126389 0.055230 0.121296
1 0.668377 0.053241 0.019062 0.039815
1 0.737048 0.155556 0.032258 0.051852
1 0.727761 0.086574 0.038123 0.073148
1 0.725073 0.123611 0.035679 0.060185
1 0.712610 0.062963 0.026393 0.035185
1 0.733627 0.286574 0.029326 0.062037
1 0.748289 0.307407 0.029326 0.062963
1 0.769550 0.261574 0.021017 0.078704
1 0.735582 0.418519 0.038123 0.050000
1 0.753177 0.440741 0.016618 0.037037
1 0.772727 0.430556 0.024438 0.035185
1 0.796188 0.430556 0.036168 0.035185
1 0.772727 0.456481 0.025415 0.055556
1 0.790323 0.485185 0.021505 0.062963
1 0.810850 0.473611 0.019550 0.047222
1 0.784457 0.524074 0.039101 0.048148
1 0.751711 0.537500 0.020528 0.041667
1 0.766862 0.541667 0.031281 0.051852
1 0.807185 0.583333 0.015152 0.070370
1 0.821114 0.581944 0.022483 0.026852
1 0.829423 0.568519 0.026393 0.053704
1 0.777126 0.681481 0.019550 0.053704
1 0.781769 0.714352 0.027859 0.047222
1 0.822092 0.793056 0.055718 0.091667
1 0.815005 0.885185 0.018084 0.061111
1 0.800098 0.947685 0.022483 0.050926
1 0.766129 0.981944 0.035679 0.032407
1 0.292278 0.104630 0.056696 0.107407
1 0.407869 0.134259 0.045455 0.064815
1 0.460166 0.082407 0.031769 0.053704
1 0.420577 0.043056 0.031769 0.047222
1 0.498534 0.103241 0.026393 0.045370
1 0.525660 0.104167 0.021994 0.030556
1 0.422532 0.210185 0.027859 0.035185
1 0.460411 0.236111 0.019550 0.022222
1 0.777859 0.112500 0.023949 0.041667
1 0.767107 0.150926 0.020039 0.025926
1 0.796188 0.121759 0.043988 0.058333
1 0.815249 0.161574 0.039101 0.063889
1 0.791544 0.188426 0.037634 0.049074
1 0.806696 0.221759 0.050342 0.071296
1 0.813783 0.285185 0.060606 0.083333
1 0.823069 0.331481 0.016618 0.035185
1 0.797410 0.325926 0.020039 0.029630
1 0.803763 0.351389 0.037634 0.078704
1 0.777615 0.353704 0.044966 0.101852
1 0.830645 0.359722 0.015152 0.030556
1 0.843353 0.407870 0.032747 0.097222
1 0.870479 0.511111 0.032258 0.070370
1 0.890029 0.604167 0.037146 0.089815
1 0.883920 0.673148 0.037634 0.040741
1 0.929374 0.675000 0.033724 0.044444
1 0.937439 0.704167 0.035191 0.067593
1 0.889785 0.833333 0.034702 0.077778
1 0.856549 0.883333 0.028837 0.053704
1 0.887586 0.912500 0.019550 0.058333
1 0.899804 0.927315 0.014663 0.054630
1 0.899804 0.881019 0.032258 0.039815
1 0.929863 0.892593 0.036657 0.068519
1 0.948436 0.947222 0.041544 0.051852
1 0.940860 0.975463 0.012708 0.047222
1 0.969697 0.801852 0.034213 0.072222
1 0.947703 0.781944 0.028348 0.049074
1 0.962366 0.755556 0.032258 0.057407
1 0.965787 0.737500 0.018573 0.023148
1 0.973363 0.712963 0.027859 0.046296
1 0.961388 0.720370 0.022483 0.040741
1 0.929130 0.775926 0.042033 0.037037
1 0.906403 0.731944 0.027859 0.071296
1 0.901515 0.687963 0.021994 0.044444
1 0.909091 0.434259 0.041056 0.066667
1 0.898583 0.467593 0.031769 0.055556
1 0.913001 0.486111 0.032258 0.044444
1 0.934018 0.483796 0.022483 0.056481
1 0.958456 0.494444 0.017595 0.033333
1 0.988270 0.512963 0.020528 0.066667
1 0.943548 0.575463 0.020039 0.058333
1 0.962366 0.586111 0.044966 0.074074
1 0.967986 0.554630 0.019062 0.037037
1 0.972630 0.589815 0.021505 0.033333
1 0.962366 0.616667 0.017595 0.048148
1 0.936461 0.816667 0.020528 0.038889
1 0.946237 0.827778 0.021505 0.040741
1 0.980205 0.892593 0.030792 0.083333
1 0.987292 0.890741 0.024438 0.033333
1 0.984360 0.941204 0.016618 0.032407
1 0.986070 0.391667 0.023949 0.033333
1 0.992180 0.360185 0.010753 0.016667
1 0.982649 0.301389 0.031769 0.060185
1 0.981427 0.433796 0.021505 0.039815
1 0.986559 0.453704 0.024927 0.024074
1 0.989492 0.421296 0.020039 0.038889
1 0.991935 0.194907 0.015152 0.052778
1 0.993402 0.249074 0.012219 0.050000
1 0.947458 0.084722 0.029814 0.071296
1 0.924487 0.044444 0.036657 0.066667
1 0.980205 0.070370 0.027859 0.055556
1 0.983627 0.107407 0.025904 0.040741
1 0.929374 0.154630 0.035679 0.055556
1 0.917644 0.158333 0.018084 0.029630
1 0.903470 0.149074 0.037634 0.048148
1 0.871701 0.205556 0.022972 0.050000
1 0.881965 0.224074 0.015152 0.072222
1 0.893695 0.225463 0.021017 0.087963
1 0.899560 0.214352 0.018084 0.015741
1 0.910557 0.308333 0.038123 0.059259
1 0.922532 0.217130 0.014174 0.047222
1 0.942815 0.214815 0.012708 0.029630
1 0.942571 0.243056 0.031769 0.047222
1 0.933040 0.231019 0.017595 0.039815
1 0.939883 0.281944 0.043011 0.099074
1 0.849218 0.132407 0.035679 0.055556
1 0.870235 0.134722 0.028837 0.049074
1 0.869013 0.164815 0.021505 0.035185
1 0.847507 0.036111 0.035191 0.057407
1 0.812072 0.030093 0.027859 0.056481
1 0.786657 0.045370 0.036657 0.074074
1 0.881476 0.037500 0.039589 0.050926
1 0.897849 0.028704 0.021505 0.057407
1 0.954301 0.029167 0.043500 0.058333
1 0.984115 0.019907 0.028837 0.039815
1 0.896872 0.100463 0.051808 0.076852
1 0.922043 0.014815 0.025904 0.022222
0 0.610215 0.847222 0.201857 0.301852
0 0.583822 0.268056 0.262463 0.502778
0 0.738759 0.062963 0.201857 0.125926
0 0.455523 0.018056 0.068426 0.036111
1 0.864858 0.103241 0.026882 0.032407