0 0.279814 0.950000 0.084555 0.098148
0 0.786168 0.856019 0.114858 0.275000
0 0.793011 0.064352 0.180352 0.128704
1 0.914712 0.281019 0.040567 0.095370
1 0.858504 0.236111 0.044477 0.101852
1 0.890029 0.935185 0.016618 0.046296
1 0.924487 0.725463 0.021994 0.041667
1 0.922532 0.870833 0.019062 0.067593
1 0.750000 0.917130 0.024927 0.067593
1 0.729717 0.641667 0.071359 0.142593
1 0.675709 0.461574 0.028837 0.058333
1 0.668133 0.400000 0.023460 0.037037
1 0.649804 0.242593 0.021017 0.051852
1 0.723363 0.153241 0.034213 0.086111
1 0.633920 0.072222 0.015640 0.055556
1 0.677908 0.037500 0.012708 0.041667
1 0.425220 0.057870 0.037146 0.058333
1 0.427664 0.319444 0.050831 0.083333
1 0.528348 0.260185 0.024438 0.038889
1 0.627322 0.545833 0.051320 0.075000
1 0.618768 0.646296 0.058651 0.094444
1 0.681329 0.600463 0.024438 0.050926
1 0.531036 0.868519 0.034702 0.068519
1 0.526393 0.712500 0.035191 0.076852
1 0.421310 0.617593 0.019550 0.024074
1 0.441105 0.645370 0.023949 0.038889
1 0.510753 0.559722 0.022483 0.049074
1 0.540811 0.440741 0.021994 0.022222
1 0.344819 0.281019 0.021994 0.037963
1 0.052053 0.885185 0.030792 0.040741
1 0.196481 0.645370 0.048876 0.087037
1 0.225562 0.531944 0.046432 0.060185
1 0.150782 0.416667 0.026882 0.044444
1 0.169355 0.132870 0.023949 0.052778
1 0.045943 0.163889 0.025415 0.046296
1 0.087488 0.130556 0.020528 0.025926
1 0.007087 0.043981 0.014174 0.028704
0 0.246579 0.763889 0.215543 0.281481
0 0.259775 0.489352 0.131476 0.295370
0 0.265640 0.245833 0.165689 0.262037
0 0.253666 0.075463 0.148583 0.149074
1 0.430108 0.544444 0.046921 0.051852
1 0.415200 0.506019 0.028837 0.047222
0 0.810362 0.417130 0.175953 0.332407
0 0.790078 0.238889 0.122678 0.229630