0 0.241202 0.058796 0.086510 0.117593
1 0.247556 0.126389 0.022972 0.049074
1 0.256598 0.176389 0.010753 0.063889
1 0.197214 0.206019 0.095308 0.049074
1 0.224340 0.735185 0.066471 0.107407
1 0.248778 0.703704 0.025415 0.018519
1 0.282014 0.706019 0.029326 0.047222
1 0.229228 0.503704 0.027370 0.062963
0 0.220674 0.257407 0.081623 0.233333
0 0.236315 0.886111 0.116813 0.225926
1 0.189150 0.790741 0.022483 0.029630
1 0.017107 0.655093 0.014663 0.025000
1 0.363881 0.055556 0.038612 0.090741
1 0.419599 0.249074 0.020039 0.046296
1 0.418622 0.363426 0.015152 0.037963
1 0.379277 0.581944 0.036168 0.089815
1 0.374389 0.709259 0.029326 0.024074
1 0.506354 0.580556 0.031281 0.051852
1 0.533969 0.601852 0.015152 0.011111
1 0.524194 0.650000 0.019062 0.018519
1 0.529570 0.688426 0.034702 0.076852
1 0.566716 0.106944 0.015152 0.043519
1 0.498778 0.145370 0.006354 0.018519
1 0.560850 0.053241 0.026882 0.056481
1 0.613148 0.025926 0.017107 0.029630
1 0.622923 0.013426 0.020039 0.021296
1 0.638563 0.464815 0.015152 0.020370
1 0.680352 0.542593 0.013685 0.014815
1 0.686706 0.566667 0.015640 0.035185
0 0.763685 0.848148 0.071848 0.135185
1 0.793011 0.022685 0.023949 0.030556
1 0.723363 0.030556 0.043011 0.061111
0 0.735582 0.107407 0.053763 0.177778
1 0.801075 0.301389 0.018573 0.032407
0 0.745112 0.203704 0.147116 0.177778
0 0.758798 0.376852 0.078690 0.240741
1 0.845308 0.761574 0.028837 0.036111
0 0.748045 0.720370 0.125611 0.262963
1 0.825269 0.575463 0.014174 0.030556
1 0.966031 0.085185 0.018084 0.024074
1 0.962366 0.264352 0.050831 0.110185
1 0.955523 0.177315 0.012708 0.015741
1 0.921310 0.415741 0.013685 0.016667
1 0.933284 0.981481 0.022972 0.029630
1 0.989980 0.573611 0.015152 0.032407
1 0.995601 0.603241 0.007820 0.050926
1 0.385386 0.484722 0.019062 0.039815