1 0.094330 0.110648 0.008798 0.017593
1 0.185728 0.256019 0.033236 0.032407
1 0.252933 0.503241 0.010264 0.019444
1 0.209189 0.581019 0.015640 0.015741
1 0.397116 0.825463 0.008309 0.013889
0 0.511241 0.948148 0.035191 0.100000
1 0.404203 0.343981 0.008798 0.015741
0 0.606061 0.233333 0.216031 0.237037
1 0.601173 0.386574 0.038123 0.100926
1 0.641496 0.380556 0.029814 0.038889
0 0.647361 0.547685 0.144184 0.213889
1 0.681574 0.538426 0.011241 0.017593
1 0.721896 0.013426 0.010753 0.026852
1 0.744135 0.139815 0.024927 0.029630
1 0.870723 0.201389 0.012219 0.021296
1 0.882698 0.430093 0.014663 0.026852
1 0.944282 0.947685 0.014663 0.019444
1 0.977517 0.659722 0.006843 0.032407
1 0.948436 0.402778 0.036657 0.098148