0 0.119257 0.925463 0.034213 0.075000
1 0.035191 0.893981 0.030303 0.021296
0 0.480205 0.924537 0.102151 0.149074
0 0.010264 0.814352 0.020528 0.071296
1 0.588465 0.800000 0.045943 0.055556
1 0.632942 0.775926 0.023460 0.062963
1 0.847752 0.735648 0.024927 0.030556
1 0.872678 0.733333 0.024927 0.068519
0 0.264174 0.766204 0.128543 0.226852
1 0.086755 0.612500 0.016129 0.028704
1 0.209433 0.559259 0.030792 0.053704
1 0.822336 0.518519 0.013196 0.031481
1 0.423509 0.547222 0.031769 0.088889
0 0.475562 0.650926 0.120235 0.324074
1 0.285435 0.515278 0.045943 0.056481
1 0.887097 0.490741 0.023460 0.022222
1 0.726295 0.476852 0.017595 0.025926
1 0.624878 0.468519 0.019062 0.027778
1 0.529326 0.462963 0.036168 0.064815
1 0.276882 0.459259 0.015152 0.037037
1 0.634164 0.442130 0.014174 0.037963
1 0.320381 0.420370 0.029814 0.024074
1 0.352151 0.428241 0.021994 0.037963
1 0.177664 0.418981 0.030792 0.050926
1 0.852639 0.391667 0.034702 0.059259
1 0.525415 0.368981 0.010753 0.045370
0 0.422287 0.412037 0.079179 0.183333
0 0.013441 0.388426 0.026882 0.130556
1 0.097019 0.315278 0.022972 0.039815
1 0.697703 0.305556 0.013196 0.025926
1 0.106794 0.283333 0.026882 0.035185
1 0.648338 0.264815 0.010264 0.037037
1 0.720186 0.256481 0.014174 0.035185
1 0.429130 0.238889 0.020528 0.031481
1 0.320626 0.208796 0.020528 0.050926
1 0.016373 0.224074 0.032747 0.085185
1 0.755621 0.201852 0.024438 0.044444
1 0.057429 0.193056 0.034702 0.082407
1 0.313539 0.118519 0.021994 0.024074
1 0.856549 0.106944 0.026882 0.037963
1 0.293744 0.090278 0.017595 0.032407
1 0.011241 0.043056 0.022483 0.084259
1 0.652004 0.044444 0.016618 0.020370
1 0.104350 0.042593 0.021994 0.033333
1 0.160802 0.034259 0.011730 0.025926
0 0.361437 0.081019 0.058162 0.115741
0 0.493891 0.100463 0.117791 0.200926
1 0.018084 0.474074 0.021505 0.031481
1 0.091398 0.756019 0.041056 0.076852
1 0.165934 0.818056 0.039589 0.093519
1 0.179374 0.736111 0.021505 0.053704
1 0.679619 0.072685 0.027859 0.060185
1 0.810606 0.555093 0.019062 0.037963