1 0.385875 0.977778 0.014174 0.042593
0 0.978250 0.881481 0.042522 0.170370
1 0.905425 0.748148 0.026882 0.048148
1 0.459922 0.676389 0.029326 0.063889
1 0.612659 0.650463 0.023949 0.028704
0 0.971652 0.646759 0.055718 0.095370
1 0.973607 0.522222 0.051808 0.112963
1 0.986559 0.462037 0.025904 0.042593
1 0.945748 0.413889 0.024438 0.037037
1 0.858749 0.414815 0.014663 0.061111
1 0.705034 0.387037 0.028837 0.083333
1 0.670332 0.345370 0.020039 0.057407
1 0.960166 0.311574 0.031769 0.067593
1 0.449169 0.284259 0.020528 0.057407
1 0.506109 0.277315 0.031769 0.073148
1 0.355816 0.210185 0.040078 0.053704
1 0.671065 0.216667 0.048876 0.100000
1 0.457478 0.158333 0.024438 0.046296
1 0.481183 0.090741 0.036657 0.070370
1 0.402737 0.076389 0.034213 0.063889
1 0.968475 0.042593 0.022972 0.085185
1 0.368280 0.495370 0.049365 0.079630
1 0.367791 0.575926 0.053275 0.081481
1 0.326002 0.358796 0.039101 0.121296
1 0.378055 0.688889 0.036657 0.081481
1 0.341642 0.653704 0.028348 0.064815
1 0.455279 0.752315 0.021994 0.034259
1 0.440616 0.898611 0.058162 0.067593
1 0.435484 0.967593 0.029326 0.062963
1 0.429130 0.852778 0.016618 0.048148
1 0.026149 0.014352 0.044477 0.028704
1 0.799609 0.125000 0.026393 0.059259
1 0.895894 0.477315 0.026393 0.086111
1 0.735582 0.325000 0.017595 0.046296
1 0.754888 0.288889 0.021994 0.040741
1 0.764174 0.317130 0.033724 0.034259
1 0.649560 0.020833 0.030303 0.041667
1 0.656403 0.038889 0.041056 0.055556
1 0.992180 0.246296 0.014663 0.133333
1 0.972385 0.412963 0.024927 0.059259
1 0.947703 0.172222 0.026393 0.105556
1 0.963832 0.230556 0.022483 0.055556
1 0.926442 0.890741 0.021994 0.040741
1 0.822092 0.782407 0.043011 0.062963
1 0.711877 0.973611 0.026882 0.047222
1 0.759531 0.929167 0.043011 0.054630
1 0.825024 0.874074 0.037146 0.055556
1 0.822825 0.934722 0.028837 0.058333
1 0.856061 0.896296 0.045455 0.075926
1 0.652004 0.736574 0.024438 0.054630
1 0.715298 0.703241 0.038612 0.049074
1 0.749022 0.646759 0.034702 0.069444
1 0.595064 0.728241 0.021017 0.034259
1 0.581623 0.658333 0.026393 0.046296
1 0.647361 0.514815 0.024927 0.068519
0 0.523949 0.514815 0.130987 0.137037
0 0.564027 0.574537 0.153470 0.200926
1 0.599951 0.459259 0.016129 0.042593
1 0.624878 0.434722 0.029814 0.043519
1 0.491691 0.445833 0.025415 0.047222
1 0.510753 0.446296 0.023460 0.035185
1 0.504888 0.819444 0.023460 0.064815
0 0.546432 0.875463 0.157380 0.158333
1 0.611681 0.932870 0.054252 0.078704
1 0.791544 0.621759 0.031769 0.045370
1 0.736070 0.765741 0.043011 0.064815
1 0.771017 0.762963 0.039589 0.068519
1 0.774927 0.575463 0.031769 0.047222
1 0.615591 0.156944 0.040567 0.084259
0 0.559873 0.115741 0.074780 0.231481
0 0.582600 0.341204 0.130987 0.215741