1 0.291789 0.947685 0.006843 0.025000
1 0.129765 0.933333 0.033724 0.048148
1 0.274438 0.894444 0.012219 0.014815
1 0.593842 0.881481 0.010753 0.014815
1 0.353617 0.878704 0.010264 0.014815
1 0.452590 0.645370 0.016618 0.014815
1 0.664223 0.620833 0.006843 0.023148
1 0.206012 0.579167 0.004399 0.019444
1 0.946237 0.578704 0.027370 0.055556
1 0.954790 0.503704 0.026882 0.050000
1 0.801808 0.400000 0.017107 0.029630
1 0.065005 0.343981 0.013685 0.019444
1 0.467498 0.328241 0.016129 0.043519
1 0.679130 0.270370 0.007331 0.024074
1 0.040567 0.233333 0.025415 0.046296
1 0.958456 0.157870 0.023460 0.034259
1 0.108749 0.027778 0.048387 0.055556
1 0.033724 0.397685 0.025415 0.036111
1 0.080890 0.279167 0.018084 0.039815
1 0.310362 0.367130 0.023460 0.065741
1 0.320137 0.390741 0.020528 0.038889
0 0.575024 0.823611 0.177419 0.350926
1 0.794721 0.927315 0.025415 0.056481
1 0.826735 0.862500 0.054252 0.075000
1 0.810117 0.753704 0.034702 0.050000
1 0.958456 0.673148 0.012708 0.022222
1 0.923998 0.713426 0.028837 0.050926
1 0.930108 0.684722 0.022483 0.034259
1 0.892962 0.657870 0.044966 0.091667
1 0.935239 0.298148 0.021017 0.050000
1 0.927175 0.119907 0.016618 0.052778
1 0.750000 0.655556 0.025904 0.055556
1 0.824780 0.589352 0.015152 0.037963
1 0.816471 0.610185 0.017107 0.031481
1 0.837243 0.627315 0.007820 0.019444
1 0.822336 0.645370 0.015152 0.020370
1 0.814516 0.638889 0.009286 0.033333
1 0.569648 0.400463 0.010264 0.021296
0 0.567937 0.515278 0.332356 0.215741
1 0.467498 0.512500 0.029814 0.045370
1 0.877810 0.417593 0.005865 0.020370
1 0.906891 0.368519 0.012219 0.031481
1 0.345552 0.221759 0.004888 0.025000
1 0.360948 0.215741 0.012219 0.012963
1 0.528348 0.302778 0.025415 0.046296
0 0.647849 0.263889 0.251711 0.527778
1 0.501711 0.174074 0.021017 0.029630
0 0.582111 0.092593 0.069404 0.185185
1 0.638074 0.249074 0.013196 0.027778