1 0.179619 0.134259 0.013196 0.014815
1 0.372923 0.555093 0.028348 0.073148
1 0.416667 0.503704 0.029814 0.057407
1 0.680352 0.211111 0.020528 0.048148
1 0.395161 0.353241 0.045455 0.071296
1 0.398827 0.831481 0.009775 0.046296
0 0.442326 0.944444 0.062561 0.109259
0 0.417889 0.158796 0.397849 0.317593
0 0.522239 0.510185 0.249756 0.524074
0 0.515152 0.968981 0.069404 0.058333
0 0.568671 0.957870 0.120723 0.080556
0 0.520772 0.809259 0.286901 0.377778
1 0.756354 0.617130 0.031769 0.043519
1 0.934018 0.793519 0.018573 0.062963
1 0.943060 0.844444 0.019062 0.048148
1 0.988759 0.600000 0.020528 0.037037