0 0.267351 0.159722 0.055718 0.204630
0 0.256843 0.502315 0.081623 0.139815
0 0.236559 0.666204 0.075269 0.104630
1 0.250733 0.372685 0.029326 0.052778
0 0.236804 0.910648 0.038612 0.117593
0 0.770283 0.392593 0.078201 0.185185
0 0.751222 0.679630 0.047898 0.107407
0 0.750244 0.818981 0.084066 0.117593
1 0.706500 0.889815 0.030792 0.085185
1 0.733627 0.501389 0.029326 0.060185
1 0.600929 0.404630 0.034702 0.072222
1 0.651271 0.150463 0.021994 0.039815
1 0.606549 0.027315 0.023460 0.021296
1 0.902004 0.486574 0.015152 0.039815
1 0.941593 0.512500 0.033724 0.073148
1 0.955523 0.361574 0.087977 0.206481
1 0.945015 0.862963 0.028837 0.044444
1 0.945748 0.779630 0.027370 0.070370
1 0.963343 0.711574 0.032258 0.062037
1 0.980694 0.624074 0.021017 0.033333
1 0.972874 0.565741 0.017107 0.044444
1 0.955034 0.456019 0.040078 0.052778
1 0.989980 0.465278 0.011241 0.043519
1 0.973118 0.216204 0.019550 0.043519
1 0.930108 0.183333 0.029326 0.051852
1 0.975318 0.091667 0.024927 0.046296
1 0.944282 0.020370 0.024438 0.038889
1 0.979717 0.024537 0.021994 0.039815
1 0.781525 0.560648 0.041056 0.054630
1 0.656891 0.536111 0.024438 0.068519
1 0.542278 0.703704 0.028837 0.033333
1 0.452835 0.764352 0.031769 0.062037
1 0.348974 0.673148 0.018573 0.046296
1 0.481183 0.401852 0.022972 0.046296
1 0.712366 0.193519 0.007331 0.068519
1 0.680352 0.083333 0.015640 0.042593
1 0.705523 0.779167 0.016129 0.043519
1 0.676686 0.838889 0.020039 0.057407
1 0.473607 0.740741 0.022483 0.046296
1 0.830645 0.067130 0.034702 0.052778
1 0.841153 0.018519 0.023460 0.022222
1 0.896628 0.014815 0.026882 0.027778
1 0.898583 0.808796 0.028837 0.041667
1 0.819159 0.494444 0.032258 0.042593
1 0.232649 0.328241 0.050831 0.062037
0 0.216276 0.197685 0.056207 0.147222
1 0.239492 0.282870 0.102639 0.039815
1 0.207967 0.069907 0.088465 0.069444