1 0.299365 0.971759 0.009286 0.013889
1 0.509775 0.931944 0.009775 0.023148
1 0.066960 0.923148 0.013685 0.027778
1 0.451857 0.665741 0.008309 0.022222
1 0.945748 0.624074 0.035191 0.064815
1 0.559629 0.480093 0.008798 0.023148
1 0.738759 0.278241 0.025904 0.043519
1 0.339687 0.068056 0.025415 0.039815
1 0.349218 0.040741 0.007331 0.025926
1 0.946237 0.028704 0.016618 0.029630
1 0.012219 0.303704 0.023460 0.061111
1 0.014663 0.144444 0.027370 0.053704
1 0.485093 0.978241 0.014174 0.036111
0 0.585288 0.112963 0.225318 0.225926
0 0.602151 0.458333 0.229717 0.438889
0 0.561584 0.674537 0.242424 0.263889
1 0.603617 0.544444 0.006843 0.025926