0 0.311828 0.204167 0.185728 0.362037
1 0.260264 0.070370 0.085533 0.140741
1 0.230450 0.191667 0.104106 0.164815
1 0.324536 0.025463 0.047898 0.050926
1 0.357038 0.051389 0.042522 0.080556
0 0.300831 0.411111 0.155914 0.166667
0 0.302786 0.585185 0.073803 0.290741
0 0.280059 0.717130 0.137830 0.178704
0 0.298387 0.875463 0.167644 0.152778
1 0.223607 0.519907 0.093353 0.254630
1 0.246334 0.457870 0.033236 0.084259
1 0.255865 0.593056 0.049365 0.117593
0 0.335288 0.964352 0.086999 0.069444
1 0.226051 0.928241 0.090420 0.141667
1 0.239980 0.779167 0.090909 0.128704
1 0.532258 0.325926 0.028348 0.048148
1 0.466031 0.501852 0.016129 0.027778
1 0.496579 0.693981 0.038123 0.069444
1 0.485582 0.768056 0.021017 0.039815
0 0.812072 0.840741 0.187195 0.242593
0 0.848240 0.629630 0.131476 0.300000
1 0.740714 0.484259 0.030792 0.062963
0 0.824291 0.299074 0.166667 0.220370
1 0.689150 0.170833 0.057674 0.132407
0 0.805230 0.048611 0.153959 0.095370
0 0.847019 0.128241 0.163245 0.169444
1 0.895406 0.029167 0.066471 0.058333
1 0.798387 0.218519 0.043500 0.087037