1 0.902004 0.991667 0.012219 0.014815
1 0.245112 0.979167 0.049365 0.039815
1 0.052786 0.769444 0.014663 0.018519
1 0.296432 0.800926 0.122678 0.181481
1 0.893206 0.709722 0.018084 0.019444
1 0.112170 0.704167 0.009286 0.017593
1 0.366325 0.717130 0.046432 0.067593
1 0.626344 0.741204 0.072825 0.121296
1 0.162023 0.651852 0.016129 0.025926
1 0.800098 0.608796 0.016618 0.030556
1 0.350440 0.597685 0.053763 0.078704
1 0.816716 0.539815 0.012708 0.016667
1 0.754154 0.538426 0.032258 0.023148
1 0.665445 0.529630 0.016129 0.033333
1 0.243157 0.522685 0.021017 0.034259
1 0.776149 0.493056 0.022483 0.050926
1 0.727028 0.439352 0.011241 0.021296
1 0.629277 0.418056 0.009286 0.023148
1 0.013685 0.251852 0.007820 0.020370
1 0.536413 0.227315 0.020039 0.043519
1 0.151271 0.138426 0.014174 0.023148
1 0.203079 0.122222 0.012219 0.018519
1 0.192326 0.092130 0.026882 0.041667
1 0.115836 0.069444 0.019550 0.029630
1 0.716764 0.093056 0.049365 0.082407
1 0.993402 0.044444 0.012219 0.031481
1 0.639296 0.060185 0.048876 0.114815
1 0.167155 0.041204 0.042033 0.078704
1 0.559140 0.009259 0.017595 0.018519
0 0.462121 0.050463 0.151026 0.100926
1 0.205279 0.008796 0.024438 0.017593
1 0.051564 0.032407 0.044477 0.064815
1 0.189150 0.264815 0.026393 0.044444
1 0.168622 0.326389 0.057674 0.102778
1 0.156647 0.383796 0.013196 0.021296
1 0.250244 0.478241 0.022483 0.026852
1 0.231672 0.460185 0.016618 0.033333
1 0.212121 0.421296 0.067449 0.118519
1 0.209189 0.477315 0.015640 0.026852
1 0.155670 0.730093 0.009286 0.026852
1 0.139541 0.730093 0.021017 0.037963
1 0.362414 0.925463 0.022972 0.041667
1 0.303275 0.956481 0.022972 0.031481
1 0.313294 0.931481 0.012708 0.029630
1 0.681085 0.646296 0.044477 0.053704
1 0.677908 0.618981 0.013685 0.019444
1 0.686706 0.605093 0.008798 0.025000
1 0.625855 0.344907 0.031769 0.089815
1 0.596285 0.381944 0.031281 0.082407
1 0.932063 0.560185 0.030303 0.051852
1 0.860215 0.575926 0.022483 0.051852
1 0.553519 0.046296 0.023949 0.020370
1 0.579668 0.254167 0.015640 0.032407
1 0.424731 0.156944 0.057674 0.080556
1 0.517595 0.238889 0.013685 0.033333
1 0.477761 0.262963 0.018084 0.033333
1 0.478983 0.233333 0.065494 0.055556
1 0.505621 0.542593 0.020039 0.027778
1 0.524927 0.515741 0.056696 0.153704
1 0.540078 0.639352 0.057674 0.132407
1 0.479961 0.909259 0.014663 0.029630
1 0.503177 0.974074 0.043500 0.046296
1 0.391251 0.321296 0.030792 0.072222
1 0.399804 0.361574 0.013685 0.030556
0 0.432063 0.447685 0.073314 0.208333
0 0.431818 0.198611 0.169599 0.137963
0 0.460411 0.351852 0.159335 0.235185
0 0.434995 0.736574 0.093842 0.310185
1 0.450635 0.772685 0.014663 0.028704
0 0.420088 0.893519 0.138319 0.209259
1 0.921310 0.109259 0.012708 0.027778
1 0.932063 0.916204 0.005865 0.015741
1 0.171310 0.347222 0.014174 0.038889
1 0.205523 0.591204 0.012219 0.028704
1 0.197214 0.603704 0.012219 0.024074
1 0.202102 0.543056 0.026882 0.080556
1 0.306452 0.373148 0.009775 0.040741
1 0.315249 0.467130 0.053763 0.132407
1 0.264174 0.421759 0.020039 0.036111
1 0.281769 0.450000 0.034702 0.064815
1 0.231916 0.604630 0.054252 0.098148
1 0.244379 0.970370 0.005865 0.016667
1 0.825513 0.093519 0.019550 0.046296
1 0.271261 0.286111 0.116325 0.272222
1 0.001955 0.976852 0.003910 0.027778