1 0.058162 0.132407 0.030303 0.035185
1 0.156647 0.102778 0.016129 0.038889
1 0.255865 0.143519 0.023949 0.059259
1 0.291544 0.113889 0.026882 0.053704
0 0.317937 0.192593 0.066960 0.159259
1 0.248289 0.252315 0.011730 0.032407
1 0.383675 0.184259 0.018573 0.031481
1 0.452346 0.253241 0.033724 0.060185
0 0.291789 0.386574 0.162268 0.289815
1 0.360459 0.263426 0.010264 0.019444
0 0.285191 0.468519 0.166667 0.183333
0 0.258065 0.954167 0.097752 0.082407
0 0.331378 0.935185 0.037146 0.105556
0 0.294721 0.860648 0.236559 0.212037
1 0.459189 0.884722 0.026882 0.041667
1 0.295210 0.705556 0.141740 0.196296
1 0.360215 0.729167 0.040078 0.041667
1 0.378055 0.725463 0.015152 0.034259
1 0.184262 0.736111 0.019550 0.024074
0 0.309629 0.587037 0.091398 0.142593
1 0.496090 0.766204 0.037146 0.052778
1 0.509286 0.701389 0.031281 0.065741
1 0.689883 0.530093 0.039589 0.056481
1 0.599951 0.161574 0.018084 0.037963
1 0.710899 0.875926 0.011241 0.038889
1 0.692082 0.856019 0.028348 0.026852
1 0.794966 0.733796 0.016129 0.049074
1 0.734604 0.125463 0.022483 0.037963
1 0.932307 0.903704 0.024927 0.068519
0 0.821848 0.975926 0.125611 0.042593
1 0.795455 0.937037 0.031769 0.038889
1 0.835288 0.971296 0.017595 0.014815
1 0.954301 0.232407 0.036657 0.074074
0 0.836510 0.601852 0.116813 0.207407
0 0.843353 0.431944 0.106061 0.219444
1 0.902981 0.452778 0.021017 0.057407
0 0.861681 0.290278 0.101662 0.341667
0 0.833578 0.129630 0.158847 0.250000
0 0.802786 0.057870 0.136364 0.115741
1 0.530303 0.227778 0.019550 0.025926
1 0.013441 0.626852 0.022972 0.057407