1 0.090909 0.981019 0.027370 0.036111
1 0.799365 0.993519 0.010264 0.011111
1 0.506598 0.982407 0.021017 0.033333
1 0.709433 0.911574 0.011241 0.015741
1 0.346774 0.923611 0.057185 0.078704
1 0.660802 0.874074 0.013685 0.022222
1 0.280303 0.740278 0.037634 0.047222
1 0.183284 0.709722 0.041056 0.054630
1 0.216276 0.702778 0.018084 0.042593
1 0.512708 0.588889 0.033236 0.075926
1 0.992180 0.561111 0.014663 0.038889
1 0.668377 0.580556 0.032747 0.085185
1 0.235337 0.500926 0.018084 0.035185
1 0.537146 0.486111 0.017595 0.044444
1 0.562072 0.481481 0.027370 0.031481
1 0.515396 0.460648 0.025904 0.058333
1 0.762463 0.459259 0.018573 0.061111
1 0.181329 0.373611 0.026393 0.034259
1 0.178886 0.341667 0.033236 0.048148
1 0.626344 0.270370 0.035679 0.053704
1 0.317204 0.217130 0.018573 0.060185
1 0.474340 0.214815 0.014174 0.061111
1 0.115836 0.150000 0.018573 0.042593
1 0.561584 0.157870 0.022483 0.052778
1 0.616325 0.133796 0.029326 0.025000
1 0.321114 0.056481 0.038123 0.066667
1 0.667400 0.009722 0.019062 0.019444
1 0.785924 0.010185 0.023460 0.020370
1 0.376833 0.012963 0.010753 0.025926
1 0.030303 0.923611 0.020528 0.062037
1 0.099218 0.775463 0.043011 0.043519
1 0.103861 0.742130 0.022972 0.065741
1 0.088465 0.704630 0.018573 0.044444
1 0.104839 0.662037 0.018084 0.031481
1 0.130987 0.644444 0.015640 0.046296
1 0.209677 0.802315 0.023460 0.052778
1 0.222630 0.864815 0.012219 0.037037
1 0.134897 0.941667 0.014663 0.042593
1 0.305230 0.979167 0.024927 0.034259
1 0.190371 0.468056 0.021994 0.019444
1 0.209433 0.499074 0.019062 0.048148
1 0.066716 0.487500 0.041544 0.073148
1 0.075269 0.085185 0.017595 0.077778
1 0.147116 0.123148 0.023460 0.040741
1 0.190860 0.203241 0.021017 0.041667
1 0.237781 0.237037 0.045455 0.081481
1 0.266618 0.179630 0.040567 0.070370
1 0.310117 0.305556 0.038612 0.129630
1 0.336022 0.260185 0.036657 0.046296
1 0.280303 0.392593 0.070870 0.209259
1 0.286413 0.007407 0.036168 0.014815
1 0.365836 0.056019 0.033724 0.039815
1 0.379032 0.098148 0.031769 0.040741
1 0.367791 0.148148 0.015152 0.022222
1 0.403959 0.215741 0.020039 0.033333
1 0.449413 0.203241 0.019062 0.039815
1 0.459922 0.193981 0.011730 0.036111
1 0.428152 0.256019 0.042033 0.054630
1 0.374878 0.295833 0.021505 0.037963
1 0.409091 0.283333 0.022483 0.051852
1 0.363881 0.326389 0.018084 0.041667
1 0.338954 0.314352 0.038612 0.026852
1 0.300587 0.706481 0.009775 0.018519
1 0.305718 0.722685 0.011241 0.028704
1 0.324047 0.718056 0.021505 0.041667
1 0.327713 0.763426 0.031769 0.039815
1 0.344330 0.755093 0.039589 0.076852
1 0.361193 0.700000 0.013685 0.044444
1 0.369501 0.648148 0.026393 0.046296
1 0.304741 0.607407 0.021994 0.031481
1 0.315249 0.568519 0.015640 0.029630
1 0.359482 0.868056 0.027859 0.023148
1 0.362659 0.822222 0.012708 0.033333
1 0.375122 0.799074 0.014174 0.038889
1 0.381965 0.721759 0.028837 0.043519
1 0.412023 0.855556 0.035191 0.066667
1 0.895894 0.913889 0.048876 0.125926
1 0.887586 0.882870 0.020528 0.039815
1 0.897605 0.860648 0.021994 0.039815
1 0.923509 0.877315 0.019062 0.052778
1 0.927664 0.923611 0.015640 0.030556
1 0.957234 0.839815 0.040567 0.066667
1 0.949413 0.871759 0.015152 0.023148
1 0.951369 0.793056 0.018084 0.036111
1 0.933040 0.799537 0.031281 0.030556
1 0.931818 0.762500 0.013196 0.028704
1 0.927175 0.712037 0.021505 0.066667
1 0.887341 0.683796 0.028837 0.045370
1 0.871945 0.707870 0.015640 0.028704
1 0.867302 0.671296 0.007331 0.040741
1 0.877322 0.809722 0.030303 0.041667
1 0.905181 0.807407 0.008798 0.027778
1 0.883187 0.772685 0.042033 0.045370
1 0.873167 0.747685 0.010264 0.047222
1 0.851417 0.752778 0.041056 0.081481
1 0.849707 0.872222 0.021017 0.040741
1 0.866080 0.940278 0.013685 0.045370
1 0.888563 0.989815 0.045943 0.016667
1 0.805963 0.939815 0.021505 0.035185
1 0.780547 0.847222 0.020528 0.051852
1 0.798631 0.861574 0.024438 0.039815
1 0.811095 0.814815 0.019062 0.051852
1 0.792278 0.822222 0.019550 0.038889
1 0.755865 0.816204 0.039589 0.073148
1 0.752688 0.769444 0.019550 0.042593
1 0.734604 0.930556 0.051808 0.087037
1 0.700880 0.959722 0.039101 0.063889
1 0.728006 0.982870 0.022972 0.030556
1 0.723851 0.882870 0.047898 0.047222
1 0.913245 0.569907 0.014174 0.012037
1 0.907869 0.619907 0.031769 0.060185
1 0.887830 0.630556 0.017107 0.055556
1 0.866569 0.619444 0.033236 0.029630
1 0.874878 0.581019 0.019550 0.026852
1 0.857283 0.603241 0.013685 0.034259
1 0.837243 0.621759 0.017595 0.034259
1 0.836510 0.595370 0.026882 0.029630
1 0.831378 0.571759 0.021505 0.052778
1 0.843842 0.533796 0.016129 0.050926
1 0.962121 0.564815 0.052297 0.079630
1 0.935239 0.556944 0.034702 0.071296
1 0.789101 0.560648 0.016129 0.056481
1 0.820137 0.517593 0.011730 0.046296
1 0.760020 0.598148 0.016618 0.053704
1 0.767840 0.611111 0.019550 0.059259
1 0.789834 0.606481 0.028348 0.059259
1 0.767351 0.582407 0.015640 0.037037
1 0.752444 0.672222 0.027859 0.042593
1 0.725318 0.725926 0.020528 0.050000
1 0.717009 0.800463 0.040078 0.060185
1 0.679619 0.776389 0.030792 0.032407
1 0.718964 0.836574 0.020528 0.034259
1 0.707722 0.757407 0.045943 0.070370
1 0.749022 0.710185 0.021994 0.059259
1 0.676931 0.719444 0.043988 0.064815
1 0.728250 0.629630 0.038123 0.040741
1 0.634897 0.683796 0.050831 0.060185
1 0.643939 0.665278 0.038612 0.112037
1 0.662023 0.678241 0.019062 0.032407
1 0.670088 0.673148 0.038123 0.061111
1 0.666422 0.641204 0.016129 0.030556
1 0.688172 0.628704 0.018573 0.051852
1 0.711388 0.585185 0.047410 0.092593
1 0.706500 0.664815 0.044477 0.096296
1 0.580645 0.917593 0.031281 0.020370
1 0.577957 0.875463 0.020039 0.026852
1 0.608749 0.839815 0.018084 0.046296
1 0.589443 0.836574 0.031281 0.062037
1 0.595308 0.779167 0.061584 0.056481
1 0.568426 0.753241 0.034213 0.047222
1 0.600440 0.705556 0.026882 0.035185
1 0.568671 0.682870 0.054252 0.067593
1 0.601173 0.612500 0.036168 0.087963
1 0.581134 0.640278 0.031281 0.054630
1 0.565005 0.973148 0.031281 0.051852
1 0.591887 0.969444 0.025415 0.050000
1 0.612170 0.953704 0.026882 0.077778
1 0.621212 0.975463 0.020528 0.043519
1 0.487292 0.459259 0.027370 0.072222
1 0.609726 0.522685 0.025904 0.045370
1 0.591153 0.461574 0.033724 0.047222
1 0.604839 0.426389 0.039589 0.052778
1 0.637097 0.423611 0.014174 0.037963
1 0.649560 0.446759 0.019550 0.075000
1 0.671799 0.419444 0.032747 0.035185
1 0.675220 0.308333 0.013196 0.042593
1 0.710899 0.408796 0.043500 0.063889
1 0.720430 0.450000 0.049853 0.098148
1 0.713587 0.502778 0.041056 0.048148
1 0.688661 0.474074 0.039101 0.079630
1 0.686217 0.449074 0.020528 0.020370
1 0.556207 0.231481 0.052786 0.061111
1 0.581378 0.221296 0.042522 0.092593
1 0.566227 0.312500 0.034702 0.065741
1 0.534702 0.355556 0.042033 0.074074
1 0.635386 0.146296 0.012708 0.027778
1 0.537390 0.038889 0.024927 0.050000
1 0.530792 0.057870 0.021505 0.036111
1 0.557674 0.074537 0.030303 0.065741
1 0.590909 0.036574 0.018573 0.041667
1 0.581378 0.089815 0.013196 0.038889
1 0.670088 0.084722 0.029326 0.095370
1 0.690860 0.056481 0.022972 0.025926
1 0.812072 0.465278 0.021994 0.025000
1 0.820626 0.438426 0.021505 0.049074
1 0.909335 0.454167 0.019062 0.028704
1 0.881476 0.440278 0.010264 0.015741
1 0.864614 0.432870 0.015640 0.017593
1 0.837488 0.350000 0.027859 0.042593
1 0.822092 0.323148 0.034213 0.027778
1 0.782502 0.325463 0.023460 0.065741
1 0.773705 0.381019 0.020528 0.030556
1 0.893939 0.401852 0.024438 0.055556
1 0.870479 0.398148 0.020528 0.033333
1 0.847263 0.456481 0.036657 0.072222
1 0.830156 0.481019 0.026882 0.039815
1 0.821848 0.406481 0.012219 0.022222
1 0.968964 0.387037 0.021994 0.079630
1 0.965543 0.331944 0.014174 0.045370
1 0.902493 0.355556 0.018084 0.061111
1 0.878055 0.344444 0.038612 0.046296
1 0.854350 0.314815 0.043011 0.079630
1 0.835288 0.274537 0.035191 0.056481
1 0.870479 0.270833 0.018573 0.052778
1 0.897849 0.260648 0.046921 0.062037
1 0.868280 0.229167 0.030792 0.039815
1 0.837488 0.202778 0.025904 0.050000
1 0.865591 0.172222 0.048876 0.061111
1 0.843597 0.130093 0.033236 0.034259
1 0.860948 0.097685 0.032747 0.030556
1 0.877566 0.072685 0.018084 0.030556
1 0.900782 0.060648 0.016618 0.013889
1 0.892229 0.108796 0.030792 0.034259
1 0.910313 0.123148 0.014174 0.027778
1 0.920821 0.160648 0.032258 0.052778
1 0.905914 0.182870 0.048387 0.099074
1 0.793011 0.172222 0.019062 0.040741
1 0.765640 0.206944 0.019062 0.060185
1 0.766129 0.172685 0.017107 0.039815
1 0.754643 0.260185 0.034213 0.087037
1 0.734604 0.152778 0.014663 0.029630
1 0.763685 0.088889 0.019062 0.051852
1 0.753910 0.070833 0.018084 0.036111
1 0.711632 0.053241 0.034213 0.093519
1 0.722141 0.095833 0.051320 0.097222
1 0.736804 0.054630 0.009286 0.072222
1 0.830401 0.035185 0.037146 0.040741
1 0.831378 0.012037 0.011730 0.024074
1 0.844086 0.009722 0.011730 0.019444
1 0.862903 0.023148 0.009286 0.018519
1 0.964565 0.092130 0.023949 0.030556
1 0.970186 0.134722 0.022483 0.023148
1 0.980205 0.052315 0.037634 0.076852
1 0.984604 0.125926 0.012219 0.027778
1 0.989980 0.151852 0.019062 0.048148
1 0.980694 0.296759 0.021017 0.063889
1 0.989003 0.296759 0.021017 0.080556
1 0.986804 0.387037 0.024438 0.072222
1 0.971408 0.466204 0.022972 0.054630
1 0.976784 0.256944 0.021994 0.037963
1 0.992424 0.215278 0.012219 0.078704
1 0.980205 0.173148 0.017107 0.035185
1 0.990225 0.100926 0.018573 0.035185
1 0.482893 0.725463 0.024438 0.034259
1 0.491691 0.757870 0.033236 0.036111
1 0.500978 0.798611 0.023460 0.076852
1 0.539589 0.822222 0.021505 0.035185
1 0.485093 0.875926 0.043500 0.066667
1 0.456745 0.639815 0.028837 0.062963
1 0.456500 0.599074 0.020528 0.038889
1 0.422287 0.641204 0.027370 0.026852
1 0.429374 0.686574 0.024927 0.039815
1 0.460899 0.697222 0.016618 0.027778
1 0.447947 0.686111 0.022972 0.057407
1 0.451857 0.724074 0.023949 0.046296
1 0.461144 0.747222 0.022972 0.048148
1 0.474096 0.769444 0.015640 0.040741
1 0.436461 0.801389 0.030303 0.036111
1 0.455523 0.826852 0.022483 0.068519
1 0.441349 0.893519 0.017595 0.046296
1 0.435728 0.916667 0.015152 0.037037
1 0.455279 0.898611 0.008309 0.032407
1 0.467986 0.894907 0.018084 0.037963
1 0.503177 0.922685 0.018084 0.063889
1 0.471652 0.931481 0.036168 0.072222
1 0.436950 0.965278 0.023460 0.023148
1 0.433529 0.983333 0.030303 0.029630
1 0.462854 0.975000 0.035191 0.046296
1 0.400538 0.505556 0.017107 0.051852
1 0.447947 0.456019 0.013196 0.037963
0 0.453812 0.680556 0.213587 0.348148
0 0.471408 0.440278 0.328935 0.330556