1 0.040567 0.472222 0.021505 0.040741
1 0.047410 0.526389 0.019550 0.039815
1 0.023460 0.740741 0.035191 0.051852
1 0.027615 0.230093 0.017107 0.034259
1 0.388563 0.180093 0.020528 0.036111
1 0.413978 0.129630 0.012708 0.029630
1 0.409335 0.250463 0.021994 0.063889
1 0.449169 0.258796 0.012708 0.021296
1 0.588465 0.047222 0.043011 0.083333
0 0.507820 0.138426 0.134897 0.273148
0 0.552297 0.691667 0.261975 0.538889
1 0.756109 0.190278 0.015640 0.050926
1 0.762708 0.162500 0.063050 0.112037
1 0.794477 0.532870 0.046432 0.075000
1 0.956745 0.303241 0.025904 0.037963
1 0.946725 0.362500 0.011730 0.034259
1 0.978250 0.205093 0.013196 0.012037
0 0.633920 0.859259 0.302053 0.279630
1 0.418133 0.319907 0.019062 0.034259