1 0.511975 0.298611 0.080645 0.102778
1 0.499756 0.184259 0.032747 0.042593
1 0.472141 0.034259 0.046921 0.059259
1 0.452835 0.391204 0.057185 0.089815
1 0.440860 0.502315 0.012708 0.036111
1 0.598729 0.556019 0.030303 0.054630
1 0.584555 0.797222 0.032258 0.051852
1 0.558651 0.875000 0.031281 0.090741
0 0.268328 0.845370 0.221896 0.303704
1 0.052542 0.819907 0.021017 0.032407
1 0.008309 0.809259 0.016618 0.033333
1 0.122923 0.096296 0.038612 0.055556
1 0.058407 0.060185 0.048387 0.038889
1 0.010508 0.174537 0.021017 0.056481
1 0.205767 0.147222 0.020528 0.059259
1 0.183773 0.191667 0.027370 0.044444
1 0.254154 0.143981 0.043011 0.078704
1 0.339443 0.121296 0.027859 0.048148
0 0.297898 0.081944 0.108993 0.154630
0 0.296921 0.303241 0.126588 0.130556
0 0.254154 0.393981 0.059629 0.123148
0 0.294233 0.538426 0.055718 0.178704
1 0.347507 0.589352 0.046921 0.076852
1 0.614858 0.641667 0.035191 0.072222
0 0.801564 0.939352 0.123167 0.108333
0 0.825758 0.795833 0.082600 0.236111
0 0.841642 0.617593 0.110459 0.257407
0 0.819159 0.466204 0.111437 0.182407
0 0.825513 0.275000 0.179863 0.270370
0 0.827468 0.110648 0.128055 0.132407
1 0.709433 0.032870 0.043500 0.043519
1 0.936461 0.100463 0.030303 0.067593
1 0.931329 0.339352 0.021994 0.052778
1 0.933773 0.440741 0.026882 0.053704
1 0.957234 0.416667 0.020039 0.057407
1 0.947214 0.488889 0.021505 0.035185