0 0.809384 0.956019 0.120235 0.086111
0 0.301564 0.945833 0.154448 0.106481
1 0.902981 0.939352 0.052297 0.113889
1 0.219697 0.899537 0.033724 0.089815
1 0.895650 0.751852 0.012219 0.020370
1 0.984360 0.766204 0.029326 0.100926
1 0.678641 0.593056 0.060117 0.121296
0 0.809384 0.609259 0.087977 0.179630
1 0.931574 0.500463 0.014663 0.032407
1 0.908602 0.433333 0.042033 0.033333
1 0.041056 0.344907 0.031281 0.021296
1 0.574780 0.209722 0.008798 0.037963
0 0.801075 0.284259 0.148583 0.209259
1 0.124633 0.128704 0.025415 0.025926
1 0.311584 0.107407 0.010264 0.031481
1 0.770283 0.050000 0.047898 0.100000
1 0.560606 0.047685 0.048876 0.093519
1 0.061828 0.397222 0.014174 0.031481
1 0.047654 0.423611 0.013196 0.056481
1 0.103128 0.461111 0.028348 0.038889
1 0.075513 0.596296 0.035679 0.050000
1 0.236315 0.059259 0.020039 0.038889
1 0.262952 0.194444 0.020528 0.035185
1 0.212121 0.089352 0.019550 0.025000
1 0.331134 0.049074 0.028837 0.046296
1 0.366569 0.069444 0.034213 0.044444
0 0.293255 0.578241 0.171065 0.339815
1 0.348485 0.238889 0.031281 0.070370
0 0.295455 0.362500 0.157869 0.217593
1 0.243157 0.935185 0.021994 0.046296
1 0.473851 0.955556 0.029814 0.085185
1 0.461388 0.886574 0.014663 0.069444
1 0.519062 0.978704 0.022483 0.040741
1 0.540078 0.918056 0.019550 0.026852
1 0.460655 0.835185 0.024927 0.033333
1 0.464076 0.808333 0.014174 0.012963
1 0.503910 0.793981 0.019550 0.049074
1 0.524194 0.779630 0.011241 0.029630
0 0.307429 0.823148 0.036168 0.153704
1 0.389296 0.840741 0.026882 0.025926
1 0.424242 0.716204 0.025415 0.075000
1 0.383431 0.718056 0.025904 0.045370
1 0.420088 0.552315 0.018084 0.039815
1 0.536657 0.461574 0.032258 0.037963
1 0.491447 0.440741 0.025904 0.050000
1 0.536657 0.234259 0.032258 0.044444
1 0.554252 0.290741 0.013685 0.024074
1 0.482405 0.158796 0.016618 0.028704
1 0.500000 0.126852 0.026393 0.059259
1 0.518084 0.114352 0.019550 0.028704
1 0.528837 0.144907 0.014663 0.050926
1 0.647361 0.952315 0.041544 0.062037
1 0.647605 0.864352 0.064516 0.106481
1 0.624389 0.547685 0.027859 0.036111
1 0.731916 0.690741 0.051320 0.140741
1 0.752199 0.477315 0.011730 0.065741
1 0.730938 0.385185 0.046432 0.072222
1 0.596774 0.190278 0.034213 0.071296
1 0.644917 0.088426 0.054252 0.104630
1 0.717742 0.114352 0.022972 0.043519
1 0.718475 0.307407 0.042033 0.044444
1 0.947458 0.902778 0.037634 0.064815
1 0.966276 0.954630 0.033236 0.085185
1 0.888563 0.520370 0.019550 0.037037
1 0.941105 0.400463 0.024927 0.034259
0 0.814027 0.776389 0.116813 0.169444
1 0.744868 0.815278 0.031281 0.032407
1 0.855327 0.888426 0.058651 0.100926
1 0.913978 0.810185 0.042033 0.048148
1 0.926197 0.763426 0.036168 0.058333
1 0.960899 0.713426 0.045943 0.076852
1 0.954545 0.246296 0.028348 0.098148
1 0.860948 0.181481 0.024927 0.044444
1 0.905670 0.093056 0.030303 0.067593
1 0.978983 0.162037 0.040078 0.044444
1 0.970186 0.195370 0.039101 0.044444
1 0.983627 0.078704 0.022972 0.072222
1 0.932796 0.030556 0.021017 0.035185
1 0.864370 0.031481 0.019062 0.050000
1 0.767840 0.135648 0.016618 0.034259