1 0.754888 0.989352 0.015152 0.019444
1 0.261241 0.860185 0.021994 0.048148
1 0.804252 0.808333 0.017107 0.031481
1 0.277859 0.799074 0.039589 0.068519
1 0.814516 0.780093 0.022972 0.041667
1 0.526149 0.769444 0.021994 0.055556
1 0.222385 0.729630 0.017595 0.027778
1 0.908602 0.697685 0.012708 0.030556
1 0.428886 0.653704 0.030792 0.057407
1 0.233871 0.569907 0.012219 0.028704
1 0.898094 0.582870 0.022972 0.056481
1 0.112170 0.565278 0.017107 0.023148
1 0.066227 0.534722 0.018084 0.039815
1 0.497312 0.488889 0.013196 0.040741
1 0.989247 0.478241 0.020528 0.041667
1 0.964565 0.499537 0.056207 0.104630
1 0.915200 0.466204 0.016129 0.037963
1 0.011486 0.447685 0.008309 0.028704
1 0.227761 0.437037 0.015640 0.048148
1 0.545455 0.443056 0.041056 0.093519
1 0.736315 0.379630 0.016129 0.020370
1 0.975073 0.381019 0.017595 0.032407
1 0.055963 0.373611 0.030792 0.050926
1 0.004888 0.359259 0.008798 0.035185
1 0.965787 0.341204 0.014663 0.021296
1 0.280059 0.352315 0.027370 0.054630
1 0.765396 0.330556 0.010753 0.033333
1 0.116080 0.308796 0.007331 0.036111
1 0.461388 0.297685 0.027370 0.069444
1 0.334555 0.254630 0.020039 0.029630
1 0.407869 0.244444 0.020039 0.057407
1 0.783480 0.212037 0.010753 0.020370
1 0.018573 0.185648 0.012708 0.025000
1 0.462121 0.178704 0.023949 0.024074
1 0.878543 0.180093 0.039589 0.050926
1 0.076246 0.157407 0.018573 0.038889
1 0.115591 0.137500 0.012219 0.037963
1 0.885875 0.116667 0.010264 0.038889
1 0.157136 0.048611 0.014174 0.028704
1 0.723851 0.059722 0.033236 0.056481
1 0.034457 0.054167 0.021017 0.030556
1 0.143939 0.462500 0.034702 0.047222
1 0.143206 0.514352 0.042033 0.062037
1 0.163734 0.691204 0.024438 0.028704
1 0.153715 0.716204 0.032747 0.043519
1 0.026882 0.943056 0.023460 0.047222
1 0.040078 0.856944 0.040078 0.084259
1 0.120968 0.936111 0.036657 0.051852
1 0.011486 0.847685 0.007331 0.028704
1 0.090420 0.946759 0.094819 0.100926
1 0.423754 0.950926 0.010753 0.014815
1 0.430108 0.915278 0.027370 0.056481
0 0.563294 0.894907 0.293744 0.204630
1 0.542522 0.636111 0.022483 0.040741
1 0.596530 0.592130 0.005376 0.017593
1 0.425709 0.273611 0.015640 0.026852
1 0.505865 0.223611 0.007820 0.032407
0 0.485093 0.030556 0.022972 0.059259
0 0.616325 0.260648 0.197458 0.521296
1 0.750244 0.202315 0.011730 0.025000
1 0.764418 0.222222 0.016618 0.029630
1 0.783236 0.395833 0.046432 0.075000
1 0.794233 0.467593 0.024438 0.055556
1 0.759775 0.730556 0.026882 0.064815
1 0.758798 0.769444 0.030792 0.059259
1 0.770528 0.905093 0.009286 0.045370
1 0.797165 0.926852 0.025415 0.044444
1 0.785924 0.977778 0.019550 0.038889
1 0.802542 0.980556 0.017595 0.035185
1 0.795699 0.953704 0.017595 0.016667
1 0.951369 0.960648 0.021017 0.075000
1 0.888807 0.743981 0.019062 0.034259
1 0.895650 0.725463 0.015152 0.045370
1 0.897849 0.022685 0.023460 0.045370
1 0.979717 0.897685 0.030792 0.058333
1 0.971896 0.935185 0.014174 0.018519
1 0.978983 0.966667 0.033236 0.057407
1 0.983138 0.707870 0.030792 0.058333
1 0.984604 0.247685 0.029814 0.056481