1 0.112659 0.711574 0.027859 0.047222
0 0.764663 0.356481 0.130499 0.166667
1 0.692326 0.047685 0.012219 0.023148
0 0.757576 0.121296 0.132942 0.242593
1 0.543500 0.263426 0.026393 0.039815
1 0.547410 0.215278 0.036168 0.041667
1 0.556940 0.334259 0.025904 0.040741
1 0.637341 0.457407 0.021505 0.053704
1 0.694282 0.268519 0.024927 0.055556
1 0.486804 0.450000 0.027370 0.050000
1 0.554252 0.166204 0.016618 0.036111
1 0.583089 0.099537 0.025415 0.052778
1 0.503177 0.326389 0.025904 0.025000
1 0.361926 0.126389 0.025904 0.049074
1 0.499022 0.770370 0.030303 0.074074
1 0.559384 0.742130 0.030792 0.037963
1 0.577468 0.786111 0.023949 0.048148
0 0.770039 0.641204 0.135386 0.171296
0 0.772972 0.807407 0.167644 0.203704
1 0.769062 0.911111 0.024927 0.055556
1 0.942815 0.843056 0.025415 0.041667
1 0.953079 0.885185 0.028348 0.033333
1 0.978250 0.837037 0.025904 0.046296
1 0.966764 0.677315 0.052786 0.082407
1 0.961632 0.622685 0.025904 0.050926
1 0.964565 0.254630 0.021017 0.040741
1 0.944037 0.163889 0.028837 0.046296
1 0.963099 0.165278 0.021994 0.030556
1 0.962121 0.051389 0.021017 0.045370
1 0.987048 0.062963 0.021994 0.042593
0 0.230205 0.881019 0.124145 0.236111
0 0.241691 0.687037 0.096285 0.303704
1 0.231183 0.495833 0.023460 0.065741
0 0.249756 0.265278 0.200391 0.458333