1 0.677664 0.938426 0.021994 0.034259
1 0.485093 0.914815 0.026882 0.038889
1 0.597752 0.887963 0.022483 0.035185
1 0.451369 0.849074 0.015152 0.033333
1 0.358504 0.694444 0.013196 0.022222
1 0.504888 0.695833 0.040078 0.075000
1 0.234604 0.564815 0.029326 0.027778
1 0.526149 0.420370 0.021017 0.038889
0 0.266129 0.426852 0.256598 0.261111
1 0.982405 0.311111 0.018573 0.037037
1 0.596774 0.282870 0.009775 0.025000
0 0.284457 0.217593 0.142717 0.155556
0 0.769306 0.018056 0.073314 0.036111
0 0.333578 0.032870 0.096285 0.065741
1 0.250244 0.014352 0.024438 0.028704
1 0.345064 0.821296 0.022483 0.035185
1 0.373167 0.793056 0.028837 0.089815
0 0.279814 0.978241 0.119746 0.037963
0 0.271261 0.890278 0.175953 0.182407
1 0.210411 0.766667 0.101173 0.118519
0 0.253910 0.669444 0.214565 0.192593
1 0.484848 0.714352 0.014663 0.026852
1 0.697947 0.824537 0.011730 0.026852
1 0.710655 0.788889 0.034213 0.072222
1 0.690860 0.729167 0.025904 0.036111
0 0.819648 0.899537 0.095797 0.199074
0 0.807918 0.736111 0.121212 0.229630
0 0.821359 0.576389 0.121701 0.245370
1 0.733627 0.283796 0.043011 0.062037
1 0.897361 0.325000 0.030303 0.096296
0 0.793744 0.137037 0.111437 0.218519
0 0.811095 0.325463 0.154936 0.262037
1 0.863392 0.153241 0.067937 0.137963
1 0.864614 0.032407 0.058651 0.059259
1 0.989247 0.034722 0.017595 0.063889