0 0.466764 0.927778 0.081134 0.142593
1 0.432551 0.839352 0.028348 0.043519
1 0.935484 0.825926 0.016618 0.024074
1 0.615836 0.793519 0.016618 0.024074
1 0.468231 0.744444 0.021505 0.053704
1 0.576002 0.648148 0.009286 0.025926
1 0.808162 0.377778 0.006354 0.020370
1 0.857527 0.281944 0.008309 0.023148
1 0.870479 0.272685 0.010753 0.026852
1 0.521505 0.243056 0.020528 0.034259
0 0.498534 0.369444 0.181818 0.538889
1 0.766373 0.007870 0.009775 0.015741
1 0.564272 0.577315 0.019062 0.032407
1 0.551564 0.597685 0.021994 0.030556
1 0.584555 0.236111 0.016618 0.038889
0 0.430596 0.143056 0.237537 0.286111
1 0.944770 0.358333 0.020528 0.031481
1 0.748778 0.636574 0.018573 0.026852
1 0.760020 0.665741 0.011730 0.046296
1 0.995357 0.796296 0.007331 0.025926
1 0.987048 0.836574 0.011241 0.010185