0 0.217009 0.987037 0.056696 0.024074
1 0.992180 0.565741 0.014663 0.029630
1 0.582845 0.400463 0.017107 0.026852
1 0.843597 0.206944 0.013685 0.010185
0 0.266862 0.074074 0.058651 0.148148
0 0.245601 0.159259 0.133431 0.272222
0 0.227517 0.355556 0.134409 0.222222
1 0.307674 0.317130 0.041544 0.069444
1 0.386364 0.249074 0.025904 0.046296
1 0.422287 0.017593 0.028348 0.035185
0 0.207722 0.547222 0.159335 0.270370
0 0.223851 0.759722 0.154448 0.149074
0 0.270772 0.888889 0.118280 0.218519
1 0.429619 0.800463 0.019550 0.034259
1 0.407869 0.849074 0.021994 0.042593
1 0.590909 0.721759 0.021505 0.039815
1 0.573558 0.693519 0.021994 0.042593
1 0.543988 0.689815 0.015640 0.029630
1 0.552297 0.733333 0.013685 0.038889
1 0.581378 0.810648 0.030792 0.052778
1 0.546921 0.818519 0.017595 0.040741
1 0.501955 0.592593 0.016618 0.031481
1 0.461877 0.021296 0.017595 0.042593
1 0.530792 0.249074 0.028348 0.051852
1 0.554497 0.217593 0.020039 0.046296
1 0.545943 0.281481 0.030303 0.055556
1 0.473118 0.407870 0.014663 0.039815
1 0.494135 0.447222 0.016618 0.046296
1 0.546432 0.471296 0.026393 0.059259
1 0.454545 0.464815 0.043011 0.072222
1 0.431574 0.340278 0.053763 0.147222
1 0.499511 0.500000 0.017595 0.029630
1 0.590665 0.542593 0.013196 0.031481
1 0.561584 0.598611 0.017595 0.034259
1 0.461388 0.528704 0.015640 0.022222
1 0.633675 0.568056 0.019062 0.025000
1 0.639541 0.514815 0.024927 0.040741
1 0.650782 0.314352 0.017107 0.036111
1 0.665934 0.146296 0.011241 0.029630
1 0.668377 0.407407 0.008309 0.031481
1 0.697947 0.697685 0.019550 0.036111
1 0.687683 0.723148 0.013685 0.044444
1 0.890762 0.785648 0.036657 0.041667
1 0.868035 0.600926 0.021505 0.033333
1 0.939394 0.586574 0.015640 0.034259
1 0.912512 0.534722 0.024438 0.037963
1 0.966520 0.106944 0.024927 0.047222
1 0.886364 0.177315 0.032747 0.054630
1 0.961144 0.205093 0.019062 0.032407
1 0.839198 0.181019 0.021505 0.043519
1 0.933529 0.302778 0.033236 0.061111
1 0.932796 0.345833 0.030792 0.062037
1 0.949413 0.340741 0.016129 0.027778
1 0.974585 0.287963 0.049853 0.116667
1 0.962854 0.017130 0.026393 0.034259
1 0.991935 0.035648 0.015152 0.071296
1 0.942082 0.512963 0.010264 0.022222
1 0.992669 0.466204 0.012708 0.041667
1 0.977273 0.409722 0.013196 0.036111
1 0.962854 0.401852 0.011730 0.035185
1 0.989980 0.720833 0.015152 0.021296
1 0.959677 0.736574 0.024927 0.032407
1 0.933529 0.754630 0.039101 0.070370
1 0.920332 0.885648 0.035191 0.069444
1 0.771505 0.762037 0.029814 0.044444
0 0.748045 0.879630 0.162757 0.229630
0 0.772727 0.698611 0.140762 0.245370
1 0.761486 0.596759 0.017595 0.039815
0 0.757576 0.489352 0.128055 0.186111
1 0.819648 0.157407 0.028348 0.055556
1 0.821848 0.280556 0.026882 0.062963
1 0.762463 0.287963 0.020528 0.050000
0 0.782747 0.225463 0.099218 0.186111
0 0.754154 0.086111 0.136852 0.172222
0 0.763441 0.363889 0.120235 0.166667