1 0.333333 0.165741 0.036168 0.066667
1 0.389296 0.103704 0.032747 0.044444
1 0.101417 0.225000 0.022972 0.038889
1 0.228739 0.143981 0.017595 0.030556
1 0.225806 0.175463 0.023460 0.025000
1 0.122190 0.305556 0.023460 0.027778
1 0.018817 0.379167 0.037634 0.065741
1 0.247067 0.316204 0.020039 0.041667
1 0.206500 0.379167 0.023949 0.036111
1 0.076735 0.588889 0.022483 0.046296
1 0.026393 0.622222 0.019550 0.040741
1 0.050342 0.689352 0.027370 0.065741
1 0.064272 0.822685 0.022972 0.028704
1 0.244379 0.746296 0.039101 0.105556
1 0.879032 0.199537 0.035679 0.067593
1 0.946970 0.034259 0.044477 0.062963
1 0.807429 0.265741 0.020528 0.046296
1 0.926442 0.334722 0.021994 0.039815
1 0.941105 0.505556 0.022972 0.029630
0 0.456012 0.909259 0.142717 0.175926
0 0.567204 0.918056 0.048387 0.158333
0 0.547410 0.136111 0.190616 0.270370
1 0.647116 0.769907 0.039101 0.037963
1 0.700147 0.668056 0.023949 0.054630
1 0.256598 0.575926 0.024438 0.033333
1 0.175709 0.634259 0.019062 0.031481
1 0.228250 0.565278 0.017595 0.032407
0 0.484115 0.654630 0.326979 0.577778
0 0.478250 0.407407 0.229228 0.396296