1 0.804741 0.986574 0.020039 0.025000
1 0.883675 0.982870 0.013685 0.032407
1 0.841398 0.967130 0.045455 0.063889
0 0.969453 0.900000 0.060117 0.135185
1 0.903959 0.819907 0.068915 0.125000
0 0.991202 0.621296 0.016618 0.075926
1 0.985826 0.516667 0.027370 0.059259
1 0.472141 0.500463 0.010753 0.026852
1 0.946725 0.503704 0.032258 0.040741
1 0.487048 0.476389 0.028837 0.067593
0 0.995112 0.411111 0.008798 0.098148
0 0.986070 0.208796 0.026882 0.117593
1 0.988514 0.110648 0.021994 0.058333
0 0.580156 0.192593 0.099707 0.242593
0 0.981183 0.038889 0.036657 0.077778
1 0.616813 0.049537 0.047898 0.082407
1 0.431818 0.010185 0.023949 0.020370
1 0.179130 0.121759 0.066960 0.069444
1 0.228006 0.093056 0.018084 0.032407
1 0.240714 0.098148 0.017107 0.027778
1 0.140762 0.214815 0.022483 0.061111
1 0.118035 0.206481 0.023949 0.022222
1 0.053275 0.356481 0.035191 0.038889
1 0.121701 0.375463 0.022483 0.041667
1 0.071114 0.430093 0.031769 0.058333
1 0.202346 0.435185 0.014663 0.079630
1 0.238025 0.474537 0.023460 0.034259
1 0.023216 0.653241 0.026882 0.050926
1 0.063050 0.620370 0.019550 0.048148
1 0.286657 0.989815 0.030792 0.016667
1 0.306452 0.775463 0.030303 0.037963
1 0.314516 0.334722 0.089443 0.102778
1 0.282502 0.271759 0.041056 0.073148
1 0.400293 0.101389 0.042033 0.113889
1 0.371701 0.214815 0.017107 0.031481
1 0.443060 0.077778 0.034702 0.072222
1 0.441349 0.050000 0.025415 0.042593
1 0.485582 0.018981 0.019062 0.030556
1 0.412268 0.211111 0.033724 0.048148
1 0.433529 0.365278 0.131965 0.250926
1 0.475562 0.282407 0.021505 0.046296
1 0.370479 0.417593 0.020528 0.057407
1 0.388074 0.442130 0.022483 0.039815
1 0.408113 0.874074 0.043011 0.066667
1 0.439638 0.915278 0.017107 0.062037
1 0.458456 0.646759 0.041056 0.104630
1 0.446725 0.699537 0.023460 0.041667
1 0.432307 0.677778 0.028837 0.064815
1 0.625122 0.962037 0.043988 0.057407
0 0.569892 0.832870 0.124145 0.308333
0 0.626833 0.710648 0.064027 0.176852
0 0.560850 0.632407 0.140274 0.124074
1 0.511241 0.693519 0.021505 0.037037
0 0.557185 0.320833 0.088954 0.089815
0 0.571359 0.432407 0.067449 0.107407
1 0.607038 0.387500 0.037146 0.056481
1 0.653715 0.407870 0.042522 0.099074
1 0.640029 0.252778 0.024927 0.059259
1 0.717742 0.118981 0.032747 0.056481
1 0.765396 0.080556 0.043988 0.092593
1 0.830156 0.025463 0.033724 0.049074
1 0.859238 0.056481 0.042033 0.083333
1 0.828690 0.075926 0.028837 0.042593
1 0.772727 0.163889 0.038123 0.079630
1 0.819159 0.296759 0.036168 0.067593
1 0.737537 0.308333 0.061584 0.133333
1 0.753666 0.343056 0.023460 0.049074
1 0.863881 0.363426 0.025904 0.054630
1 0.889296 0.399537 0.033724 0.102778
1 0.917400 0.357407 0.025415 0.027778
1 0.932307 0.056481 0.021994 0.042593
1 0.932551 0.027778 0.017595 0.031481
1 0.920332 0.185648 0.015640 0.049074
1 0.912757 0.504630 0.021017 0.044444
1 0.908602 0.470370 0.011730 0.050000
1 0.894428 0.543056 0.013685 0.050926
1 0.732405 0.556019 0.027859 0.049074
1 0.721896 0.667593 0.036168 0.053704
1 0.798143 0.766667 0.041056 0.100000
1 0.708211 0.787500 0.044966 0.050926
1 0.736070 0.763889 0.043988 0.079630
1 0.744135 0.886574 0.044477 0.099074
1 0.898338 0.736111 0.078201 0.142593
1 0.888563 0.633796 0.044966 0.062037