1 0.709922 0.790278 0.040567 0.100926
1 0.691593 0.703241 0.020528 0.036111
1 0.378788 0.673148 0.066471 0.148148
1 0.664956 0.609259 0.058162 0.083333
1 0.063539 0.574074 0.044966 0.068519
1 0.347752 0.574537 0.061095 0.089815
1 0.459433 0.044907 0.038123 0.086111
0 0.470430 0.297685 0.115836 0.247222
1 0.287879 0.236111 0.045943 0.116667
0 0.463587 0.632870 0.165689 0.217593
0 0.455279 0.471759 0.144184 0.202778
1 0.449413 0.112037 0.031769 0.057407
1 0.587488 0.820370 0.057674 0.075926
1 0.894673 0.425926 0.028837 0.057407
1 0.961632 0.119444 0.073803 0.161111
1 0.814761 0.038426 0.033236 0.045370
1 0.114370 0.025926 0.042033 0.051852
1 0.223851 0.138889 0.061584 0.090741
1 0.184751 0.100000 0.053763 0.111111
1 0.144673 0.093981 0.024438 0.039815
1 0.059629 0.138889 0.067449 0.051852
1 0.019795 0.607870 0.036657 0.169444
1 0.149804 0.492593 0.076735 0.192593
1 0.195503 0.434259 0.049853 0.070370
1 0.230450 0.456481 0.036657 0.061111
1 0.193548 0.370370 0.089932 0.114815
1 0.274194 0.434722 0.050831 0.123148
1 0.290567 0.518981 0.047410 0.086111
1 0.103617 0.769907 0.064516 0.065741
1 0.145650 0.854630 0.062561 0.077778
1 0.065005 0.269907 0.023460 0.063889
1 0.296432 0.362963 0.032747 0.040741
1 0.267595 0.346759 0.036657 0.071296
1 0.236070 0.313889 0.043988 0.098148
1 0.251955 0.743981 0.025904 0.062037
1 0.236804 0.043056 0.029814 0.037963
1 0.059140 0.853241 0.037146 0.052778
1 0.131232 0.908333 0.033724 0.072222
1 0.178641 0.839815 0.025904 0.046296
1 0.258309 0.970370 0.065005 0.053704
1 0.245846 0.917593 0.032258 0.064815
1 0.494135 0.034259 0.029326 0.062963
1 0.543255 0.973611 0.040567 0.050926
0 0.448925 0.806019 0.140274 0.212037