1 0.596774 0.977778 0.020528 0.040741
1 0.657136 0.966667 0.044477 0.044444
1 0.906647 0.954630 0.035191 0.088889
1 0.417889 0.939352 0.067449 0.119444
0 0.234115 0.927315 0.181818 0.143519
1 0.585777 0.875926 0.041544 0.094444
1 0.944282 0.831944 0.031281 0.036111
1 0.622190 0.796296 0.017595 0.072222
1 0.593842 0.736574 0.022483 0.047222
1 0.993157 0.680093 0.012708 0.045370
1 0.155914 0.697685 0.027370 0.095370
1 0.973118 0.665741 0.028348 0.111111
0 0.797654 0.759259 0.143695 0.331481
1 0.703324 0.595370 0.069404 0.100000
1 0.824536 0.549074 0.030303 0.050000
1 0.645894 0.535648 0.063050 0.063889
1 0.436950 0.555093 0.037146 0.082407
1 0.695015 0.480556 0.013685 0.025926
1 0.262219 0.396296 0.040567 0.053704
1 0.961877 0.390741 0.009775 0.018519
1 0.834800 0.409722 0.049853 0.071296
1 0.825758 0.306019 0.039589 0.099074
1 0.706500 0.237963 0.043500 0.100000
1 0.604350 0.325463 0.085533 0.184259
1 0.598974 0.065278 0.025904 0.112037
1 0.458700 0.073611 0.013196 0.030556
1 0.680841 0.042593 0.022483 0.048148
1 0.221408 0.051389 0.032258 0.025000
1 0.441349 0.050463 0.013685 0.037963
1 0.108504 0.032407 0.037146 0.064815
0 0.806452 0.058333 0.143695 0.116667
1 0.023705 0.748611 0.038612 0.108333
1 0.010020 0.817593 0.020039 0.079630
1 0.038123 0.979630 0.016618 0.035185
0 0.241691 0.722222 0.131476 0.279630
1 0.348240 0.814352 0.088465 0.228704
1 0.425709 0.799537 0.077224 0.104630
1 0.471652 0.718981 0.075269 0.125000
1 0.476295 0.736111 0.015152 0.040741
1 0.455767 0.800463 0.027859 0.039815
0 0.242669 0.550926 0.142229 0.233333
1 0.186706 0.603241 0.043988 0.067593
0 0.232405 0.302778 0.196970 0.155556
1 0.246579 0.231481 0.017107 0.055556
1 0.341642 0.462963 0.092864 0.174074
0 0.268328 0.078704 0.099707 0.157407
1 0.525904 0.454167 0.077224 0.125000
1 0.561584 0.528241 0.011730 0.041667
1 0.597507 0.584722 0.022972 0.032407
1 0.461388 0.494907 0.078201 0.110185
1 0.480450 0.458333 0.025415 0.037037
1 0.459922 0.403704 0.057674 0.064815
1 0.351906 0.152778 0.146628 0.274074
1 0.696725 0.672222 0.030792 0.105556
1 0.649804 0.387963 0.049365 0.033333
1 0.812561 0.119444 0.023949 0.059259
1 0.809873 0.396296 0.032258 0.048148
1 0.887097 0.711111 0.043011 0.124074
1 0.879277 0.769444 0.026393 0.055556
1 0.910068 0.564352 0.040078 0.097222
1 0.941838 0.523611 0.020528 0.078704
1 0.983871 0.535185 0.029326 0.064815
1 0.976540 0.470833 0.043011 0.097222
1 0.994135 0.370833 0.008798 0.097222
1 0.935484 0.332407 0.016618 0.046296
1 0.919355 0.300463 0.040078 0.125000
1 0.963343 0.205093 0.069404 0.191667
1 0.984360 0.270370 0.029326 0.061111
1 0.952346 0.047685 0.085533 0.091667
1 0.519306 0.059259 0.050342 0.118519
1 0.467986 0.229630 0.143206 0.342593
1 0.378299 0.312963 0.147605 0.174074
1 0.345797 0.349537 0.036657 0.037963