1 0.449169 0.747222 0.014663 0.029630
1 0.430596 0.704167 0.015640 0.012037
1 0.685484 0.549074 0.024927 0.037037
1 0.632942 0.482407 0.010753 0.022222
1 0.477761 0.446296 0.023949 0.050000
1 0.559384 0.371296 0.015152 0.024074
1 0.915200 0.339352 0.013196 0.058333
1 0.653959 0.327778 0.023460 0.038889
1 0.569648 0.019444 0.023949 0.038889
1 0.007331 0.208333 0.014663 0.038889
1 0.010020 0.137037 0.020039 0.035185
1 0.085777 0.356481 0.074780 0.087037
1 0.088465 0.314815 0.031281 0.038889
1 0.031525 0.840278 0.035679 0.063889
1 0.154203 0.861111 0.026882 0.074074
1 0.135142 0.973148 0.027859 0.042593
1 0.984604 0.926852 0.026882 0.053704
1 0.983382 0.986111 0.032258 0.025926
1 0.912268 0.912500 0.037634 0.063889
1 0.824047 0.845370 0.057674 0.109259
1 0.842620 0.739815 0.044966 0.079630
1 0.765396 0.792130 0.023460 0.043519
1 0.755621 0.662500 0.014663 0.028704
1 0.809873 0.667130 0.072336 0.119444
1 0.822336 0.596759 0.075758 0.080556
1 0.709677 0.671759 0.021505 0.050926
1 0.711877 0.750463 0.036657 0.075000
1 0.742424 0.766667 0.011730 0.029630
1 0.673021 0.776389 0.017595 0.058333
1 0.694037 0.826389 0.025415 0.091667
1 0.655425 0.870833 0.032258 0.102778
1 0.751466 0.437500 0.037634 0.076852
1 0.781036 0.434259 0.017595 0.042593
1 0.824291 0.457870 0.042522 0.069444
1 0.849218 0.430093 0.027859 0.058333
1 0.916911 0.679167 0.019550 0.037963
1 0.937928 0.686574 0.017595 0.023148
1 0.891007 0.554630 0.045943 0.033333
1 0.974585 0.660648 0.049853 0.150926
1 0.993891 0.590278 0.011241 0.112037
1 0.986070 0.520370 0.011241 0.018519
1 0.928886 0.474537 0.030792 0.102778
1 0.982405 0.423611 0.024438 0.052778
1 0.960166 0.436111 0.027859 0.059259
1 0.887830 0.015741 0.021017 0.029630
1 0.917155 0.016204 0.033724 0.032407
1 0.944526 0.100926 0.060117 0.164815
1 0.981916 0.041204 0.034213 0.082407
0 0.975318 0.180556 0.048387 0.164815
1 0.932551 0.191204 0.042033 0.073148
1 0.856794 0.155556 0.034213 0.107407
1 0.860948 0.210185 0.010264 0.033333
1 0.826735 0.200000 0.021017 0.038889
1 0.838954 0.323611 0.036657 0.099074
1 0.963832 0.301852 0.024438 0.050000
1 0.701857 0.088426 0.071359 0.102778
1 0.752933 0.072222 0.027859 0.061111
1 0.754888 0.164352 0.026882 0.030556
1 0.523216 0.110648 0.031769 0.054630
1 0.586755 0.095833 0.019062 0.039815
1 0.571359 0.061111 0.014663 0.025926
1 0.616080 0.104167 0.015152 0.023148
1 0.588465 0.330556 0.031281 0.042593
1 0.513930 0.225000 0.060117 0.148148
1 0.452835 0.193981 0.029814 0.034259
1 0.424731 0.231944 0.068426 0.123148
1 0.484115 0.251852 0.076735 0.164815
0 0.558651 0.189815 0.051808 0.253704
1 0.528837 0.835648 0.036168 0.075000
1 0.455767 0.633333 0.028837 0.090741
1 0.490958 0.635185 0.055230 0.064815
1 0.458211 0.691667 0.024927 0.035185
1 0.399804 0.902778 0.022483 0.050000
0 0.578690 0.739815 0.077224 0.072222
1 0.583333 0.580093 0.018084 0.052778
1 0.586510 0.622685 0.042033 0.076852
1 0.638563 0.567593 0.012219 0.024074
1 0.601906 0.399537 0.021017 0.086111
1 0.584066 0.425463 0.023460 0.039815
1 0.575758 0.399074 0.048876 0.053704
1 0.543744 0.415741 0.021994 0.040741
1 0.527615 0.462037 0.032747 0.050000
1 0.598974 0.457407 0.029814 0.051852
1 0.593109 0.495370 0.013196 0.031481
0 0.540567 0.568981 0.093842 0.310185
1 0.489247 0.505093 0.042033 0.119444
1 0.646628 0.401389 0.037146 0.041667
1 0.664467 0.440741 0.037634 0.072222
1 0.690860 0.476389 0.025904 0.047222
1 0.668622 0.496759 0.025415 0.034259
0 0.565005 0.934722 0.056696 0.115741
1 0.226784 0.942593 0.023460 0.062963
1 0.251222 0.926389 0.049853 0.032407
1 0.261975 0.775000 0.013685 0.029630
1 0.353861 0.792130 0.018573 0.050926
1 0.377077 0.759259 0.011241 0.024074
1 0.360704 0.809259 0.024438 0.048148
1 0.338710 0.616667 0.059629 0.053704
1 0.366569 0.674074 0.043988 0.103704
1 0.335044 0.702778 0.046432 0.042593
1 0.275904 0.515278 0.041544 0.087963
1 0.231916 0.425926 0.043500 0.070370
1 0.201124 0.491667 0.023949 0.040741
1 0.184506 0.605556 0.056207 0.083333
1 0.216276 0.312037 0.060117 0.101852
1 0.423509 0.519907 0.022972 0.041667
1 0.366569 0.432407 0.011730 0.022222
1 0.372678 0.248148 0.020039 0.027778
1 0.364125 0.269444 0.022483 0.035185
1 0.337977 0.312500 0.071848 0.102778
1 0.303519 0.222685 0.016618 0.034259
1 0.369013 0.086574 0.039101 0.058333