1 0.496334 0.979167 0.017107 0.025000
1 0.495601 0.940741 0.006843 0.024074
1 0.847263 0.918981 0.033724 0.056481
1 0.345552 0.934722 0.035191 0.095370
1 0.531281 0.853704 0.026393 0.050000
1 0.256354 0.856944 0.021994 0.073148
1 0.554008 0.824074 0.024927 0.035185
1 0.531281 0.766667 0.030303 0.050000
1 0.184262 0.842593 0.138807 0.218519
1 0.305963 0.725926 0.031281 0.046296
1 0.656158 0.726389 0.027859 0.052778
1 0.635630 0.708333 0.009286 0.027778
1 0.238270 0.714815 0.039589 0.070370
1 0.298631 0.670833 0.030303 0.041667
0 0.015396 0.705556 0.030792 0.109259
1 0.820381 0.627778 0.012219 0.025926
0 0.479228 0.672222 0.074780 0.125926
1 0.925709 0.633796 0.024438 0.052778
1 0.277370 0.618056 0.021994 0.036111
1 0.301075 0.612037 0.034213 0.051852
1 0.314761 0.574537 0.025415 0.049074
1 0.408847 0.575926 0.013196 0.031481
1 0.801564 0.542130 0.010753 0.015741
1 0.180596 0.548611 0.025904 0.052778
1 0.055963 0.568519 0.111926 0.118519
1 0.973118 0.515741 0.009775 0.022222
1 0.926197 0.511574 0.016618 0.041667
1 0.328935 0.488889 0.021505 0.048148
1 0.050342 0.452315 0.034213 0.028704
1 0.441838 0.473148 0.051808 0.077778
1 0.784702 0.450926 0.027859 0.050000
1 0.258798 0.421296 0.032747 0.079630
1 0.141984 0.428704 0.036657 0.088889
1 0.210655 0.425463 0.016618 0.052778
1 0.305963 0.388426 0.022483 0.047222
1 0.580890 0.343519 0.013196 0.027778
1 0.964565 0.334259 0.010264 0.033333
1 0.140518 0.336574 0.047410 0.097222
1 0.062317 0.300463 0.028837 0.047222
1 0.290811 0.304630 0.056696 0.079630
1 0.722141 0.275000 0.033724 0.068519
1 0.347019 0.237500 0.011730 0.034259
1 0.827468 0.221296 0.018573 0.022222
1 0.248289 0.228241 0.029326 0.052778
0 0.028592 0.245370 0.057185 0.166667
1 0.816227 0.143519 0.009775 0.018519
1 0.290567 0.143056 0.009286 0.025000
1 0.217253 0.103241 0.017107 0.026852
1 0.351417 0.106019 0.026393 0.037963
1 0.924731 0.083796 0.014663 0.028704
1 0.495601 0.088889 0.036168 0.053704
1 0.306207 0.048611 0.031769 0.043519
0 0.027615 0.067593 0.055230 0.101852
1 0.060362 0.028241 0.025904 0.037963
1 0.534946 0.028241 0.036657 0.045370
1 0.354350 0.034722 0.042033 0.069444
1 0.196481 0.100926 0.019550 0.040741
1 0.234360 0.115741 0.021017 0.051852
1 0.219941 0.073148 0.020528 0.042593
1 0.290323 0.475463 0.031281 0.054630
1 0.292766 0.434722 0.030303 0.065741
1 0.250000 0.531481 0.052297 0.122222
1 0.303519 0.801852 0.029326 0.050000
1 0.301808 0.861111 0.018084 0.044444
1 0.114370 0.927778 0.033236 0.048148
1 0.051075 0.878704 0.025904 0.057407
1 0.473118 0.818056 0.032258 0.049074
0 0.506843 0.437037 0.110459 0.218519
1 0.459922 0.522222 0.044966 0.081481
1 0.562805 0.405556 0.061095 0.068519
0 0.503666 0.235185 0.148094 0.270370
0 0.516618 0.105093 0.123167 0.095370