1 0.040078 0.243981 0.022483 0.052778
1 0.188661 0.218519 0.011730 0.038889
1 0.186217 0.170370 0.020528 0.048148
1 0.306207 0.483333 0.032747 0.020370
1 0.268328 0.518519 0.020528 0.057407
1 0.281525 0.532407 0.019550 0.050000
1 0.200635 0.575463 0.021017 0.043519
1 0.227028 0.600926 0.016129 0.037037
1 0.199658 0.725000 0.018084 0.051852
1 0.262463 0.791667 0.021505 0.038889
1 0.220919 0.833796 0.015640 0.052778
1 0.322092 0.693519 0.016618 0.050000
1 0.011975 0.772222 0.020039 0.033333
1 0.073069 0.408796 0.021017 0.045370
1 0.178641 0.397222 0.033724 0.024074
1 0.215054 0.384722 0.015640 0.034259
1 0.249511 0.574537 0.009286 0.028704
1 0.310850 0.848611 0.024438 0.045370
1 0.219453 0.918056 0.021505 0.030556
1 0.344819 0.745833 0.021017 0.036111
1 0.378299 0.692593 0.039101 0.074074
1 0.373167 0.954630 0.018084 0.044444
1 0.422287 0.641667 0.023460 0.038889
1 0.425464 0.081019 0.021994 0.045370
1 0.447458 0.039815 0.026882 0.037037
1 0.447703 0.125463 0.025415 0.060185
1 0.331623 0.137037 0.019062 0.050000
1 0.453568 0.287037 0.013685 0.051852
1 0.416178 0.341204 0.017107 0.054630
1 0.429619 0.341667 0.011730 0.046296
1 0.463099 0.358333 0.020039 0.038889
1 0.349462 0.510185 0.021505 0.033333
1 0.328201 0.471759 0.016129 0.036111
1 0.324047 0.432870 0.022483 0.041667
1 0.359482 0.443981 0.017107 0.052778
1 0.320137 0.508796 0.023460 0.036111
1 0.477273 0.531481 0.017107 0.057407
1 0.496334 0.550926 0.018084 0.029630
1 0.477273 0.710648 0.019062 0.026852
1 0.528104 0.330093 0.022972 0.069444
1 0.585288 0.051852 0.015152 0.053704
1 0.541789 0.067130 0.048387 0.095370
0 0.582356 0.179630 0.056207 0.192593
1 0.583822 0.428241 0.017107 0.034259
1 0.592131 0.278704 0.016129 0.127778
1 0.664956 0.120370 0.020039 0.038889
1 0.715298 0.096296 0.023949 0.040741
1 0.713587 0.256019 0.017595 0.041667
1 0.680596 0.301852 0.022972 0.048148
0 0.572581 0.520370 0.106061 0.090741
1 0.673021 0.549537 0.019550 0.025000
1 0.728250 0.521296 0.018573 0.081481
0 0.551808 0.687037 0.103617 0.303704
1 0.602151 0.705556 0.019550 0.118519
1 0.465298 0.991667 0.007820 0.014815
1 0.677664 0.770833 0.016129 0.036111
1 0.679130 0.846296 0.021994 0.090741
1 0.688905 0.892593 0.021017 0.038889
0 0.560117 0.965741 0.096774 0.066667
0 0.548143 0.885648 0.121701 0.217593
1 0.564272 0.834259 0.036657 0.042593
1 0.602151 0.884259 0.007820 0.014815
1 0.787879 0.014352 0.013685 0.028704
1 0.793988 0.054630 0.017107 0.033333
1 0.827713 0.086111 0.022972 0.029630
1 0.800831 0.029630 0.017107 0.027778
1 0.765640 0.562500 0.033724 0.049074
1 0.739980 0.593056 0.023460 0.045370
1 0.759042 0.543981 0.040078 0.023148
1 0.761486 0.660185 0.016618 0.022222
1 0.731916 0.624074 0.016129 0.018519
1 0.777859 0.718056 0.021994 0.030556
1 0.731183 0.765278 0.012708 0.032407
1 0.764663 0.803241 0.016129 0.039815
1 0.808895 0.747685 0.026393 0.039815
1 0.756843 0.777778 0.014174 0.022222
1 0.831134 0.923611 0.031769 0.036111
1 0.801320 0.723611 0.014174 0.028704
1 0.845552 0.737037 0.070381 0.079630
1 0.816716 0.788426 0.013685 0.034259
1 0.840420 0.674537 0.023949 0.045370
1 0.807429 0.648148 0.018573 0.031481
1 0.833822 0.640278 0.020528 0.030556
1 0.817937 0.991204 0.019062 0.015741
1 0.867791 0.890741 0.017107 0.025926
1 0.881232 0.907407 0.017595 0.038889
1 0.912268 0.910648 0.031769 0.045370
1 0.958944 0.980093 0.020528 0.037963
1 0.997067 0.924074 0.004888 0.040741
0 0.991691 0.740278 0.015640 0.052778
1 0.995112 0.713889 0.008798 0.018519
1 0.930108 0.769907 0.013685 0.036111
1 0.960411 0.582407 0.011730 0.024074
1 0.986559 0.600463 0.015152 0.028704
1 0.920577 0.545370 0.015152 0.035185
1 0.931085 0.455093 0.019550 0.041667
1 0.944282 0.475463 0.017595 0.034259
1 0.963343 0.500000 0.018573 0.031481
1 0.980205 0.556944 0.006354 0.025000
1 0.986070 0.478241 0.006354 0.013889
1 0.997801 0.419444 0.003421 0.016667
1 0.997067 0.359722 0.004888 0.012037
1 0.927664 0.352315 0.014663 0.036111
1 0.904692 0.306481 0.011730 0.024074
1 0.894184 0.305093 0.018084 0.026852
1 0.935239 0.201852 0.020039 0.031481
1 0.963832 0.215741 0.013685 0.025926
1 0.995112 0.177315 0.008798 0.052778
1 0.945748 0.092593 0.011730 0.022222
1 0.327468 0.320833 0.009775 0.036111
1 0.342131 0.258796 0.011730 0.032407
1 0.380743 0.200000 0.014663 0.035185
1 0.430108 0.677778 0.062561 0.051852
1 0.702102 0.368981 0.020039 0.028704