1 0.393939 0.958333 0.028348 0.051852
1 0.695015 0.927778 0.012708 0.029630
1 0.020528 0.903704 0.027370 0.044444
1 0.126344 0.766204 0.030792 0.060185
1 0.391007 0.698611 0.024438 0.036111
1 0.588465 0.687963 0.013685 0.037037
1 0.913001 0.660648 0.032258 0.075000
1 0.056452 0.722685 0.082600 0.149074
1 0.972141 0.623611 0.008798 0.025000
1 0.482649 0.616667 0.028837 0.062963
1 0.726784 0.601852 0.049853 0.059259
1 0.128055 0.557407 0.013685 0.022222
1 0.725562 0.517130 0.016129 0.030556
1 0.958944 0.518519 0.022483 0.048148
1 0.953568 0.472685 0.038123 0.030556
1 0.475806 0.417593 0.025904 0.062963
1 0.521505 0.401852 0.027370 0.046296
1 0.720919 0.362500 0.019550 0.025000
1 0.261241 0.431481 0.092375 0.183333
1 0.630987 0.293519 0.022483 0.035185
1 0.026393 0.255556 0.024438 0.046296
1 0.733382 0.150463 0.017107 0.056481
1 0.685728 0.166204 0.010753 0.056481
0 0.250733 0.237037 0.151515 0.227778
1 0.712610 0.145833 0.022483 0.043519
1 0.944526 0.119444 0.027859 0.066667
1 0.347507 0.108796 0.052786 0.060185
1 0.689638 0.084722 0.025415 0.052778
1 0.944526 0.064352 0.023949 0.032407
1 0.523949 0.018981 0.068426 0.037963
0 0.270283 0.072685 0.081134 0.145370
1 0.168133 0.017593 0.021505 0.035185
1 0.020283 0.173148 0.033724 0.074074
1 0.032258 0.118519 0.038123 0.079630
1 0.006598 0.042130 0.013196 0.054630
1 0.027615 0.548148 0.047410 0.070370
1 0.128055 0.336111 0.028348 0.035185
1 0.302053 0.394444 0.036168 0.044444
1 0.404692 0.331944 0.027370 0.047222
1 0.433284 0.328704 0.025904 0.059259
1 0.150782 0.944907 0.032747 0.063889
0 0.273705 0.888889 0.173021 0.207407
0 0.250489 0.656481 0.166667 0.312963
1 0.605327 0.894907 0.034702 0.041667
1 0.630254 0.870370 0.034702 0.038889
1 0.621701 0.500926 0.038123 0.074074
1 0.580645 0.368519 0.041056 0.068519
1 0.619746 0.373148 0.038123 0.042593
1 0.618280 0.409722 0.043988 0.060185
1 0.938905 0.172222 0.024438 0.046296
0 0.794233 0.921759 0.176931 0.145370
0 0.789101 0.825926 0.159824 0.266667
1 0.863392 0.912037 0.066960 0.100000
1 0.848240 0.731944 0.091398 0.215741
0 0.813050 0.633796 0.161779 0.197222
1 0.831867 0.514815 0.139785 0.203704
0 0.826002 0.359722 0.152493 0.250926
0 0.789834 0.225000 0.136852 0.144444
1 0.850929 0.135648 0.057674 0.189815
0 0.793500 0.096759 0.121701 0.189815