1 0.808162 0.987037 0.023949 0.024074
1 0.934995 0.969444 0.015640 0.059259
1 0.912023 0.952778 0.037146 0.081481
1 0.992180 0.852778 0.012708 0.038889
1 0.858504 0.768981 0.040567 0.071296
1 0.984360 0.765278 0.030303 0.060185
1 0.880010 0.727315 0.018084 0.063889
1 0.563294 0.657407 0.024927 0.059259
1 0.703568 0.509722 0.021994 0.062037
1 0.940371 0.411111 0.024438 0.046296
1 0.263930 0.329167 0.037146 0.065741
1 0.949658 0.334722 0.033236 0.080556
1 0.581867 0.253704 0.009286 0.042593
1 0.993157 0.243519 0.012708 0.024074
1 0.582356 0.206944 0.012219 0.028704
1 0.191593 0.188426 0.024438 0.054630
1 0.621457 0.196296 0.017107 0.018519
1 0.916667 0.198611 0.032747 0.050926
1 0.988514 0.118519 0.017107 0.074074
1 0.323803 0.075000 0.026882 0.048148
1 0.042033 0.058796 0.023460 0.028704
1 0.126344 0.055093 0.009286 0.056481
1 0.881476 0.035648 0.012219 0.060185
1 0.747556 0.008333 0.021017 0.016667
1 0.158358 0.213889 0.023460 0.059259
1 0.938661 0.655093 0.020039 0.041667
1 0.930108 0.593519 0.018573 0.085185
1 0.939883 0.527778 0.021505 0.059259
1 0.870723 0.450463 0.011241 0.039815
1 0.829423 0.785185 0.021505 0.040741
1 0.709922 0.906019 0.008309 0.045370
1 0.354350 0.571759 0.042033 0.037963
1 0.630010 0.556944 0.025415 0.078704
1 0.731672 0.114352 0.047898 0.091667
1 0.646628 0.300926 0.042033 0.046296
1 0.930596 0.259722 0.023460 0.052778
1 0.946725 0.256944 0.016618 0.050926
0 0.484115 0.682407 0.270283 0.544444
0 0.421310 0.742130 0.264907 0.510185
0 0.408113 0.260185 0.338221 0.520370
1 0.573803 0.462037 0.010753 0.037037
0 0.483627 0.039352 0.221408 0.078704