1 0.120968 0.006944 0.009286 0.013889
1 0.121212 0.132407 0.021505 0.042593
1 0.191105 0.155556 0.012708 0.016667
1 0.080890 0.179630 0.008309 0.070370
1 0.043988 0.196759 0.032258 0.056481
1 0.086755 0.249537 0.014174 0.028704
1 0.097996 0.262037 0.022972 0.027778
1 0.106794 0.311111 0.021017 0.057407
1 0.138074 0.462963 0.026882 0.044444
1 0.131965 0.610185 0.012708 0.037037
1 0.124145 0.615278 0.006843 0.021296
1 0.111193 0.622222 0.033724 0.053704
1 0.020283 0.634722 0.033724 0.054630
1 0.060362 0.836111 0.007331 0.038889
1 0.045455 0.842130 0.029326 0.041667
1 0.074291 0.892593 0.017595 0.029630
1 0.166911 0.973611 0.017107 0.030556
1 0.203079 0.942130 0.033724 0.030556
1 0.175220 0.804167 0.016129 0.045370
1 0.254154 0.161111 0.031281 0.055556
1 0.290567 0.204630 0.032747 0.042593
1 0.260753 0.224074 0.013196 0.025926
1 0.296676 0.265278 0.014663 0.028704
1 0.326491 0.298148 0.008798 0.014815
1 0.334311 0.298148 0.016618 0.024074
1 0.265640 0.268981 0.021017 0.023148
1 0.258798 0.291204 0.024927 0.037963
1 0.290567 0.314815 0.023949 0.044444
1 0.280303 0.471296 0.017107 0.018519
1 0.264663 0.442130 0.050342 0.037963
1 0.262463 0.525000 0.024438 0.040741
1 0.281036 0.567593 0.029326 0.053704
1 0.271261 0.557870 0.013685 0.025000
1 0.313783 0.663426 0.010753 0.021296
1 0.325024 0.611574 0.013685 0.030556
1 0.289589 0.686111 0.026882 0.050000
1 0.302053 0.663426 0.010753 0.025000
1 0.299853 0.750463 0.015152 0.036111
1 0.288856 0.759259 0.016618 0.033333
1 0.273949 0.728704 0.050342 0.059259
1 0.294966 0.708333 0.017107 0.022222
1 0.289589 0.792593 0.020039 0.059259
1 0.258798 0.809722 0.016129 0.030556
1 0.262952 0.839815 0.020528 0.033333
1 0.260508 0.876852 0.019550 0.035185
1 0.271505 0.909722 0.030792 0.060185
1 0.307429 0.924074 0.026393 0.068519
1 0.293744 0.959722 0.021505 0.036111
1 0.296676 0.016667 0.013685 0.024074
1 0.314272 0.005093 0.008798 0.010185
1 0.383920 0.506019 0.011241 0.015741
1 0.329668 0.846759 0.014174 0.025000
1 0.405181 0.931944 0.025415 0.032407
1 0.391740 0.957407 0.017107 0.031481
1 0.408847 0.982407 0.015152 0.024074
1 0.423754 0.954630 0.023460 0.033333
1 0.444037 0.960648 0.030792 0.054630
1 0.461632 0.836574 0.014174 0.019444
1 0.424976 0.675000 0.013196 0.025926
1 0.441349 0.713889 0.014663 0.037037
1 0.450147 0.709259 0.023460 0.014815
1 0.452590 0.713889 0.008798 0.042593
1 0.481183 0.723148 0.027859 0.048148
1 0.482649 0.705556 0.015152 0.024074
1 0.447458 0.621759 0.016129 0.034259
1 0.403226 0.488889 0.017595 0.038889
1 0.420577 0.488889 0.015152 0.024074
1 0.410802 0.425926 0.024927 0.007407
1 0.445992 0.455093 0.039589 0.062037
1 0.429863 0.158796 0.028837 0.047222
1 0.486070 0.295833 0.019062 0.047222
1 0.423754 0.016204 0.025415 0.032407
1 0.441105 0.045370 0.020039 0.031481
1 0.450880 0.043056 0.014174 0.026852
1 0.432307 0.087037 0.031769 0.057407
1 0.494379 0.819907 0.022972 0.045370
1 0.513685 0.873611 0.018573 0.025000
1 0.544477 0.917593 0.018573 0.042593
1 0.538856 0.847222 0.008309 0.025926
1 0.517351 0.981481 0.027859 0.035185
1 0.487048 0.506481 0.025904 0.057407
1 0.471652 0.482407 0.014663 0.025926
1 0.503177 0.484259 0.009286 0.024074
1 0.541300 0.508796 0.025904 0.054630
1 0.531525 0.441667 0.037634 0.062963
1 0.550587 0.470370 0.024927 0.044444
1 0.538368 0.465278 0.025904 0.026852
1 0.507576 0.359259 0.015152 0.020370
1 0.536413 0.386574 0.019062 0.043519
1 0.569159 0.406481 0.028837 0.040741
1 0.506598 0.122222 0.012219 0.035185
1 0.573558 0.203241 0.018084 0.032407
1 0.541300 0.174074 0.021017 0.031481
1 0.537390 0.193056 0.033724 0.036111
1 0.535679 0.036111 0.036168 0.053704
1 0.561095 0.043981 0.018573 0.032407
1 0.578201 0.057407 0.018573 0.062963
1 0.599218 0.049074 0.014663 0.022222
1 0.557674 0.060185 0.017595 0.033333
0 0.539589 0.043981 0.022483 0.087963
1 0.575513 0.310185 0.021994 0.031481
0 0.528592 0.885185 0.217498 0.227778
0 0.586755 0.659259 0.216520 0.361111
0 0.513685 0.284722 0.269795 0.482407
1 0.618035 0.050000 0.021994 0.025926
1 0.646872 0.055093 0.020039 0.043519
1 0.654448 0.031944 0.015640 0.026852
1 0.662512 0.065741 0.018084 0.046296
1 0.658847 0.112963 0.027370 0.038889
1 0.633431 0.107870 0.025415 0.069444
1 0.624389 0.237037 0.038612 0.074074
1 0.663734 0.337037 0.016618 0.040741
1 0.674976 0.368056 0.038123 0.050926
1 0.642962 0.829167 0.024927 0.039815
1 0.765885 0.118056 0.060606 0.095370
1 0.773705 0.075463 0.017595 0.037963
1 0.798876 0.045833 0.020039 0.028704
1 0.799120 0.083796 0.025415 0.049074
1 0.783724 0.337500 0.026882 0.049074
1 0.756109 0.331019 0.016618 0.021296
1 0.771261 0.418056 0.019550 0.039815
1 0.720430 0.519907 0.021505 0.043519
1 0.738270 0.506481 0.018084 0.031481
1 0.752444 0.521296 0.045455 0.079630
1 0.752933 0.488426 0.022972 0.045370
1 0.773460 0.518981 0.025904 0.041667
1 0.782014 0.536574 0.014663 0.023148
1 0.790567 0.566204 0.020039 0.030556
1 0.774682 0.575926 0.019550 0.022222
1 0.766618 0.594907 0.026882 0.030556
1 0.751711 0.776389 0.019550 0.032407
1 0.783969 0.823611 0.020528 0.032407
1 0.792522 0.841667 0.009286 0.024074
1 0.762463 0.846296 0.028348 0.055556
1 0.750000 0.870370 0.029814 0.048148
1 0.775415 0.861574 0.030792 0.065741
1 0.740469 0.927778 0.017595 0.025926
1 0.750244 0.976852 0.012708 0.031481
1 0.757576 0.949074 0.036168 0.053704
1 0.805963 0.971759 0.026393 0.054630
1 0.784702 0.984259 0.028837 0.029630
1 0.813539 0.351852 0.017107 0.035185
1 0.826246 0.382407 0.032747 0.051852
1 0.838710 0.361574 0.033236 0.056481
1 0.849951 0.051389 0.008798 0.019444
1 0.883187 0.012963 0.012708 0.024074
1 0.875122 0.025463 0.012219 0.023148
1 0.885630 0.086574 0.011730 0.030556
1 0.857038 0.185648 0.020039 0.030556
1 0.864614 0.203241 0.025415 0.052778
1 0.879277 0.277315 0.039101 0.076852
1 0.885386 0.419907 0.017107 0.037963
1 0.870235 0.425926 0.022972 0.044444
1 0.851906 0.431481 0.014663 0.038889
1 0.866325 0.507870 0.013196 0.032407
1 0.879765 0.520370 0.017595 0.027778
1 0.872434 0.682870 0.026393 0.037963
1 0.894428 0.768519 0.015640 0.011111
1 0.899071 0.711574 0.016129 0.021296
1 0.882698 0.883796 0.007820 0.013889
1 0.869501 0.946759 0.015640 0.017593
1 0.903959 0.953241 0.026882 0.015741
1 0.900293 0.958796 0.010753 0.054630
1 0.904448 0.985648 0.019062 0.026852
1 0.905181 0.858333 0.019550 0.044444
1 0.923998 0.875463 0.020039 0.039815
1 0.895406 0.781944 0.020528 0.025000
1 0.924976 0.736111 0.019062 0.040741
1 0.896872 0.636574 0.017595 0.036111
1 0.914712 0.617593 0.021017 0.027778
1 0.930841 0.616667 0.012219 0.024074
1 0.925953 0.661111 0.042522 0.083333
1 0.912268 0.675926 0.026882 0.037037
1 0.992424 0.912963 0.014174 0.033333
1 0.966276 0.804630 0.013685 0.025926
1 0.954301 0.769907 0.023949 0.056481
1 0.983627 0.767130 0.017107 0.041667
1 0.964321 0.722222 0.012708 0.031481
1 0.977761 0.727778 0.016129 0.031481
1 0.923509 0.558796 0.015152 0.036111
1 0.881965 0.493981 0.010264 0.021296
1 0.897605 0.493519 0.037634 0.062963
1 0.908602 0.294444 0.016618 0.040741
1 0.925709 0.385648 0.041056 0.069444
1 0.914223 0.418056 0.009286 0.017593
1 0.923509 0.427315 0.012219 0.030556
1 0.904203 0.188426 0.016618 0.032407
1 0.916911 0.198148 0.021505 0.035185
1 0.920577 0.103241 0.029814 0.056481
1 0.959922 0.142593 0.017595 0.014815
1 0.957967 0.119907 0.009775 0.030556
1 0.930352 0.070370 0.025904 0.051852
1 0.947458 0.065278 0.009286 0.030556
1 0.967253 0.028704 0.020528 0.044444
1 0.949658 0.005556 0.015640 0.011111
1 0.907136 0.012500 0.016618 0.015741
1 0.920332 0.021759 0.019550 0.043519
1 0.994135 0.133796 0.010753 0.019444
1 0.955034 0.233796 0.021505 0.047222
1 0.983871 0.214352 0.019550 0.045370
1 0.971652 0.224537 0.011730 0.049074
1 0.978495 0.222222 0.026393 0.020370
1 0.946481 0.384722 0.017107 0.036111
1 0.987537 0.336574 0.011241 0.025000
1 0.982649 0.359259 0.015152 0.031481
1 0.993646 0.341667 0.011730 0.046296
1 0.991202 0.399537 0.016618 0.025000
1 0.963587 0.391204 0.026882 0.047222
1 0.958211 0.428704 0.017107 0.038889
1 0.949169 0.430093 0.008798 0.030556
1 0.944282 0.430093 0.009775 0.021296
1 0.945748 0.473148 0.024438 0.050000
1 0.982649 0.446759 0.023949 0.032407
1 0.970919 0.474074 0.017107 0.042593
1 0.962366 0.482870 0.006843 0.036111
1 0.962121 0.545833 0.020039 0.049074
1 0.953812 0.649074 0.026882 0.050000
1 0.985093 0.590741 0.019062 0.029630
1 0.967986 0.618981 0.021017 0.021296
1 0.979228 0.623611 0.018084 0.050926
1 0.981183 0.607870 0.021994 0.034259
1 0.990469 0.610648 0.014174 0.025000
1 0.987537 0.624537 0.013196 0.036111
1 0.975806 0.656944 0.015152 0.032407
1 0.948925 0.686111 0.016129 0.031481
1 0.964321 0.673611 0.009775 0.017593
1 0.979472 0.672222 0.037146 0.064815
1 0.978006 0.511111 0.020528 0.042593
1 0.994868 0.512037 0.009286 0.042593
1 0.989736 0.532870 0.018573 0.030556