0 0.303275 0.288426 0.074780 0.254630
0 0.333822 0.081944 0.112414 0.163889
1 0.243891 0.053704 0.096774 0.107407
1 0.250244 0.139352 0.057674 0.119444
1 0.231427 0.269444 0.091398 0.224074
1 0.229961 0.541667 0.115836 0.262963
1 0.244135 0.720833 0.122678 0.152778
1 0.089198 0.836111 0.049365 0.055556
0 0.266129 0.858796 0.179374 0.273148
1 0.413978 0.225000 0.017595 0.037037
1 0.306207 0.522222 0.021994 0.042593
1 0.446481 0.440278 0.019062 0.032407
1 0.556207 0.782870 0.021505 0.062037
1 0.621701 0.764815 0.020528 0.037037
0 0.849218 0.757407 0.133431 0.200000
0 0.829668 0.900000 0.093353 0.198148
1 0.844575 0.515278 0.127077 0.213889
1 0.852151 0.229630 0.106061 0.211111
1 0.856794 0.351852 0.116325 0.157407
1 0.831134 0.087963 0.056207 0.124074
1 0.750489 0.107407 0.016129 0.046296
0 0.824780 0.041667 0.092375 0.083333
1 0.819892 0.047685 0.028837 0.063889