1 0.988759 0.975000 0.021505 0.048148
1 0.214076 0.968056 0.024438 0.037963
1 0.430841 0.890741 0.023949 0.068519
1 0.269062 0.850926 0.013196 0.038889
1 0.095552 0.853241 0.013196 0.049074
1 0.711388 0.838889 0.017107 0.048148
1 0.178886 0.821759 0.014663 0.017593
1 0.149804 0.810648 0.016129 0.023148
1 0.257087 0.748611 0.025415 0.063889
1 0.413245 0.751852 0.012219 0.014815
1 0.368768 0.754167 0.030792 0.032407
1 0.440371 0.746296 0.028348 0.037037
1 0.254888 0.682407 0.021017 0.035185
1 0.963587 0.669907 0.008309 0.023148
1 0.994379 0.670833 0.010264 0.028704
1 0.883187 0.640278 0.009775 0.019444
1 0.696725 0.637500 0.020039 0.030556
1 0.438172 0.623148 0.010264 0.024074
1 0.199902 0.628704 0.043011 0.079630
1 0.087243 0.559722 0.026882 0.017593
1 0.236804 0.552778 0.021994 0.037037
1 0.425953 0.514352 0.042522 0.082407
1 0.459677 0.478704 0.036657 0.074074
1 0.915445 0.525926 0.071359 0.188889
1 0.526393 0.400463 0.029326 0.025000
1 0.459433 0.402778 0.022483 0.031481
1 0.677664 0.397685 0.027859 0.026852
1 0.446237 0.329167 0.034213 0.093519
1 0.975806 0.296759 0.013196 0.030556
1 0.348240 0.293056 0.044477 0.043519
1 0.197947 0.252778 0.020528 0.057407
1 0.880010 0.225463 0.049365 0.063889
1 0.028348 0.153704 0.020528 0.059259
1 0.027615 0.108796 0.030792 0.052778
1 0.499022 0.086111 0.052786 0.038889
1 0.123900 0.207870 0.027859 0.039815
1 0.123412 0.422222 0.020039 0.038889
1 0.211877 0.795370 0.021017 0.037037
1 0.229472 0.828241 0.028837 0.071296
1 0.301075 0.809722 0.013685 0.025000
1 0.142473 0.956481 0.037634 0.042593
1 0.119013 0.978241 0.030792 0.039815
1 0.359482 0.050463 0.046432 0.069444
1 0.328690 0.693981 0.021017 0.032407
1 0.486315 0.723611 0.035191 0.026852
1 0.503910 0.689352 0.032258 0.025000
1 0.335533 0.507870 0.028837 0.034259
1 0.350684 0.555556 0.026882 0.027778
1 0.387341 0.532407 0.039589 0.061111
0 0.591153 0.880556 0.113881 0.233333
0 0.581134 0.743056 0.064516 0.171296
1 0.596041 0.638426 0.017107 0.060185
1 0.547165 0.650000 0.075758 0.042593
1 0.523705 0.537037 0.040567 0.050000
0 0.586022 0.582407 0.116325 0.144444
1 0.682796 0.709259 0.021505 0.044444
1 0.534213 0.304630 0.015640 0.029630
1 0.562805 0.460185 0.164712 0.098148
1 0.577468 0.466204 0.028837 0.028704
1 0.624145 0.485648 0.016618 0.034259
0 0.561095 0.317593 0.099707 0.309259
1 0.449413 0.126389 0.015152 0.034259
1 0.494868 0.142593 0.051320 0.059259
1 0.521750 0.116667 0.010264 0.024074
1 0.528348 0.113426 0.013685 0.036111
1 0.520039 0.015741 0.020528 0.022222
0 0.588465 0.211574 0.141740 0.154630
0 0.607038 0.078704 0.099707 0.155556
1 0.795210 0.710185 0.026393 0.062963
1 0.694282 0.565278 0.014174 0.032407
1 0.728983 0.616667 0.019062 0.029630
1 0.727517 0.659722 0.013196 0.030556
1 0.724096 0.530556 0.058162 0.050000
1 0.811095 0.128704 0.051320 0.114815
1 0.818182 0.025000 0.034213 0.046296
1 0.993891 0.798148 0.009286 0.055556
1 0.949169 0.888426 0.036168 0.091667