0 0.563539 0.169907 0.178886 0.334259
0 0.580156 0.767593 0.173021 0.205556
0 0.565738 0.984259 0.065005 0.025926
1 0.611681 0.526852 0.028837 0.083333
1 0.460411 0.322685 0.020528 0.054630
1 0.438172 0.150000 0.025904 0.044444
1 0.305474 0.561574 0.055718 0.106481
1 0.276149 0.656481 0.031281 0.053704
1 0.279081 0.597222 0.025415 0.048148
1 0.438172 0.716667 0.029814 0.055556
1 0.224340 0.918056 0.035191 0.078704
1 0.041544 0.695833 0.038123 0.071296
1 0.068182 0.370833 0.020039 0.052778
1 0.116325 0.275000 0.030303 0.059259
1 0.045699 0.316667 0.041544 0.081481
1 0.029326 0.241667 0.043988 0.062963
1 0.032258 0.169907 0.029326 0.036111
1 0.084066 0.070833 0.032258 0.062037
1 0.291300 0.120370 0.040078 0.077778
1 0.045699 0.575926 0.021017 0.050000
1 0.175709 0.548611 0.030792 0.043519
1 0.112170 0.970833 0.040567 0.043519
1 0.060850 0.903704 0.032747 0.062963
1 0.574291 0.870833 0.030303 0.063889
1 0.787390 0.848611 0.043011 0.112037
1 0.800342 0.975463 0.034702 0.043519
1 0.985826 0.815278 0.021505 0.063889
1 0.936461 0.969907 0.025415 0.032407
1 0.903226 0.482407 0.036168 0.083333
1 0.802786 0.466204 0.025904 0.060185
1 0.740714 0.443056 0.052297 0.052778
1 0.979472 0.224537 0.032258 0.063889
1 0.974829 0.101852 0.032747 0.044444
1 0.620723 0.876389 0.018573 0.036111
1 0.448436 0.917130 0.027859 0.037963