0 0.479228 0.333333 0.224340 0.664815
1 0.863881 0.638889 0.061095 0.088889
1 0.760264 0.332870 0.026882 0.078704
1 0.919355 0.098148 0.055718 0.072222
1 0.945748 0.204167 0.032258 0.050926
1 0.783969 0.469444 0.043011 0.038889
1 0.709677 0.247685 0.037146 0.028704
1 0.894184 0.743981 0.026882 0.043519
1 0.472874 0.607870 0.039589 0.084259
1 0.903959 0.893981 0.025904 0.065741
1 0.416667 0.087500 0.024927 0.050926
1 0.337243 0.183796 0.032258 0.063889
1 0.071359 0.738426 0.032258 0.054630
1 0.254643 0.496759 0.020528 0.032407
1 0.604594 0.730556 0.033236 0.031481
1 0.103128 0.431019 0.024438 0.041667
1 0.562561 0.605556 0.030303 0.070370
0 0.476295 0.167593 0.281036 0.335185
1 0.437683 0.292593 0.057185 0.125926
0 0.468475 0.946296 0.105083 0.105556
0 0.611681 0.850926 0.094330 0.296296
0 0.445748 0.925463 0.045943 0.143519
0 0.446970 0.827315 0.570381 0.334259