1 0.211632 0.198611 0.029326 0.017593
1 0.388563 0.165741 0.021505 0.038889
1 0.387097 0.127315 0.014663 0.021296
1 0.370235 0.225463 0.038612 0.054630
1 0.393451 0.271759 0.022483 0.067593
1 0.244379 0.355556 0.037146 0.053704
1 0.238270 0.408333 0.030792 0.048148
1 0.321603 0.928241 0.043011 0.041667
1 0.384653 0.826389 0.043011 0.128704
1 0.099462 0.986574 0.039589 0.019444
1 0.028348 0.613889 0.056696 0.107407
1 0.751955 0.390741 0.032747 0.072222
1 0.838221 0.307870 0.024438 0.047222
1 0.923998 0.518519 0.019062 0.055556
1 0.771017 0.483796 0.006354 0.019444
1 0.710166 0.711574 0.033236 0.073148
1 0.773460 0.892593 0.030792 0.057407
1 0.936706 0.830093 0.032747 0.049074
1 0.979717 0.094907 0.014174 0.030556
1 0.767595 0.061574 0.011241 0.015741
0 0.515396 0.809259 0.400293 0.379630
0 0.554008 0.678704 0.299609 0.618519
0 0.625367 0.067593 0.096285 0.135185
0 0.486315 0.356481 0.291300 0.677778