1 0.020772 0.336111 0.024927 0.027778
1 0.167644 0.457407 0.032258 0.061111
1 0.190616 0.501852 0.038123 0.038889
1 0.177908 0.543519 0.015640 0.011111
1 0.112903 0.517130 0.008798 0.008333
1 0.113148 0.775926 0.021017 0.038889
1 0.220674 0.794907 0.044477 0.050926
1 0.186706 0.725000 0.006843 0.027778
1 0.145650 0.655556 0.009775 0.018519
1 0.224829 0.660648 0.013685 0.028704
1 0.150538 0.820370 0.024438 0.053704
1 0.165445 0.857407 0.016129 0.040741
1 0.237537 0.935648 0.013685 0.025000
1 0.159824 0.320833 0.011730 0.026852
1 0.224340 0.216204 0.013685 0.034259
1 0.229961 0.026389 0.022972 0.043519
1 0.264418 0.127778 0.014663 0.035185
1 0.269795 0.108333 0.009775 0.014815
1 0.337977 0.103241 0.021994 0.032407
1 0.379277 0.067593 0.022483 0.046296
1 0.400538 0.162500 0.021994 0.037963
1 0.355816 0.258333 0.034213 0.031481
1 0.331378 0.497222 0.025415 0.038889
1 0.343109 0.456481 0.024438 0.044444
1 0.377810 0.467593 0.025415 0.029630
1 0.388807 0.496296 0.014174 0.033333
1 0.369257 0.427778 0.014174 0.029630
1 0.350196 0.590278 0.022972 0.037963
1 0.332111 0.557870 0.022972 0.041667
1 0.379032 0.536574 0.023949 0.032407
1 0.400049 0.558796 0.021994 0.039815
1 0.368280 0.627778 0.023949 0.037037
1 0.404203 0.635185 0.020528 0.025926
1 0.410313 0.737963 0.019062 0.068519
1 0.305963 0.914352 0.024438 0.034259
1 0.412757 0.892593 0.021994 0.053704
1 0.434506 0.968056 0.016618 0.036111
1 0.428886 0.981019 0.031769 0.032407
1 0.461388 0.979630 0.015640 0.038889
1 0.480938 0.987500 0.022483 0.023148
1 0.510264 0.952315 0.018573 0.043519
1 0.475073 0.653241 0.039101 0.036111
1 0.430841 0.686574 0.017107 0.025000
1 0.473118 0.529630 0.013685 0.022222
1 0.457967 0.448611 0.014663 0.041667
1 0.431329 0.318981 0.020039 0.045370
1 0.493402 0.193519 0.017107 0.037037
1 0.477028 0.168056 0.013685 0.034259
1 0.468719 0.120370 0.024438 0.057407
1 0.500244 0.140278 0.012219 0.034259
1 0.914467 0.079630 0.030303 0.046296
1 0.881476 0.069907 0.016129 0.032407
1 0.866080 0.056481 0.013685 0.025926
1 0.832600 0.059259 0.029814 0.035185
1 0.831867 0.142593 0.023460 0.050000
1 0.814516 0.230093 0.017107 0.047222
1 0.807674 0.236574 0.017107 0.037963
1 0.767107 0.218519 0.021994 0.020370
1 0.795210 0.267593 0.014663 0.035185
1 0.822092 0.279630 0.016618 0.022222
1 0.754643 0.293981 0.024438 0.037963
1 0.827224 0.292593 0.021017 0.053704
1 0.942082 0.298148 0.013196 0.038889
1 0.954057 0.301852 0.023460 0.038889
1 0.815249 0.615278 0.036168 0.034259
1 0.856794 0.575463 0.036168 0.049074
1 0.770039 0.573148 0.016129 0.031481
1 0.834555 0.689352 0.017107 0.065741
1 0.903715 0.621296 0.015640 0.016667
1 0.939394 0.640741 0.011730 0.035185
1 0.763441 0.751389 0.031281 0.073148
1 0.787634 0.885185 0.022972 0.044444
1 0.800342 0.885185 0.017107 0.020370
1 0.843353 0.912963 0.020039 0.035185
1 0.856061 0.849074 0.016129 0.031481
1 0.875367 0.942130 0.030303 0.065741
1 0.928397 0.974537 0.019062 0.028704
1 0.933040 0.958333 0.014663 0.024074
1 0.934262 0.922222 0.037634 0.025926
1 0.944526 0.876389 0.014174 0.025000
1 0.965298 0.862963 0.019550 0.081481
1 0.975318 0.828241 0.013196 0.023148
1 0.947214 0.956481 0.031281 0.046296
1 0.943548 0.985648 0.023949 0.026852
1 0.995601 0.868981 0.007820 0.039815
1 0.994135 0.612037 0.010753 0.027778
1 0.994135 0.583333 0.010753 0.037037
1 0.976051 0.671759 0.013685 0.025000
1 0.977028 0.642130 0.015640 0.030556
1 0.985826 0.608333 0.014663 0.027778
1 0.955767 0.548611 0.035679 0.060185
1 0.952102 0.591204 0.006843 0.023148
1 0.946970 0.494444 0.018084 0.037037
1 0.968475 0.471759 0.018084 0.028704
1 0.991691 0.494444 0.015640 0.040741
1 0.978006 0.355093 0.042033 0.034259
1 0.994135 0.375000 0.010753 0.038889
0 0.992424 0.222222 0.014174 0.072222
1 0.943060 0.115278 0.013196 0.028704
1 0.936706 0.096296 0.014174 0.029630
1 0.996579 0.050463 0.005865 0.032407
1 0.720430 0.883796 0.013685 0.032407
1 0.736315 0.960185 0.021994 0.044444
1 0.734848 0.947685 0.024927 0.034259
1 0.745601 0.956481 0.017107 0.031481
1 0.685973 0.988889 0.020039 0.020370
1 0.725562 0.718056 0.021994 0.041667
1 0.666178 0.509722 0.018573 0.047222
1 0.727273 0.361574 0.019550 0.047222
1 0.730694 0.413889 0.016618 0.038889
1 0.680352 0.367130 0.031281 0.082407
1 0.667400 0.343056 0.009286 0.008333
1 0.631232 0.284259 0.032747 0.038889
1 0.638563 0.218981 0.021994 0.030556
1 0.690616 0.022685 0.024438 0.045370
1 0.638074 0.441667 0.016129 0.046296
1 0.608993 0.455093 0.059629 0.049074
0 0.594086 0.016204 0.039589 0.032407
1 0.622190 0.052315 0.022483 0.041667
0 0.564516 0.065741 0.098729 0.131481
0 0.564516 0.215278 0.170088 0.193519
1 0.571603 0.294444 0.063050 0.040741
0 0.569159 0.371296 0.102151 0.096296
1 0.553763 0.304167 0.006843 0.021296
1 0.601173 0.822685 0.018573 0.030556
1 0.616325 0.870833 0.022483 0.034259
1 0.615836 0.869907 0.013685 0.039815
0 0.578935 0.932870 0.136364 0.128704
1 0.601173 0.869444 0.024438 0.087037
0 0.584066 0.763889 0.155425 0.148148
1 0.652981 0.760648 0.018573 0.036111
0 0.568671 0.673148 0.039589 0.185185
0 0.571848 0.560648 0.116325 0.328704
1 0.822336 0.515278 0.039589 0.080556
1 0.800098 0.523148 0.016618 0.031481
1 0.801564 0.502315 0.017595 0.032407
1 0.962121 0.771759 0.021017 0.030556
1 0.967498 0.797222 0.017107 0.033333