1 0.090665 0.965741 0.012219 0.014815
1 0.015396 0.852315 0.008309 0.017593
1 0.371701 0.774074 0.029814 0.077778
1 0.180108 0.763889 0.039589 0.070370
1 0.951369 0.684259 0.010264 0.011111
1 0.149804 0.633333 0.013196 0.024074
1 0.538368 0.650000 0.048387 0.072222
1 0.245846 0.626389 0.043988 0.113889
1 0.348729 0.630093 0.029814 0.069444
1 0.107527 0.595833 0.008798 0.025000
1 0.318182 0.590741 0.043988 0.055556
1 0.048631 0.408333 0.036657 0.053704
1 0.590909 0.161111 0.015640 0.031481
1 0.218231 0.110185 0.024927 0.037037
1 0.876344 0.057870 0.012708 0.034259
1 0.733138 0.012963 0.020528 0.025926
0 0.469208 0.910185 0.159335 0.175926
1 0.767840 0.149074 0.104594 0.196296
0 0.481916 0.534259 0.248289 0.212963
0 0.473607 0.231481 0.225806 0.462963
1 0.517840 0.324074 0.036657 0.057407
1 0.465787 0.037037 0.025415 0.050000
1 0.429374 0.158796 0.064027 0.078704
1 0.400049 0.293981 0.054252 0.143519
1 0.320137 0.425000 0.083089 0.096296
1 0.266862 0.329167 0.078201 0.197222
1 0.223363 0.075926 0.017595 0.020370
1 0.087732 0.058333 0.174487 0.116667