1 0.920088 0.990741 0.022972 0.016667
0 0.249022 0.989352 0.112903 0.019444
0 0.780792 0.923148 0.114858 0.151852
1 0.926686 0.814815 0.007820 0.050000
1 0.436950 0.758333 0.038123 0.079630
1 0.461877 0.682870 0.021505 0.045370
1 0.949169 0.647222 0.014663 0.024074
1 0.384409 0.430556 0.020039 0.050000
1 0.937195 0.298148 0.020039 0.038889
1 0.424487 0.310185 0.029814 0.094444
1 0.695259 0.213426 0.029814 0.045370
1 0.910068 0.209259 0.013685 0.042593
1 0.223607 0.208333 0.021994 0.031481
1 0.009775 0.031944 0.019550 0.063889
0 0.784702 0.051852 0.071848 0.103704
1 0.061339 0.148148 0.016129 0.296296
1 0.029081 0.445833 0.036657 0.028704
1 0.184506 0.819444 0.067937 0.151852
0 0.264418 0.701389 0.120235 0.137963
1 0.176686 0.693519 0.071848 0.133333
1 0.218231 0.654630 0.026882 0.053704
0 0.232649 0.494444 0.185728 0.264815
0 0.249511 0.135648 0.124633 0.180556
1 0.250978 0.296759 0.177419 0.171296
1 0.326246 0.698148 0.022972 0.048148
1 0.341642 0.727778 0.022483 0.027778
1 0.463832 0.287500 0.030303 0.030556
1 0.459189 0.314352 0.013196 0.036111
1 0.473607 0.161111 0.014663 0.027778
1 0.773460 0.829167 0.012219 0.071296
0 0.760753 0.716204 0.117791 0.225000
1 0.808407 0.835185 0.031281 0.046296
0 0.782991 0.274537 0.133920 0.217593
0 0.781769 0.469907 0.094330 0.200926
1 0.912023 0.849537 0.016618 0.037963
1 0.785679 0.112500 0.015152 0.034259
1 0.709677 0.024537 0.044966 0.049074
1 0.707234 0.046296 0.034213 0.025926