1 0.935728 0.990278 0.006354 0.017593
1 0.739247 0.981481 0.008309 0.018519
1 0.981916 0.951389 0.017595 0.034259
1 0.297165 0.935185 0.015640 0.033333
1 0.013441 0.921759 0.014174 0.019444
1 0.894184 0.918056 0.008309 0.021296
1 0.068182 0.916204 0.011241 0.017593
1 0.215787 0.911111 0.011241 0.022222
1 0.827468 0.888889 0.014663 0.051852
1 0.793744 0.906019 0.036168 0.069444
1 0.143206 0.874074 0.008798 0.025926
1 0.010753 0.869444 0.007820 0.025926
1 0.073314 0.853704 0.028348 0.033333
1 0.335777 0.821759 0.027370 0.026852
1 0.158847 0.693981 0.026393 0.034259
1 0.817449 0.706019 0.009286 0.028704
1 0.880254 0.699537 0.024438 0.047222
1 0.905670 0.609722 0.010753 0.025000
1 0.478006 0.591667 0.010753 0.012963
1 0.139052 0.584722 0.011241 0.028704
1 0.253177 0.536574 0.022483 0.047222
1 0.417644 0.513889 0.023949 0.040741
1 0.507087 0.503704 0.010264 0.018519
1 0.088710 0.464352 0.011241 0.019444
1 0.792766 0.463426 0.020528 0.030556
1 0.536168 0.459259 0.015640 0.020370
1 0.130010 0.435648 0.020528 0.054630
1 0.014663 0.446296 0.019550 0.025926
1 0.493646 0.429167 0.008798 0.025000
1 0.097019 0.390741 0.009286 0.022222
1 0.021750 0.340278 0.011241 0.054630
1 0.528837 0.339815 0.016618 0.022222
1 0.648583 0.319444 0.015640 0.031481
1 0.318915 0.252315 0.013196 0.034259
1 0.946970 0.243519 0.014174 0.042593
1 0.916422 0.206481 0.015640 0.046296
1 0.942815 0.198611 0.014663 0.047222
1 0.516129 0.170833 0.019550 0.050926
1 0.940860 0.128704 0.013685 0.053704
1 0.889052 0.073611 0.021505 0.036111
1 0.778348 0.069907 0.020039 0.063889
1 0.823803 0.052315 0.014174 0.039815
1 0.097996 0.017130 0.026882 0.030556
1 0.606305 0.034259 0.053275 0.059259
1 0.993891 0.009259 0.011241 0.018519
1 0.972141 0.009259 0.021505 0.018519
1 0.944526 0.013426 0.014174 0.026852
1 0.062561 0.021759 0.010753 0.041667
1 0.300831 0.124537 0.023949 0.034259
1 0.554008 0.289352 0.022972 0.021296
1 0.801808 0.505556 0.016129 0.040741
1 0.752199 0.377778 0.015640 0.022222
1 0.772483 0.260648 0.016129 0.026852
1 0.840909 0.297222 0.014174 0.033333
1 0.838221 0.196296 0.016618 0.033333
1 0.677175 0.883333 0.009286 0.016667
1 0.841153 0.665278 0.013685 0.050926
1 0.868524 0.835185 0.019550 0.044444
1 0.859726 0.862500 0.020528 0.032407
1 0.897605 0.818519 0.011241 0.035185
1 0.846285 0.063426 0.019062 0.028704
1 0.955523 0.058796 0.010753 0.032407
1 0.938905 0.363889 0.028348 0.033333
1 0.947214 0.339352 0.018573 0.036111
1 0.957478 0.390278 0.014663 0.030556
1 0.919599 0.521296 0.021017 0.025926
1 0.941593 0.589352 0.012219 0.039815
1 0.959433 0.596296 0.015640 0.040741
1 0.945259 0.622685 0.013685 0.043519
1 0.947947 0.649537 0.021994 0.023148
1 0.945259 0.701852 0.019550 0.029630
1 0.959677 0.708796 0.014174 0.025000
1 0.961388 0.738426 0.021505 0.032407
1 0.953079 0.747685 0.017595 0.028704
1 0.921799 0.743056 0.013685 0.023148
1 0.988759 0.737500 0.015640 0.025000
0 0.612170 0.919907 0.294721 0.156481
0 0.639296 0.696296 0.304985 0.594444
0 0.539101 0.152315 0.104594 0.304630