1 0.011730 0.071296 0.023460 0.085185
1 0.008798 0.415278 0.017595 0.028704
1 0.064027 0.614815 0.016618 0.029630
1 0.071114 0.667593 0.018084 0.040741
1 0.117546 0.656019 0.013196 0.028704
1 0.003666 0.850926 0.007331 0.016667
1 0.058895 0.982407 0.014174 0.033333
1 0.111437 0.885185 0.010753 0.014815
1 0.091398 0.832870 0.063539 0.071296
1 0.109482 0.395833 0.031281 0.073148
1 0.072092 0.355556 0.011241 0.025926
1 0.074291 0.375926 0.008798 0.027778
1 0.037390 0.204630 0.030792 0.042593
1 0.121701 0.187963 0.010753 0.012963
1 0.175464 0.053704 0.034213 0.081481
1 0.185239 0.112500 0.040078 0.084259
1 0.173021 0.233796 0.025415 0.054630
1 0.161779 0.367130 0.015640 0.023148
1 0.171554 0.887037 0.046921 0.114815
1 0.207478 0.983333 0.024927 0.031481
1 0.247312 0.905556 0.027370 0.038889
1 0.182063 0.659259 0.042522 0.066667
1 0.206012 0.631481 0.013196 0.037037
1 0.213099 0.366204 0.022483 0.052778
1 0.231427 0.046296 0.015152 0.031481
1 0.249756 0.004630 0.010753 0.009259
1 0.242669 0.181019 0.024927 0.037963
1 0.271017 0.214815 0.039589 0.085185
1 0.278592 0.410185 0.033236 0.120370
1 0.266618 0.501389 0.012219 0.025000
1 0.263196 0.614815 0.013196 0.037037
1 0.242180 0.756019 0.026882 0.052778
1 0.260753 0.825463 0.018084 0.063889
1 0.366569 0.885185 0.012708 0.025926
1 0.291789 0.662500 0.065494 0.104630
1 0.296432 0.503241 0.014174 0.025000
1 0.302542 0.585185 0.046921 0.140741
1 0.314027 0.631481 0.018084 0.062963
1 0.333822 0.895370 0.015640 0.033333
1 0.317204 0.465741 0.041056 0.075926
1 0.250489 0.071296 0.024927 0.055556
1 0.338954 0.116667 0.053275 0.120370
1 0.377810 0.260185 0.018573 0.040741
1 0.394184 0.326852 0.012219 0.033333
1 0.386852 0.363426 0.005376 0.021296
1 0.364370 0.452778 0.010264 0.018519
1 0.380743 0.475000 0.026393 0.038889
1 0.435239 0.887500 0.048387 0.056481
0 0.458700 0.954630 0.038612 0.088889
1 0.461144 0.737963 0.021994 0.040741
1 0.437439 0.631481 0.011730 0.035185
1 0.439150 0.653241 0.024927 0.037963
1 0.462610 0.340278 0.024927 0.056481
1 0.472874 0.142593 0.021017 0.014815
1 0.480450 0.096296 0.011730 0.031481
1 0.507820 0.014352 0.008798 0.021296
0 0.418866 0.019907 0.040078 0.039815
0 0.430596 0.117130 0.094819 0.234259
1 0.446481 0.070833 0.019062 0.037963
0 0.439394 0.474074 0.066471 0.162963
0 0.461388 0.564352 0.066471 0.089815
1 0.405914 0.496296 0.015152 0.025926
0 0.435484 0.658796 0.077224 0.112037
0 0.444770 0.851852 0.044966 0.242593
1 0.488514 0.986574 0.016129 0.025000
1 0.483871 0.889352 0.032258 0.058333
1 0.505132 0.865741 0.014174 0.022222
1 0.479961 0.838426 0.013685 0.017593
1 0.519062 0.844907 0.021505 0.034259
1 0.513930 0.790278 0.016129 0.030556
1 0.554252 0.130556 0.011730 0.022222
1 0.576002 0.168056 0.014174 0.023148
1 0.576491 0.467593 0.010264 0.020370
1 0.610948 0.572685 0.038123 0.045370
1 0.607283 0.695833 0.058162 0.093519
1 0.564516 0.878704 0.005865 0.025926
1 0.521750 0.984722 0.009286 0.008333
1 0.663490 0.667130 0.033724 0.091667
1 0.711144 0.014815 0.014663 0.016667
1 0.719208 0.120833 0.015152 0.030556
1 0.708700 0.137500 0.013685 0.049074
1 0.736315 0.217593 0.066960 0.120370
1 0.720186 0.416667 0.024927 0.044444
1 0.823803 0.337963 0.026882 0.083333
1 0.927908 0.197222 0.037634 0.053704
1 0.939150 0.525463 0.029814 0.062037
1 0.888319 0.846296 0.022972 0.031481
1 0.913001 0.817130 0.004888 0.019444
1 0.855816 0.800926 0.012708 0.029630
1 0.839932 0.750000 0.042522 0.062963
1 0.826002 0.768981 0.007820 0.023148
1 0.813783 0.881481 0.019550 0.053704
1 0.750000 0.686111 0.021017 0.033333
1 0.751222 0.625000 0.023460 0.048148
1 0.750733 0.862963 0.002933 0.014815
1 0.111926 0.227778 0.009775 0.011111