1 0.154692 0.300000 0.036657 0.077778
1 0.135630 0.977778 0.026882 0.040741
1 0.119501 0.849074 0.035679 0.033333
1 0.816960 0.581481 0.007331 0.024074
1 0.932796 0.010648 0.042522 0.021296
1 0.977761 0.187037 0.043500 0.151852
1 0.715054 0.682407 0.013685 0.012963
1 0.692082 0.380093 0.034213 0.050926
0 0.479717 0.887037 0.202835 0.222222
1 0.324536 0.917130 0.070381 0.163889
1 0.316960 0.772222 0.041544 0.038889
1 0.015885 0.176852 0.031769 0.079630
1 0.573803 0.382870 0.010753 0.049074
1 0.373900 0.025463 0.031281 0.049074
0 0.470430 0.162037 0.204790 0.324074
0 0.373167 0.635648 0.368035 0.356481
0 0.413245 0.308796 0.398338 0.617593