1 0.127810 0.032870 0.025904 0.041667
1 0.159824 0.138889 0.009775 0.027778
1 0.023705 0.489815 0.020039 0.027778
1 0.180108 0.325000 0.016129 0.029630
1 0.216276 0.250000 0.030792 0.025926
1 0.178641 0.402778 0.020039 0.050000
1 0.139785 0.655093 0.022483 0.045370
1 0.177664 0.629167 0.020039 0.058333
1 0.213343 0.613426 0.050342 0.089815
1 0.130743 0.683796 0.021017 0.039815
1 0.108993 0.574537 0.012708 0.025000
1 0.023949 0.761111 0.024438 0.037037
1 0.010997 0.782870 0.021994 0.039815
1 0.035191 0.821296 0.028348 0.033333
1 0.109971 0.825000 0.028348 0.042593
1 0.011241 0.809259 0.019550 0.031481
1 0.035191 0.946296 0.018573 0.050000
1 0.007087 0.875000 0.014174 0.088889
1 0.028837 0.875463 0.025415 0.034259
1 0.020283 0.901852 0.009286 0.020370
1 0.010020 0.928704 0.018084 0.027778
1 0.014663 0.936111 0.012708 0.042593
1 0.035679 0.906481 0.019550 0.046296
1 0.022239 0.951852 0.011241 0.029630
1 0.230450 0.042593 0.015152 0.037037
1 0.240714 0.168056 0.038612 0.087963
1 0.218964 0.215278 0.032258 0.034259
1 0.222141 0.270833 0.015152 0.025000
1 0.300342 0.005556 0.014174 0.011111
1 0.359238 0.133796 0.012708 0.008333
1 0.358260 0.407870 0.035191 0.104630
0 0.528592 0.160185 0.118768 0.261111
1 0.491935 0.043519 0.013196 0.031481
1 0.715787 0.021759 0.003421 0.043519
0 0.415934 0.413426 0.325513 0.484259
1 0.336022 0.737963 0.005376 0.031481
0 0.383920 0.858796 0.326979 0.280556
1 0.474096 0.504630 0.090909 0.135185
1 0.940127 0.093519 0.029814 0.037037
1 0.891251 0.233796 0.021994 0.056481
1 0.911046 0.295370 0.021505 0.042593
1 0.883431 0.297685 0.032747 0.065741
1 0.877566 0.258796 0.021994 0.060185
1 0.922776 0.155556 0.023460 0.038889
1 0.844086 0.107407 0.026393 0.075926
1 0.856549 0.083796 0.012219 0.030556
1 0.988759 0.235648 0.021505 0.075000
1 0.973607 0.217593 0.017595 0.016667
1 0.817204 0.506019 0.027370 0.036111
1 0.709677 0.255556 0.042033 0.062963
1 0.784702 0.462963 0.017107 0.027778
1 0.753666 0.517130 0.027370 0.084259
1 0.718964 0.608796 0.015640 0.032407
1 0.787879 0.630556 0.010753 0.024074
1 0.681818 0.716667 0.027370 0.042593
1 0.987781 0.515278 0.014663 0.030556
1 0.994868 0.412963 0.009286 0.018519
1 0.913245 0.681944 0.022972 0.037963
1 0.805718 0.347222 0.019062 0.027778
1 0.961877 0.619907 0.011730 0.012037
1 0.971652 0.667130 0.021505 0.019444
1 0.922287 0.637037 0.017595 0.038889
1 0.917644 0.521759 0.017107 0.032407
1 0.936706 0.534722 0.017107 0.030556
1 0.924731 0.487500 0.011730 0.030556
1 0.927664 0.506944 0.043988 0.054630
1 0.839443 0.881019 0.065005 0.113889
1 0.851662 0.831019 0.018084 0.054630
1 0.978495 0.907870 0.010753 0.013889
1 0.828690 0.801389 0.013196 0.008333
1 0.898338 0.902778 0.020528 0.031481
1 0.857038 0.651389 0.009286 0.028704
1 0.663734 0.653704 0.035191 0.066667
1 0.346041 0.633333 0.021505 0.098148
1 0.496579 0.600463 0.092864 0.093519
1 0.182307 0.825000 0.010753 0.025926
1 0.158358 0.867593 0.009775 0.044444