1 0.698436 0.786574 0.023460 0.039815
1 0.982649 0.558796 0.024927 0.050926
1 0.946725 0.347685 0.020528 0.056481
1 0.944282 0.296759 0.022483 0.065741
0 0.227028 0.944444 0.176442 0.107407
0 0.232649 0.833796 0.104594 0.186111
0 0.230205 0.623611 0.171065 0.317593
0 0.243891 0.398148 0.061584 0.172222
0 0.276149 0.243981 0.100684 0.208333
0 0.234115 0.077778 0.091887 0.153704
1 0.328690 0.687500 0.021994 0.030556
1 0.478250 0.896296 0.038612 0.055556
1 0.493157 0.601389 0.021505 0.049074
1 0.459433 0.619907 0.027370 0.032407
1 0.426686 0.627778 0.017595 0.042593
1 0.401515 0.488426 0.014174 0.032407
1 0.373656 0.350926 0.013196 0.044444
1 0.381965 0.354630 0.011241 0.031481
1 0.394917 0.361574 0.013685 0.036111
1 0.574047 0.164815 0.025904 0.042593
1 0.567449 0.225000 0.024438 0.048148
1 0.580401 0.242593 0.016129 0.044444
1 0.538856 0.300463 0.026882 0.060185
1 0.543988 0.360185 0.029326 0.029630
1 0.546676 0.375463 0.033724 0.039815
1 0.562317 0.399074 0.035679 0.044444
1 0.586755 0.375463 0.021017 0.036111
1 0.624878 0.443056 0.019062 0.023148
1 0.573803 0.501389 0.043988 0.084259
1 0.531036 0.464352 0.029814 0.058333
1 0.530547 0.694907 0.022972 0.045370
1 0.580156 0.723148 0.016618 0.029630
1 0.567449 0.692130 0.015640 0.030556
1 0.752688 0.228241 0.062561 0.275000
0 0.810117 0.418981 0.115836 0.230556
0 0.751466 0.542130 0.090420 0.119444
0 0.779570 0.668519 0.126100 0.155556
1 0.713099 0.660648 0.013685 0.026852
0 0.768328 0.843056 0.087977 0.167593
0 0.768084 0.945833 0.124633 0.097222
1 0.957722 0.800926 0.035679 0.055556
1 0.950880 0.644444 0.037634 0.053704
1 0.963099 0.671296 0.024927 0.044444
1 0.739736 0.095370 0.030792 0.038889
1 0.965054 0.060185 0.021994 0.040741
1 0.983382 0.079167 0.020528 0.034259
1 0.989980 0.099537 0.015152 0.043519
1 0.984604 0.198148 0.025904 0.044444
1 0.928886 0.134722 0.048387 0.106481
1 0.937928 0.083333 0.022483 0.031481
1 0.870235 0.182870 0.009286 0.023148
1 0.934995 0.732407 0.012708 0.020370