1 0.742424 0.987037 0.011730 0.024074
1 0.876344 0.983333 0.018573 0.031481
1 0.934262 0.806019 0.007331 0.017593
1 0.881232 0.716667 0.008798 0.018519
1 0.877566 0.658796 0.006354 0.030556
1 0.690860 0.574074 0.011241 0.014815
1 0.967009 0.564352 0.041544 0.036111
1 0.160557 0.526852 0.010264 0.020370
1 0.120723 0.562963 0.049853 0.101852
1 0.747067 0.351852 0.033724 0.057407
1 0.030792 0.337500 0.043011 0.082407
1 0.620479 0.293981 0.009286 0.019444
1 0.779326 0.260648 0.018084 0.045370
1 0.583089 0.215741 0.022483 0.037037
1 0.448925 0.148611 0.008309 0.026852
1 0.986315 0.102315 0.008798 0.019444
1 0.049365 0.039352 0.010753 0.045370
1 0.906891 0.036574 0.039589 0.060185
0 0.511241 0.095833 0.141740 0.191667
1 0.087243 0.924074 0.049365 0.042593
1 0.133187 0.938426 0.026882 0.026852
1 0.065249 0.937500 0.014174 0.023148
1 0.381476 0.967593 0.041544 0.057407
0 0.441349 0.931481 0.184751 0.133333
0 0.496579 0.605093 0.227761 0.775000
1 0.425953 0.306944 0.020039 0.043519
1 0.470430 0.739352 0.011241 0.047222
0 0.475318 0.377778 0.266373 0.479630