1 0.055718 0.081019 0.032258 0.041667
1 0.076002 0.018519 0.038612 0.037037
1 0.021261 0.126389 0.042522 0.054630
1 0.014174 0.179630 0.028348 0.035185
1 0.061095 0.228241 0.038123 0.076852
1 0.015152 0.327315 0.030303 0.054630
1 0.055963 0.426389 0.013196 0.028704
1 0.040323 0.483796 0.016129 0.026852
1 0.039834 0.516667 0.017107 0.027778
0 0.029814 0.589352 0.059629 0.141667
1 0.118524 0.671296 0.059140 0.066667
1 0.120235 0.712963 0.031281 0.051852
1 0.093353 0.763426 0.029326 0.032407
1 0.107038 0.743981 0.029326 0.052778
1 0.064027 0.900000 0.030303 0.048148
0 0.008553 0.939815 0.017107 0.074074
1 0.123412 0.948611 0.048387 0.099074
1 0.145161 0.389352 0.099707 0.123148
1 0.231183 0.381019 0.023460 0.032407
1 0.198680 0.516204 0.027859 0.028704
1 0.231427 0.549537 0.034702 0.036111
1 0.212121 0.629630 0.070381 0.125926
1 0.174731 0.687500 0.040567 0.065741
1 0.236070 0.733333 0.014663 0.024074
1 0.264418 0.716667 0.009775 0.025926
1 0.258553 0.797685 0.050831 0.073148
1 0.275171 0.555093 0.026393 0.041667
1 0.311095 0.503241 0.029814 0.049074
1 0.293988 0.347685 0.031769 0.054630
1 0.248045 0.345833 0.016129 0.028704
1 0.313783 0.364815 0.027370 0.035185
1 0.235093 0.229167 0.021505 0.037963
1 0.205034 0.185648 0.043500 0.058333
1 0.185239 0.213889 0.031281 0.050000
1 0.172287 0.227315 0.021017 0.037963
1 0.181574 0.137037 0.012219 0.022222
1 0.201613 0.069907 0.020039 0.032407
1 0.338710 0.234259 0.013685 0.025926
1 0.332356 0.208333 0.013685 0.031481
1 0.289589 0.421296 0.023949 0.046296
1 0.309384 0.652778 0.016618 0.037037
1 0.325269 0.629630 0.030792 0.035185
1 0.326979 0.625463 0.029326 0.043519
1 0.326735 0.703704 0.033724 0.085185
1 0.330401 0.776389 0.031281 0.045370
1 0.319159 0.845370 0.076246 0.107407
1 0.384653 0.926389 0.030303 0.062037
1 0.439394 0.753704 0.008798 0.016667
1 0.410313 0.605093 0.021994 0.032407
1 0.485337 0.618056 0.035191 0.056481
1 0.409580 0.453704 0.029326 0.055556
1 0.451369 0.185648 0.014174 0.050926
0 0.506354 0.056944 0.076246 0.113889
1 0.544966 0.083333 0.013685 0.035185
1 0.544233 0.138426 0.007331 0.034259
0 0.472630 0.283333 0.148583 0.151852
0 0.497801 0.443981 0.104106 0.326852
0 0.524194 0.604167 0.085533 0.262037
0 0.479228 0.777778 0.136364 0.240741
1 0.550342 0.809722 0.017595 0.056481
1 0.525415 0.974537 0.021505 0.049074
0 0.480938 0.903704 0.130987 0.118519
1 0.543744 0.902778 0.022972 0.046296
1 0.576002 0.175000 0.010264 0.007407
1 0.631965 0.325926 0.034213 0.050000
1 0.676442 0.716204 0.014663 0.013889
1 0.698192 0.748148 0.013196 0.024074
1 0.696237 0.792593 0.027859 0.053704
1 0.704790 0.841204 0.012708 0.013889
1 0.678886 0.923148 0.011730 0.022222
1 0.663490 0.986111 0.028837 0.025926
1 0.700147 0.069907 0.011241 0.019444
1 0.941838 0.321296 0.009775 0.014815
1 0.914956 0.362037 0.024438 0.037037
1 0.836022 0.541204 0.047410 0.095370
1 0.920577 0.786111 0.025904 0.024074