1 0.065005 0.132407 0.040078 0.040741
1 0.150293 0.040741 0.041544 0.081481
1 0.119501 0.381019 0.021994 0.037963
1 0.012219 0.490741 0.024438 0.087037
1 0.020528 0.667593 0.041056 0.137037
1 0.110948 0.801852 0.046921 0.066667
1 0.016618 0.899537 0.006843 0.025000
1 0.285191 0.018981 0.009286 0.023148
1 0.280059 0.442130 0.018573 0.023148
1 0.348240 0.861111 0.014174 0.070370
1 0.364125 0.868981 0.023460 0.043519
1 0.356305 0.849537 0.012708 0.032407
0 0.512219 0.439815 0.198436 0.320370
1 0.493157 0.626389 0.021505 0.043519
1 0.539101 0.682870 0.042033 0.104630
0 0.505621 0.732870 0.240958 0.371296
1 0.543255 0.755093 0.021994 0.050926
0 0.532258 0.883796 0.192571 0.228704
1 0.874878 0.067130 0.050831 0.058333
1 0.868768 0.167593 0.069892 0.118519
1 0.862659 0.621759 0.083089 0.145370
1 0.956500 0.985185 0.017595 0.025926
1 0.988025 0.842593 0.008309 0.012963
1 0.342864 0.600926 0.006354 0.025926
1 0.372434 0.447222 0.019550 0.044444