1 0.193548 0.299537 0.017595 0.036111
1 0.294477 0.260185 0.033724 0.031481
1 0.283724 0.408796 0.012219 0.010185
1 0.103372 0.391667 0.036657 0.074074
1 0.124878 0.316667 0.006354 0.018519
1 0.116080 0.736111 0.232160 0.525926
1 0.142473 0.709722 0.011241 0.021296
1 0.400782 0.297685 0.006843 0.017593
1 0.396872 0.489815 0.014663 0.027778
1 0.382698 0.930556 0.041056 0.057407
1 0.569159 0.781481 0.054252 0.120370
1 0.743646 0.823148 0.064027 0.068519
1 0.825758 0.831944 0.010264 0.010185
1 0.763685 0.524537 0.017107 0.013889
1 0.768328 0.487963 0.018573 0.033333
1 0.818426 0.610648 0.055230 0.071296
1 0.701857 0.303704 0.045943 0.079630
1 0.641984 0.418519 0.046432 0.044444
1 0.613392 0.413889 0.022483 0.048148
1 0.691593 0.656019 0.004888 0.023148
1 0.521261 0.710185 0.023949 0.038889
1 0.742424 0.041667 0.010753 0.016667
1 0.609238 0.088426 0.063050 0.102778
1 0.601906 0.006944 0.014174 0.013889
1 0.466031 0.717593 0.005376 0.022222
0 0.484115 0.513889 0.211632 0.294444
1 0.427419 0.436574 0.073803 0.165741
0 0.514663 0.177315 0.252199 0.354630
0 0.526149 0.845370 0.391496 0.307407
1 0.894184 0.487963 0.012219 0.012963
1 0.909335 0.520833 0.019062 0.041667
1 0.872190 0.993519 0.011241 0.011111
1 0.903470 0.995833 0.009286 0.006481
1 0.977273 0.976852 0.016129 0.035185
1 0.992424 0.920833 0.012219 0.017593
1 0.994624 0.891667 0.009775 0.046296
1 0.988270 0.432870 0.022483 0.050926
1 0.964321 0.166667 0.017595 0.042593
1 0.991447 0.026852 0.010264 0.016667
1 0.754154 0.260648 0.009775 0.013889
1 0.729961 0.315278 0.009286 0.023148