1 0.386119 0.947222 0.009775 0.025926
1 0.665934 0.925463 0.012219 0.034259
1 0.750244 0.880556 0.021505 0.037037
1 0.532747 0.821296 0.009775 0.031481
1 0.719208 0.780556 0.012219 0.029630
1 0.012708 0.763426 0.011730 0.032407
1 0.432063 0.567130 0.014663 0.030556
1 0.648338 0.481481 0.020039 0.055556
1 0.666911 0.443519 0.014174 0.025926
1 0.449902 0.384259 0.025904 0.050000
1 0.432796 0.259259 0.007331 0.011111
1 0.426686 0.126389 0.021505 0.060185
1 0.970430 0.081019 0.017107 0.045370
1 0.335044 0.042130 0.037634 0.032407
1 0.469208 0.043981 0.018573 0.054630
1 0.961144 0.018519 0.023949 0.037037
0 0.308162 0.010648 0.045455 0.021296
1 0.022239 0.095370 0.022972 0.038889
1 0.023949 0.237500 0.026393 0.087963
1 0.035435 0.531481 0.032747 0.038889
1 0.063539 0.552315 0.012708 0.032407
1 0.100929 0.891204 0.036657 0.091667
1 0.109238 0.812963 0.014174 0.029630
0 0.289589 0.929630 0.083578 0.137037
1 0.240225 0.687963 0.027859 0.053704
1 0.260508 0.656944 0.017595 0.026852
1 0.261730 0.719444 0.009286 0.020370
0 0.247556 0.803241 0.132454 0.260185
1 0.242669 0.592593 0.020039 0.027778
1 0.330401 0.648611 0.016618 0.023148
0 0.297654 0.649537 0.091887 0.186111
0 0.274682 0.509259 0.032258 0.061111
1 0.277615 0.462500 0.066471 0.106481
1 0.283236 0.368056 0.035679 0.039815
1 0.271994 0.373611 0.014174 0.056481
1 0.222874 0.351389 0.042033 0.069444
1 0.253177 0.345833 0.040078 0.047222
1 0.329179 0.450463 0.027859 0.045370
1 0.337732 0.417593 0.037146 0.081481
1 0.318426 0.353704 0.043500 0.079630
1 0.348485 0.270370 0.038123 0.081481
1 0.287634 0.245833 0.011241 0.008333
0 0.269306 0.186574 0.144673 0.169444
1 0.302053 0.084722 0.019550 0.025000
1 0.335288 0.071296 0.023460 0.031481
1 0.235826 0.062963 0.033724 0.081481
1 0.481672 0.134259 0.021017 0.048148
1 0.505865 0.305556 0.021505 0.022222
1 0.446725 0.522685 0.019550 0.021296
1 0.472141 0.678241 0.023460 0.054630
1 0.502199 0.737500 0.027859 0.037963
1 0.532747 0.744907 0.016618 0.021296
1 0.556940 0.917593 0.022972 0.046296
1 0.415200 0.934259 0.023949 0.038889
1 0.423754 0.947685 0.025415 0.050926
1 0.406891 0.777315 0.016129 0.026852
1 0.433284 0.813426 0.032747 0.060185
1 0.430352 0.746296 0.026882 0.050000
1 0.375855 0.648611 0.039101 0.047222
1 0.418133 0.640741 0.018084 0.027778
1 0.438416 0.624537 0.023460 0.056481
1 0.418377 0.679167 0.018573 0.019444
1 0.422532 0.697685 0.015152 0.021296
1 0.426931 0.658796 0.014174 0.021296
1 0.540811 0.285185 0.024927 0.057407
1 0.602639 0.159722 0.022483 0.015741
1 0.549120 0.152778 0.031769 0.051852
1 0.546921 0.188426 0.026393 0.032407
1 0.524438 0.193981 0.014663 0.034259
1 0.571359 0.056481 0.014663 0.029630
1 0.664223 0.347685 0.030303 0.054630
1 0.651760 0.421759 0.010264 0.010185
0 0.841642 0.967593 0.058651 0.061111
1 0.801564 0.965741 0.042033 0.066667
1 0.899804 0.975000 0.015640 0.042593
1 0.904203 0.924537 0.037146 0.058333
1 0.857038 0.902315 0.062072 0.095370
1 0.922532 0.793519 0.014174 0.029630
1 0.923998 0.817593 0.012219 0.027778
0 0.849951 0.814352 0.148583 0.262037
0 0.794966 0.685185 0.149071 0.157407
1 0.840420 0.712037 0.068915 0.098148
1 0.739736 0.679630 0.017107 0.024074
0 0.215543 0.011574 0.080156 0.023148
1 0.896383 0.537500 0.024438 0.058333
1 0.907136 0.509259 0.018573 0.040741
1 0.985093 0.578704 0.022972 0.040741
1 0.985093 0.532407 0.009286 0.040741
1 0.997312 0.487500 0.004399 0.026852
1 0.895161 0.106944 0.006354 0.041667
1 0.897116 0.207407 0.015152 0.040741
1 0.976784 0.745833 0.039589 0.086111
1 0.987537 0.670833 0.022972 0.047222
1 0.979961 0.701389 0.039101 0.037963
1 0.766862 0.509259 0.015640 0.029630
0 0.822581 0.486111 0.095797 0.242593
1 0.824536 0.357870 0.025415 0.036111
0 0.813783 0.129167 0.161290 0.258333