1 0.297410 0.263426 0.046432 0.076852
1 0.430841 0.197222 0.028837 0.037037
1 0.447458 0.250463 0.025904 0.054630
1 0.500978 0.186574 0.037146 0.069444
1 0.529814 0.227315 0.042033 0.119444
1 0.421065 0.036111 0.070870 0.057407
1 0.501955 0.017130 0.030303 0.032407
1 0.548387 0.030556 0.035191 0.033333
1 0.496334 0.330093 0.032747 0.063889
1 0.486315 0.259259 0.031281 0.062963
1 0.474340 0.297685 0.029814 0.043519
1 0.504154 0.481481 0.039589 0.062963
1 0.551075 0.472685 0.039589 0.093519
1 0.476784 0.668519 0.065005 0.085185
1 0.474096 0.578704 0.035191 0.059259
1 0.441593 0.719444 0.041544 0.068519
1 0.350440 0.587037 0.043011 0.064815
1 0.401515 0.397685 0.035679 0.050926
1 0.350440 0.742593 0.033236 0.048148
1 0.371945 0.773148 0.043988 0.057407
1 0.232893 0.568056 0.033724 0.065741
1 0.279570 0.787037 0.054741 0.125926
1 0.263930 0.886111 0.048876 0.059259
1 0.243157 0.932407 0.041544 0.059259
1 0.224340 0.977778 0.023460 0.038889
1 0.313783 0.876389 0.035191 0.062037
1 0.213343 0.483333 0.054252 0.046296
1 0.275660 0.465741 0.039101 0.068519
1 0.244379 0.380556 0.020528 0.046296
1 0.299365 0.395370 0.033724 0.075926
1 0.140274 0.483796 0.043011 0.095370
1 0.089687 0.602778 0.021017 0.059259
1 0.104350 0.571296 0.028837 0.046296
1 0.058407 0.570370 0.046432 0.070370
1 0.151760 0.965741 0.021994 0.037037
1 0.014663 0.666204 0.029326 0.099074
1 0.041544 0.753241 0.038123 0.052778
1 0.154203 0.778241 0.040567 0.063889
1 0.179374 0.218056 0.042033 0.062037
1 0.052542 0.431944 0.104106 0.267593
1 0.065005 0.213889 0.129032 0.144444
1 0.026393 0.077778 0.038123 0.048148
1 0.088954 0.093981 0.177908 0.186111
1 0.226540 0.040741 0.033724 0.035185
1 0.159824 0.017593 0.049853 0.033333
1 0.096285 0.149074 0.082111 0.170370
1 0.453079 0.086574 0.023460 0.052778
1 0.427664 0.103704 0.030303 0.057407
1 0.577957 0.073611 0.021994 0.043519
1 0.460411 0.824537 0.025415 0.080556
1 0.517840 0.812963 0.038612 0.079630
1 0.588221 0.774074 0.034702 0.072222
0 0.586755 0.885185 0.127566 0.216667
1 0.638563 0.746296 0.040567 0.057407
1 0.655914 0.625000 0.043011 0.070370
1 0.600196 0.583333 0.044966 0.048148
1 0.605572 0.622222 0.039101 0.046296
1 0.593353 0.680556 0.034213 0.048148
1 0.671554 0.539352 0.042033 0.065741
1 0.625367 0.511574 0.053275 0.087963
1 0.800098 0.456944 0.043011 0.099074
1 0.828690 0.556019 0.065005 0.086111
1 0.866080 0.677315 0.031281 0.054630
1 0.892229 0.730093 0.046432 0.063889
1 0.780792 0.738889 0.097263 0.164815
1 0.742913 0.860648 0.038123 0.065741
1 0.860459 0.901852 0.126588 0.155556
1 0.744868 0.970833 0.045943 0.052778
1 0.937683 0.515741 0.036657 0.066667
1 0.842131 0.375926 0.043988 0.046296
1 0.891740 0.361574 0.035679 0.052778
1 0.758309 0.210648 0.047410 0.082407
1 0.778592 0.015741 0.030303 0.025926
0 0.641496 0.206944 0.110948 0.275000
0 0.656647 0.074074 0.151026 0.138889
0 0.632942 0.379167 0.122190 0.289815
1 0.752199 0.287963 0.024438 0.062963
1 0.895406 0.243056 0.056696 0.132407
1 0.848729 0.142130 0.035679 0.058333
1 0.893206 0.068056 0.052297 0.054630
1 0.960166 0.169907 0.035679 0.062037
1 0.913734 0.016667 0.026882 0.033333
1 0.972874 0.388889 0.021994 0.042593
1 0.723607 0.540278 0.046432 0.087963
1 0.983382 0.896759 0.024438 0.052778
1 0.989492 0.827778 0.015152 0.044444
1 0.788612 0.384722 0.040567 0.045370
1 0.831134 0.662963 0.020039 0.051852
1 0.801320 0.664815 0.033724 0.066667
1 0.858749 0.757407 0.032258 0.051852
1 0.032502 0.814815 0.040567 0.070370
1 0.022972 0.867130 0.031281 0.052778
1 0.081378 0.980556 0.021994 0.035185
1 0.406647 0.352315 0.074291 0.087963
1 0.391740 0.277778 0.104106 0.105556
1 0.876100 0.425926 0.019062 0.061111
1 0.880987 0.482870 0.045455 0.075000
1 0.913978 0.449074 0.032258 0.066667