1 0.103372 0.774074 0.048387 0.094444
1 0.208211 0.712500 0.027370 0.060185
1 0.223118 0.545833 0.028837 0.089815
1 0.061095 0.038889 0.018573 0.040741
1 0.127077 0.022222 0.018573 0.042593
1 0.347996 0.896759 0.046921 0.106481
1 0.391984 0.487500 0.040078 0.058333
1 0.362170 0.214352 0.023460 0.037963
1 0.366325 0.093519 0.030792 0.087037
1 0.416667 0.004167 0.026882 0.008333
1 0.898094 0.185648 0.023949 0.069444
1 0.849218 0.323611 0.025904 0.039815
1 0.934506 0.356944 0.059629 0.102778
1 0.755376 0.501852 0.012219 0.066667
1 0.936461 0.724537 0.031281 0.073148
1 0.954790 0.840741 0.011241 0.014815
1 0.738514 0.807870 0.063539 0.126852
1 0.524194 0.931019 0.034702 0.063889
1 0.482893 0.743519 0.019550 0.037037
1 0.522727 0.838889 0.054252 0.096296
1 0.622190 0.697685 0.031281 0.082407
1 0.619990 0.634722 0.013196 0.023148
1 0.645406 0.667593 0.030792 0.064815
1 0.566960 0.552778 0.025415 0.025926
1 0.552542 0.441667 0.034702 0.066667
1 0.600929 0.014815 0.021017 0.027778
1 0.680596 0.067593 0.067937 0.135185
1 0.717009 0.076852 0.055718 0.140741
1 0.715787 0.288426 0.044477 0.126852
1 0.741691 0.647685 0.077713 0.176852
0 0.642229 0.673611 0.365591 0.649074
0 0.652004 0.406019 0.186706 0.439815