1 0.850440 0.989815 0.018573 0.018519
1 0.672776 0.988426 0.020039 0.021296
1 0.062805 0.970370 0.025904 0.033333
1 0.961144 0.806481 0.014174 0.031481
1 0.543255 0.849537 0.091398 0.117593
1 0.225562 0.801389 0.015152 0.039815
1 0.623656 0.777315 0.012708 0.026852
1 0.192326 0.738426 0.011241 0.025000
1 0.905914 0.731481 0.014174 0.033333
1 0.856061 0.734722 0.015152 0.041667
1 0.918622 0.680093 0.017107 0.039815
1 0.091398 0.612037 0.025415 0.027778
1 0.991691 0.596296 0.010753 0.020370
1 0.086510 0.522685 0.030303 0.047222
1 0.535191 0.518981 0.015640 0.052778
1 0.432063 0.516667 0.030303 0.098148
1 0.914956 0.487037 0.038123 0.061111
1 0.769550 0.468056 0.024927 0.030556
1 0.461877 0.452315 0.013685 0.023148
1 0.932063 0.437037 0.010753 0.012963
1 0.183284 0.425926 0.020528 0.018519
1 0.528592 0.403704 0.019062 0.029630
1 0.680352 0.405556 0.023460 0.070370
1 0.378543 0.380556 0.017107 0.044444
1 0.562561 0.423148 0.054741 0.137037
1 0.404448 0.363889 0.015152 0.016667
1 0.087977 0.367593 0.027370 0.055556
1 0.854350 0.356944 0.029326 0.062037
1 0.731427 0.268056 0.014174 0.058333
1 0.888074 0.235648 0.011730 0.013889
1 0.875855 0.203704 0.020528 0.050000
1 0.591887 0.174537 0.014663 0.041667
1 0.978495 0.096759 0.042033 0.056481
1 0.074047 0.077315 0.020039 0.026852
1 0.370235 0.071759 0.017107 0.058333
1 0.855816 0.022685 0.026393 0.043519
1 0.529570 0.016667 0.028837 0.033333
1 0.013196 0.104167 0.011730 0.041667
1 0.036901 0.280093 0.029814 0.047222
1 0.072581 0.276389 0.019062 0.034259
1 0.156158 0.219444 0.015152 0.014815
1 0.179863 0.198148 0.022483 0.024074
1 0.199169 0.325463 0.023949 0.026852
1 0.171799 0.361574 0.015152 0.021296
1 0.075024 0.460648 0.022972 0.037963
1 0.044477 0.426852 0.032258 0.101852
1 0.171799 0.656944 0.078690 0.121296
1 0.559384 0.498611 0.023949 0.041667
0 0.257087 0.876852 0.161290 0.244444
1 0.264418 0.735185 0.017595 0.040741
1 0.311584 0.781944 0.028837 0.050926
1 0.310362 0.713426 0.051808 0.082407
1 0.401026 0.957870 0.022972 0.037963
1 0.423509 0.970833 0.017107 0.049074
1 0.419844 0.882870 0.011730 0.019444
1 0.546432 0.593056 0.029326 0.060185
1 0.505376 0.591204 0.010753 0.026852
1 0.470186 0.696296 0.073314 0.077778
1 0.413001 0.652315 0.092864 0.104630
1 0.430841 0.584722 0.017107 0.037963
0 0.301564 0.574074 0.104594 0.244444
0 0.260753 0.441667 0.131476 0.175926
0 0.287634 0.219907 0.097263 0.291667
1 0.346774 0.229167 0.028837 0.067593
1 0.341642 0.276852 0.023460 0.051852
1 0.295943 0.061111 0.031769 0.038889
0 0.322581 0.024074 0.070381 0.048148
0 0.242669 0.019444 0.065005 0.038889
1 0.235582 0.055556 0.012708 0.040741
1 0.490469 0.170833 0.016129 0.041667
1 0.503421 0.165741 0.016618 0.101852
1 0.515396 0.159722 0.021017 0.091667
1 0.573314 0.303241 0.025415 0.078704
1 0.619990 0.331481 0.056207 0.122222
1 0.598485 0.411574 0.017107 0.052778
1 0.613392 0.253704 0.054741 0.074074
1 0.600929 0.040278 0.019062 0.036111
1 0.613148 0.076852 0.021017 0.025926
1 0.637830 0.025926 0.058651 0.051852
1 0.642962 0.550463 0.021994 0.030556
1 0.672043 0.813889 0.060606 0.098148
1 0.695748 0.836111 0.035679 0.062963
1 0.668133 0.766667 0.011730 0.025926
1 0.929619 0.066204 0.040078 0.125000
1 0.911535 0.156944 0.017595 0.060185
0 0.815738 0.159259 0.141740 0.196296
1 0.791789 0.083796 0.043988 0.089815
1 0.850929 0.276389 0.034213 0.047222
1 0.816716 0.369907 0.051808 0.036111
1 0.813539 0.291204 0.040567 0.073148
1 0.809629 0.348148 0.049365 0.038889
0 0.803030 0.882407 0.130010 0.225926
0 0.831134 0.556944 0.143206 0.243519
0 0.795699 0.709722 0.076246 0.156481
1 0.820381 0.683333 0.014174 0.048148