1 0.989736 0.789352 0.014663 0.041667
1 0.428152 0.761111 0.020528 0.053704
1 0.141007 0.587037 0.022972 0.064815
1 0.977517 0.462037 0.014663 0.031481
1 0.146139 0.412500 0.017595 0.021296
1 0.408602 0.402315 0.022483 0.023148
1 0.903959 0.300000 0.018084 0.048148
1 0.318671 0.259722 0.014663 0.028704
1 0.064516 0.237963 0.015640 0.053704
1 0.171310 0.248148 0.025904 0.048148
1 0.684506 0.231481 0.021017 0.046296
1 0.984115 0.183333 0.024927 0.070370
1 0.735582 0.010648 0.013685 0.021296
1 0.015885 0.513889 0.027859 0.064815
1 0.028837 0.527778 0.015640 0.022222
1 0.050098 0.381481 0.019062 0.061111
1 0.307918 0.190278 0.031281 0.043519
0 0.288368 0.094907 0.086999 0.187963
1 0.239980 0.018056 0.022483 0.036111
1 0.342375 0.243056 0.017107 0.025000
1 0.220186 0.344444 0.071848 0.090741
1 0.137830 0.326852 0.015640 0.031481
1 0.263196 0.304630 0.013196 0.037037
1 0.228495 0.250926 0.015152 0.031481
1 0.131476 0.256019 0.018573 0.049074
1 0.163978 0.481944 0.021994 0.054630
1 0.134897 0.847222 0.019550 0.038889
1 0.138807 0.805556 0.017595 0.042593
1 0.148827 0.788426 0.038612 0.062037
1 0.213343 0.790741 0.018084 0.064815
0 0.272483 0.904167 0.243891 0.189815
0 0.265885 0.694444 0.093842 0.342593
1 0.317937 0.716204 0.069892 0.112037
1 0.306207 0.793981 0.066960 0.099074
1 0.339687 0.528241 0.028348 0.078704
1 0.309384 0.530093 0.024438 0.073148
0 0.287390 0.456944 0.138807 0.173148
1 0.056452 0.981019 0.025904 0.025000
1 0.436950 0.580093 0.028348 0.060185
1 0.420332 0.479167 0.040078 0.060185
1 0.512708 0.133333 0.026393 0.018519
1 0.549609 0.105556 0.018084 0.051852
1 0.576002 0.118519 0.026882 0.053704
1 0.512708 0.242593 0.022483 0.024074
1 0.546921 0.228704 0.039101 0.059259
1 0.548387 0.191667 0.013685 0.031481
1 0.563783 0.180556 0.025904 0.050000
1 0.517107 0.326389 0.018573 0.039815
1 0.541056 0.299537 0.022483 0.025000
1 0.551075 0.338889 0.040567 0.066667
1 0.561339 0.355556 0.011241 0.014815
1 0.342375 0.312963 0.017107 0.040741
1 0.310362 0.336111 0.081134 0.085185
1 0.416178 0.055093 0.015152 0.025000
1 0.421554 0.417593 0.015152 0.025926
1 0.423754 0.393981 0.012708 0.041667
1 0.562561 0.834722 0.021505 0.030556
1 0.518817 0.708333 0.015152 0.051852
1 0.526393 0.730093 0.013685 0.039815
1 0.537390 0.733796 0.015152 0.039815
1 0.523460 0.777315 0.026393 0.050926
1 0.667155 0.825000 0.018573 0.035185
1 0.581867 0.645370 0.018084 0.038889
1 0.648827 0.662037 0.021994 0.018519
1 0.667889 0.693056 0.016129 0.030556
1 0.632698 0.568056 0.021994 0.041667
1 0.663245 0.501852 0.023460 0.037037
1 0.628788 0.512963 0.014174 0.038889
1 0.560117 0.532407 0.026393 0.061111
1 0.564272 0.495833 0.011241 0.021296
1 0.630987 0.367130 0.024438 0.037963
0 0.774682 0.987500 0.016618 0.023148
0 0.841398 0.900926 0.107038 0.196296
1 0.860704 0.919444 0.022483 0.025926
1 0.875122 0.934259 0.009286 0.025926
1 0.952835 0.781944 0.016129 0.026852
1 0.961877 0.755556 0.023460 0.053704
1 0.978739 0.637963 0.021017 0.064815
1 0.945015 0.488426 0.015152 0.030556
0 0.820870 0.797685 0.106061 0.134259
1 0.750733 0.708796 0.024438 0.047222
0 0.817693 0.643981 0.124145 0.276852
1 0.887830 0.698611 0.043500 0.097222
1 0.852151 0.541667 0.014174 0.031481
0 0.831623 0.464815 0.066960 0.264815
1 0.808651 0.472685 0.032747 0.041667
1 0.734604 0.454167 0.023460 0.063889
1 0.961144 0.045833 0.022972 0.043519
1 0.938905 0.062500 0.031281 0.071296
1 0.869501 0.012037 0.016618 0.024074
1 0.881965 0.022685 0.011241 0.039815
1 0.860459 0.080556 0.022972 0.042593
0 0.810117 0.085648 0.095308 0.143519
0 0.815249 0.254167 0.087977 0.250926
1 0.760753 0.232407 0.021994 0.024074
1 0.742913 0.211574 0.009775 0.028704
1 0.724585 0.160185 0.027859 0.061111
1 0.732649 0.107870 0.019550 0.025000
0 0.829179 0.024074 0.028837 0.048148