1 0.992913 0.987037 0.013196 0.024074
1 0.804741 0.978704 0.018084 0.040741
1 0.416422 0.959722 0.008798 0.021296
1 0.282502 0.931481 0.013685 0.062963
1 0.028837 0.837963 0.034213 0.040741
1 0.028837 0.763889 0.009775 0.020370
1 0.715787 0.769444 0.016129 0.042593
1 0.452102 0.739815 0.020528 0.025926
1 0.575269 0.681944 0.013685 0.015741
1 0.342131 0.671759 0.020528 0.049074
1 0.032747 0.604630 0.043011 0.059259
1 0.883187 0.582870 0.015640 0.026852
1 0.599707 0.498148 0.041056 0.066667
1 0.404936 0.497222 0.062072 0.101852
1 0.926197 0.474074 0.049853 0.070370
1 0.989980 0.441667 0.019062 0.053704
1 0.380499 0.269444 0.035679 0.025926
1 0.578690 0.259722 0.009775 0.026852
1 0.685728 0.200463 0.025415 0.043519
1 0.028592 0.165278 0.039589 0.058333
1 0.426442 0.123148 0.012219 0.014815
1 0.238025 0.126852 0.017595 0.061111
1 0.192571 0.073148 0.011730 0.035185
1 0.019550 0.039352 0.037146 0.069444
1 0.287146 0.042130 0.063050 0.084259
1 0.018817 0.204167 0.037634 0.095370
1 0.187439 0.681019 0.055230 0.099074
1 0.147361 0.634259 0.023949 0.037037
1 0.172287 0.575926 0.035679 0.033333
0 0.509775 0.188889 0.310850 0.237037
0 0.519306 0.539352 0.221408 0.534259
1 0.550831 0.687500 0.023460 0.019444
0 0.538856 0.790278 0.251711 0.358333
1 0.521505 0.793519 0.009775 0.040741