1 0.025904 0.965741 0.026393 0.061111
1 0.624878 0.928704 0.023949 0.050000
1 0.920332 0.892130 0.028348 0.060185
0 0.561339 0.840278 0.208700 0.317593
1 0.526149 0.463426 0.024927 0.047222
1 0.393939 0.311111 0.033236 0.061111
1 0.260508 0.175000 0.048876 0.081481
0 0.542033 0.197685 0.324536 0.395370
0 0.551564 0.449537 0.239003 0.693519
1 0.221652 0.462500 0.031769 0.045370
1 0.010753 0.181019 0.021505 0.060185
1 0.064272 0.181019 0.026882 0.041667
1 0.117302 0.268981 0.034213 0.058333
1 0.087977 0.310185 0.035191 0.068519
1 0.046188 0.242593 0.026882 0.037037
1 0.124878 0.375463 0.019062 0.023148
1 0.122923 0.418981 0.041544 0.058333
1 0.013685 0.500926 0.020528 0.057407
1 0.060606 0.571296 0.031281 0.083333
1 0.087488 0.570370 0.036168 0.051852
1 0.047654 0.632407 0.023949 0.042593
1 0.007087 0.620833 0.012219 0.043519
1 0.149560 0.650000 0.029326 0.025926
1 0.069404 0.228241 0.023460 0.012037
1 0.260020 0.282407 0.025415 0.037037
1 0.276149 0.290741 0.018573 0.038889
1 0.249267 0.369907 0.030303 0.037963
1 0.214565 0.304630 0.023460 0.025926
1 0.293744 0.437037 0.024438 0.064815
1 0.325269 0.352778 0.015152 0.033333
1 0.227273 0.631481 0.022483 0.044444
1 0.268817 0.625463 0.040078 0.043519
1 0.248534 0.707407 0.028837 0.050000
1 0.271017 0.690278 0.028837 0.028704
1 0.259775 0.754630 0.016129 0.037037
1 0.286168 0.791667 0.025904 0.029630
1 0.255621 0.865741 0.019550 0.044444
1 0.272972 0.888426 0.018084 0.037963
1 0.309384 0.868056 0.022483 0.032407
1 0.288856 0.879630 0.019550 0.029630
1 0.272727 0.764815 0.018573 0.055556
1 0.014907 0.788889 0.029814 0.035185
1 0.045210 0.770833 0.022972 0.039815
1 0.065738 0.905093 0.021994 0.062037
1 0.084311 0.940278 0.026882 0.034259
1 0.369257 0.593981 0.133431 0.086111
1 0.431085 0.732870 0.031281 0.067593
1 0.389785 0.737037 0.018084 0.027778
1 0.401515 0.873148 0.031769 0.048148
1 0.393939 0.815278 0.014663 0.028704
1 0.420821 0.870370 0.012708 0.040741
1 0.452346 0.693519 0.023949 0.035185
1 0.485582 0.712500 0.052297 0.039815
1 0.209433 0.916667 0.020039 0.024074
1 0.102151 0.964815 0.020528 0.031481
1 0.506109 0.366667 0.019062 0.031481
1 0.555963 0.295833 0.021994 0.037963
1 0.571848 0.275463 0.014663 0.047222
1 0.539345 0.262037 0.017107 0.038889
1 0.561584 0.117593 0.027370 0.033333
1 0.591887 0.018056 0.019550 0.034259
1 0.629277 0.065278 0.019062 0.034259
1 0.642229 0.105556 0.041056 0.053704
1 0.755376 0.058796 0.017107 0.030556
1 0.803030 0.131944 0.014663 0.032407
1 0.785191 0.141204 0.020039 0.032407
1 0.715787 0.140278 0.028837 0.047222
1 0.740469 0.126852 0.018573 0.038889
1 0.731672 0.156481 0.015640 0.025926
1 0.750489 0.168056 0.026882 0.060185
1 0.752933 0.140278 0.014174 0.023148
1 0.713832 0.285648 0.025904 0.043519
1 0.885142 0.186111 0.021505 0.044444
1 0.940860 0.037500 0.021505 0.050926
1 0.979472 0.019444 0.027370 0.037037
1 0.929374 0.253704 0.022972 0.070370
1 0.958456 0.185185 0.033236 0.050000
1 0.976540 0.223611 0.014663 0.050926
1 0.959922 0.229630 0.015640 0.044444
1 0.943060 0.250926 0.021017 0.050000
1 0.773460 0.250463 0.020039 0.028704
1 0.753177 0.249537 0.014663 0.026852
1 0.759775 0.266204 0.014174 0.023148
1 0.724585 0.380556 0.026882 0.040741
1 0.739736 0.362037 0.016129 0.025926
1 0.773460 0.428241 0.009286 0.028704
1 0.782014 0.433796 0.020528 0.039815
1 0.774927 0.480556 0.014174 0.022222
1 0.939638 0.098611 0.021017 0.028704
1 0.961632 0.388426 0.016129 0.041667
1 0.969941 0.446296 0.028837 0.046296
1 0.869990 0.680556 0.027370 0.057407
1 0.898094 0.721296 0.021017 0.048148
1 0.871945 0.715278 0.015640 0.032407
1 0.749756 0.650000 0.024438 0.037037
1 0.791789 0.655093 0.023460 0.063889
1 0.758309 0.695833 0.028837 0.078704
1 0.774194 0.724537 0.017595 0.036111
1 0.783724 0.743519 0.018084 0.037037
1 0.789589 0.787963 0.025904 0.048148
1 0.777615 0.852315 0.025415 0.056481
1 0.758065 0.752315 0.022483 0.045370
1 0.720674 0.831481 0.020039 0.046296
1 0.704057 0.802778 0.021994 0.037037
1 0.714076 0.766667 0.014663 0.031481
1 0.767840 0.660648 0.013685 0.030556
1 0.737537 0.678241 0.016618 0.030556
1 0.778837 0.670370 0.024927 0.051852
1 0.784702 0.887500 0.013196 0.023148
1 0.782014 0.921296 0.016618 0.033333
1 0.890518 0.914815 0.019550 0.042593
1 0.881720 0.972222 0.021505 0.046296
1 0.950391 0.780556 0.030792 0.057407
1 0.963832 0.826852 0.012708 0.062963
1 0.977761 0.836111 0.022972 0.055556
1 0.973851 0.872685 0.018084 0.036111
1 0.963587 0.913889 0.021994 0.061111
1 0.989492 0.897222 0.019062 0.037037
1 0.978006 0.968056 0.027370 0.050926
1 0.967253 0.775000 0.017595 0.040741