1 0.030059 0.215278 0.057185 0.143519
1 0.021994 0.042130 0.029326 0.078704
1 0.108504 0.280093 0.032258 0.043519
1 0.108749 0.541667 0.038612 0.127778
1 0.128055 0.455093 0.025415 0.023148
1 0.159091 0.607407 0.021994 0.057407
1 0.071603 0.738426 0.052297 0.089815
1 0.055718 0.649537 0.024438 0.030556
1 0.046432 0.797222 0.043011 0.038889
1 0.190371 0.726389 0.038612 0.062037
1 0.131476 0.822222 0.016618 0.050000
1 0.243157 0.893519 0.060117 0.105556
1 0.352151 0.862963 0.022972 0.048148
1 0.429863 0.862037 0.053275 0.107407
1 0.338221 0.943519 0.035191 0.103704
1 0.477273 0.700000 0.054252 0.070370
1 0.419355 0.443519 0.061584 0.059259
1 0.528837 0.550926 0.043988 0.083333
1 0.518817 0.659259 0.026882 0.046296
1 0.222141 0.529630 0.022972 0.062963
1 0.111926 0.887500 0.016618 0.043519
0 0.256354 0.701389 0.061095 0.278704
1 0.261730 0.476852 0.036657 0.050000
1 0.173509 0.054630 0.079179 0.085185
1 0.199413 0.175000 0.026393 0.046296
1 0.221163 0.137037 0.027859 0.074074
1 0.117058 0.108796 0.020039 0.026852
1 0.223118 0.359259 0.032747 0.040741
1 0.319159 0.291667 0.022483 0.070370
0 0.280547 0.048148 0.111437 0.094444
1 0.328935 0.360185 0.016618 0.033333
1 0.604839 0.232870 0.033724 0.054630
1 0.630254 0.255556 0.021994 0.061111
1 0.654936 0.455093 0.059629 0.143519
1 0.600684 0.366667 0.020528 0.050000
1 0.531281 0.285185 0.032258 0.037037
1 0.587977 0.568981 0.023460 0.041667
1 0.663734 0.580556 0.037146 0.077778
1 0.726051 0.724074 0.032747 0.057407
1 0.753910 0.783796 0.041544 0.062037
1 0.683529 0.940741 0.033724 0.059259
0 0.780059 0.928241 0.147605 0.134259
1 0.808162 0.763889 0.054252 0.092593
1 0.895894 0.786574 0.074291 0.123148
1 0.948680 0.890741 0.052786 0.075926
1 0.962610 0.968519 0.030792 0.057407
1 0.971408 0.738889 0.034702 0.055556
1 0.885386 0.505556 0.048387 0.148148
1 0.942815 0.546296 0.043011 0.088889
1 0.978983 0.536111 0.036168 0.116667
1 0.956989 0.331944 0.019550 0.050926
1 0.721652 0.121759 0.041544 0.097222
1 0.661779 0.187500 0.024438 0.039815
1 0.624145 0.182407 0.025415 0.037037
1 0.611926 0.098611 0.012708 0.041667
0 0.786168 0.140741 0.084555 0.200000
1 0.915689 0.184259 0.016129 0.042593
1 0.556452 0.641204 0.021017 0.039815
0 0.272727 0.947222 0.054741 0.092593
0 0.763930 0.573611 0.080156 0.249074
1 0.801808 0.547685 0.023949 0.030556
0 0.787634 0.368519 0.110948 0.179630
1 0.745601 0.281944 0.055230 0.075000
0 0.756843 0.028241 0.119746 0.056481
1 0.810117 0.036574 0.055230 0.065741
0 0.254643 0.316204 0.084066 0.262037
0 0.259775 0.188426 0.052297 0.167593
1 0.288856 0.313426 0.034213 0.126852