1 0.960655 0.655556 0.018084 0.024074
1 0.693548 0.553241 0.037146 0.062037
1 0.977028 0.518519 0.008798 0.024074
1 0.686461 0.342130 0.021994 0.032407
1 0.853861 0.309722 0.013685 0.015741
1 0.691593 0.298148 0.008798 0.018519
1 0.092131 0.212500 0.012219 0.025000
1 0.706745 0.131019 0.010753 0.015741
1 0.509775 0.102778 0.017595 0.033333
1 0.420332 0.056944 0.022483 0.045370
1 0.703812 0.048148 0.030303 0.042593
0 0.498778 0.203704 0.196970 0.407407
0 0.506598 0.018981 0.016129 0.037963
0 0.478006 0.559722 0.246334 0.587963
0 0.462854 0.777315 0.265885 0.432407
0 0.571603 0.918519 0.196970 0.161111
1 0.246090 0.444444 0.038612 0.074074
1 0.936217 0.092593 0.025904 0.057407
1 0.969697 0.171759 0.036168 0.063889
1 0.919355 0.886111 0.019550 0.033333
1 0.923265 0.859722 0.016618 0.028704