1 0.961632 0.987500 0.022972 0.023148
0 0.731916 0.962500 0.054252 0.073148
1 0.981672 0.894444 0.019062 0.050000
0 0.750000 0.902315 0.021017 0.028704
1 0.884653 0.875926 0.036168 0.059259
1 0.409335 0.907870 0.062072 0.080556
0 0.230694 0.899537 0.097752 0.199074
0 0.753421 0.810185 0.149071 0.218519
0 0.234115 0.727778 0.181818 0.200000
1 0.810850 0.627315 0.039101 0.073148
1 0.970430 0.572685 0.021994 0.043519
1 0.648338 0.548611 0.023949 0.063889
1 0.034213 0.511111 0.010753 0.012963
1 0.469941 0.472685 0.031769 0.049074
0 0.232893 0.550463 0.151026 0.195370
0 0.765152 0.480093 0.058162 0.080556
1 0.919110 0.417593 0.025904 0.053704
1 0.685239 0.358796 0.020528 0.043519
1 0.729228 0.337037 0.018573 0.037037
1 0.250000 0.243056 0.076735 0.091667
1 0.543744 0.231481 0.032747 0.051852
1 0.522239 0.163426 0.021994 0.047222
1 0.582356 0.174074 0.018084 0.037037
1 0.683040 0.146296 0.018084 0.031481
1 0.274194 0.090278 0.078201 0.100926
1 0.698192 0.032407 0.025904 0.051852
1 0.228006 0.049074 0.084555 0.046296
1 0.657869 0.025926 0.015640 0.037037
0 0.755865 0.089352 0.103128 0.178704
1 0.342131 0.212963 0.025415 0.055556
1 0.239003 0.439352 0.090909 0.106481
1 0.373167 0.085648 0.017107 0.037963
1 0.371701 0.520370 0.023949 0.038889
1 0.420577 0.611574 0.006354 0.026852
1 0.392473 0.374537 0.020528 0.036111
1 0.380987 0.387963 0.024927 0.027778
1 0.367302 0.325463 0.018084 0.017593
1 0.406891 0.502315 0.018084 0.030556
1 0.436706 0.348148 0.013196 0.027778
1 0.502933 0.304630 0.019550 0.040741
1 0.537879 0.322222 0.025904 0.040741
1 0.479472 0.271759 0.012708 0.015741
1 0.554497 0.145833 0.017107 0.028704
1 0.556696 0.363426 0.016618 0.019444
1 0.497556 0.144444 0.019550 0.048148
1 0.409824 0.134722 0.014174 0.023148
1 0.543011 0.019907 0.027370 0.039815
1 0.519795 0.018981 0.038612 0.037963
1 0.592131 0.198611 0.021994 0.039815
1 0.594330 0.330093 0.018573 0.021296
1 0.502444 0.486574 0.022483 0.034259
1 0.589687 0.522222 0.019062 0.035185
1 0.590420 0.478704 0.020528 0.027778
0 0.736315 0.684259 0.036657 0.164815
1 0.883675 0.706481 0.026393 0.027778
1 0.780303 0.261574 0.024927 0.041667
1 0.667155 0.243519 0.019550 0.035185
1 0.678397 0.252778 0.023460 0.042593
1 0.659580 0.125926 0.032747 0.051852
1 0.595552 0.009259 0.037634 0.018519
1 0.639541 0.346296 0.028837 0.040741
1 0.672532 0.445370 0.020528 0.033333
1 0.696237 0.431481 0.026882 0.031481
1 0.699658 0.712963 0.069892 0.096296
1 0.776882 0.374537 0.022972 0.041667
1 0.793500 0.310648 0.017107 0.041667
1 0.710411 0.356481 0.028837 0.050000
1 0.776882 0.543981 0.017107 0.034259
1 0.759531 0.582870 0.018573 0.030556
1 0.895894 0.846759 0.014663 0.043519
1 0.950880 0.825926 0.020039 0.035185
1 0.972630 0.821759 0.024438 0.043519
1 0.943304 0.564815 0.027370 0.044444
1 0.986315 0.246759 0.021505 0.036111
1 0.853617 0.107407 0.015152 0.031481
1 0.963832 0.691204 0.031281 0.030556
1 0.935728 0.846296 0.019062 0.035185
1 0.923509 0.648148 0.014174 0.031481
1 0.901760 0.611574 0.015640 0.025000