0 0.479961 0.920833 0.347996 0.156481
1 0.608749 0.855556 0.015152 0.031481
1 0.878543 0.771759 0.022972 0.034259
1 0.496090 0.746296 0.041056 0.075926
1 0.757331 0.725000 0.012219 0.035185
1 0.615836 0.701389 0.017595 0.037963
1 0.674242 0.619444 0.013196 0.018519
1 0.464809 0.593519 0.018573 0.050000
1 0.706745 0.356481 0.010753 0.014815
1 0.660313 0.281019 0.013685 0.023148
1 0.741935 0.249537 0.012708 0.032407
1 0.244624 0.243519 0.021994 0.046296
1 0.437683 0.187963 0.013196 0.031481
1 0.698436 0.081944 0.019550 0.063889
1 0.195748 0.071296 0.040567 0.075926
1 0.544477 0.022685 0.024438 0.045370
1 0.488514 0.547685 0.041544 0.069444
0 0.531525 0.223611 0.168622 0.447222
0 0.502444 0.440741 0.321603 0.257407
1 0.940127 0.886574 0.109971 0.225000
1 0.899071 0.899074 0.032747 0.040741
1 0.106794 0.517593 0.033724 0.062963
1 0.263441 0.531944 0.032258 0.067593
1 0.365103 0.657407 0.037146 0.048148
1 0.083089 0.103704 0.028348 0.059259
1 0.119013 0.349537 0.035679 0.050926
1 0.009531 0.261111 0.019062 0.057407
1 0.145406 0.411111 0.019062 0.037037
1 0.153959 0.373611 0.027370 0.034259
1 0.242424 0.734722 0.019550 0.030556
1 0.364614 0.032870 0.017595 0.026852