1 0.266618 0.980093 0.025904 0.036111
1 0.555230 0.926389 0.031281 0.025000
1 0.533724 0.921296 0.006843 0.020370
1 0.993157 0.897222 0.012708 0.059259
1 0.890518 0.883333 0.027370 0.040741
1 0.522727 0.854630 0.013196 0.025926
1 0.867546 0.741204 0.012708 0.023148
1 0.227761 0.724074 0.035191 0.051852
1 0.755132 0.668056 0.012708 0.026852
1 0.890762 0.595370 0.013196 0.027778
1 0.409091 0.553241 0.012708 0.041667
1 0.980938 0.537500 0.011730 0.030556
1 0.540811 0.530093 0.016129 0.034259
1 0.359971 0.507870 0.025904 0.050926
1 0.166422 0.387037 0.025904 0.053704
1 0.329423 0.336111 0.033236 0.064815
1 0.020772 0.305556 0.026882 0.050000
1 0.501466 0.318981 0.043011 0.056481
1 0.556940 0.304630 0.024927 0.050000
1 0.880743 0.273611 0.019550 0.041667
1 0.561828 0.264815 0.021017 0.042593
1 0.459433 0.270833 0.019550 0.039815
1 0.739980 0.260648 0.018573 0.043519
0 0.788612 0.299537 0.142229 0.134259
1 0.812805 0.250000 0.034213 0.044444
1 0.970430 0.124537 0.024927 0.041667
1 0.433040 0.111574 0.010753 0.021296
0 0.790811 0.161111 0.178886 0.135185
1 0.300831 0.100000 0.018084 0.057407
1 0.703324 0.048611 0.011730 0.034259
1 0.343597 0.032870 0.024438 0.047222
1 0.589932 0.018056 0.028348 0.036111
1 0.944037 0.018519 0.021017 0.037037
0 0.820381 0.053704 0.076735 0.107407
1 0.561584 0.018981 0.040078 0.037963
0 0.250489 0.033333 0.111926 0.066667
1 0.187195 0.403241 0.012708 0.030556
0 0.282258 0.854167 0.039589 0.195370
1 0.344575 0.751389 0.024438 0.032407
1 0.324536 0.698148 0.018573 0.042593
1 0.338221 0.623611 0.020528 0.039815
0 0.260753 0.553704 0.101173 0.172222
0 0.281281 0.394907 0.101173 0.223148
0 0.298143 0.214352 0.047898 0.117593
1 0.361681 0.786574 0.017595 0.030556
1 0.567937 0.510648 0.024438 0.030556
1 0.580645 0.331481 0.021505 0.038889
1 0.665689 0.326389 0.022483 0.025000
1 0.942815 0.270833 0.014663 0.030556
1 0.989003 0.276852 0.019062 0.031481
1 0.991447 0.793056 0.014174 0.037963
1 0.986559 0.479167 0.009286 0.030556
0 0.770772 0.945833 0.106549 0.093519
0 0.797410 0.868981 0.164712 0.256481
0 0.817937 0.645370 0.099218 0.220370
0 0.806940 0.514352 0.121212 0.262037