1 0.858504 0.977315 0.018084 0.043519
1 0.824291 0.946759 0.010264 0.021296
1 0.211388 0.900926 0.021017 0.038889
1 0.568182 0.894907 0.024927 0.030556
1 0.948925 0.877778 0.037634 0.072222
1 0.993646 0.852315 0.011730 0.030556
1 0.034946 0.840741 0.013196 0.024074
1 0.904692 0.827778 0.035191 0.087037
1 0.890274 0.794907 0.018084 0.039815
1 0.504888 0.781944 0.013685 0.017593
1 0.538856 0.785185 0.019062 0.066667
1 0.449902 0.793519 0.035679 0.100000
1 0.492424 0.751852 0.009286 0.031481
1 0.216764 0.690741 0.028837 0.050000
1 0.785191 0.690741 0.027859 0.062963
1 0.410313 0.668981 0.011241 0.021296
1 0.121457 0.675000 0.019062 0.037037
1 0.099462 0.570370 0.018084 0.022222
1 0.187683 0.559259 0.029326 0.057407
1 0.008553 0.498148 0.007331 0.018519
1 0.665445 0.468056 0.011241 0.015741
1 0.919844 0.467593 0.030303 0.068519
1 0.315738 0.414352 0.021505 0.017593
1 0.843353 0.370833 0.009286 0.015741
1 0.521750 0.375463 0.011241 0.047222
1 0.244135 0.346296 0.012219 0.024074
1 0.217253 0.321759 0.009286 0.025000
1 0.041056 0.224537 0.008798 0.034259
1 0.653470 0.218519 0.026393 0.055556
1 0.590420 0.192593 0.012708 0.020370
1 0.347996 0.190741 0.020528 0.033333
1 0.785924 0.192593 0.029326 0.087037
1 0.726295 0.152315 0.007820 0.023148
1 0.222630 0.147685 0.013196 0.030556
1 0.373900 0.127778 0.008798 0.035185
1 0.981672 0.107870 0.010264 0.025000
1 0.994135 0.084722 0.010753 0.028704
1 0.028104 0.086574 0.011241 0.037963
1 0.930352 0.021296 0.025904 0.042593
1 0.223851 0.008333 0.012708 0.016667
0 0.485093 0.875000 0.443304 0.248148
1 0.291056 0.975926 0.034702 0.046296
0 0.410068 0.420370 0.233627 0.479630
1 0.531281 0.625926 0.022483 0.135185
1 0.399560 0.475926 0.108016 0.085185
1 0.440616 0.569907 0.038612 0.030556
1 0.566471 0.316667 0.032258 0.072222
0 0.474585 0.197685 0.198436 0.389815
0 0.481183 0.033796 0.210655 0.067593
1 0.663978 0.080556 0.090420 0.161111
1 0.736804 0.082870 0.096285 0.165741