0 0.262219 0.068056 0.147116 0.136111
0 0.278104 0.252778 0.130987 0.162963
0 0.241447 0.484259 0.111437 0.212963
0 0.277615 0.805556 0.127077 0.274074
0 0.250978 0.931944 0.109971 0.132407
1 0.567449 0.884722 0.034213 0.065741
1 0.607283 0.819907 0.032747 0.052778
1 0.565249 0.707407 0.031769 0.057407
1 0.543011 0.621296 0.028348 0.062963
0 0.787146 0.078241 0.192082 0.156481
0 0.767351 0.226389 0.126100 0.173148
0 0.797898 0.368981 0.085533 0.293519
1 0.727273 0.289815 0.026393 0.046296
1 0.700391 0.540278 0.031281 0.045370
1 0.726784 0.480556 0.025415 0.055556
1 0.753910 0.475463 0.017107 0.043519
0 0.782747 0.621759 0.151026 0.176852
1 0.677175 0.762500 0.027859 0.056481
1 0.724096 0.739352 0.031769 0.052778
0 0.794233 0.795833 0.128055 0.173148
1 0.855816 0.212037 0.036168 0.044444
1 0.975806 0.020833 0.034702 0.041667
1 0.702346 0.640278 0.024438 0.054630