1 0.008309 0.080093 0.015640 0.069444
1 0.187928 0.071296 0.016129 0.029630
1 0.756598 0.330556 0.024438 0.040741
1 0.470186 0.221296 0.042033 0.116667
0 0.570870 0.145833 0.084066 0.291667
1 0.644428 0.094444 0.007331 0.029630
0 0.585044 0.383796 0.215054 0.402778
1 0.574291 0.286111 0.040078 0.087037
0 0.456012 0.661574 0.246334 0.291667
0 0.544966 0.876852 0.162268 0.244444
0 0.389541 0.980093 0.045943 0.034259
0 0.433529 0.970370 0.064516 0.057407
1 0.227517 0.658333 0.014174 0.033333
1 0.099951 0.631944 0.009286 0.021296