1 0.091398 0.852778 0.024438 0.033333
1 0.057674 0.852778 0.017595 0.035185
1 0.055963 0.507870 0.041544 0.054630
1 0.010264 0.551852 0.019550 0.027778
1 0.097263 0.570370 0.029326 0.031481
1 0.012219 0.341204 0.018573 0.039815
1 0.066960 0.224074 0.026393 0.068519
1 0.043988 0.137037 0.024438 0.031481
1 0.111681 0.164352 0.014174 0.025000
1 0.233382 0.275000 0.020039 0.037037
1 0.235093 0.328241 0.042033 0.056481
1 0.195503 0.403241 0.020528 0.049074
1 0.163490 0.070833 0.035679 0.043519
1 0.119990 0.706481 0.018084 0.035185
1 0.217253 0.866204 0.021017 0.037963
0 0.276882 0.900000 0.193060 0.198148
0 0.279081 0.093981 0.231672 0.143519
1 0.308162 0.017130 0.019062 0.025000
0 0.282991 0.213889 0.063539 0.137037
1 0.443548 0.380093 0.021994 0.060185
1 0.490714 0.225000 0.030303 0.044444
1 0.469208 0.115278 0.019550 0.030556
1 0.412023 0.103241 0.015640 0.032407
1 0.583333 0.058333 0.025904 0.048148
1 0.629277 0.173148 0.028837 0.055556
1 0.712366 0.077778 0.025904 0.035185
1 0.695748 0.211111 0.027859 0.055556
1 0.491691 0.314815 0.027370 0.048148
1 0.600929 0.501389 0.027859 0.041667
1 0.652493 0.539815 0.015640 0.022222
1 0.516618 0.569444 0.036168 0.081481
1 0.506843 0.724537 0.016618 0.036111
1 0.501955 0.796296 0.025415 0.046296
1 0.550342 0.935648 0.022483 0.026852
1 0.589687 0.768056 0.026882 0.039815
1 0.587732 0.826389 0.021994 0.028704
1 0.542033 0.710185 0.014663 0.027778
1 0.506598 0.399074 0.025904 0.044444
1 0.562317 0.375926 0.032747 0.042593
1 0.641007 0.342593 0.026882 0.037037
1 0.491691 0.618056 0.027370 0.037963
1 0.728983 0.784722 0.015152 0.032407
1 0.434751 0.151389 0.016129 0.045370
1 0.373412 0.314352 0.025415 0.054630
1 0.428152 0.244907 0.014663 0.036111
1 0.396872 0.209722 0.017595 0.030556
1 0.343842 0.592130 0.013196 0.043519
1 0.523705 0.679167 0.020039 0.037963
1 0.547898 0.192130 0.017595 0.034259
0 0.810606 0.087500 0.077713 0.175000
1 0.901026 0.337037 0.047410 0.074074
1 0.956745 0.328704 0.015152 0.038889
1 0.973363 0.480556 0.016129 0.048148
1 0.923021 0.705556 0.035679 0.068519
1 0.928641 0.853241 0.024438 0.037963
0 0.813539 0.573611 0.144184 0.191667
0 0.832111 0.764352 0.125611 0.237963
1 0.919355 0.029167 0.024438 0.036111
1 0.970674 0.356944 0.033236 0.026852
1 0.978250 0.778704 0.037634 0.046296
1 0.847019 0.988889 0.020528 0.012963
1 0.516618 0.049074 0.031281 0.031481
1 0.534702 0.233796 0.018573 0.043519
0 0.296432 0.448611 0.179374 0.262037
0 0.266373 0.697222 0.148583 0.283333
0 0.819159 0.400000 0.141740 0.190741
0 0.806940 0.287500 0.110459 0.208333
1 0.853617 0.221296 0.116813 0.237037
1 0.856794 0.068981 0.041056 0.128704