1 0.109971 0.456944 0.022483 0.032407
1 0.067937 0.612963 0.053763 0.046296
1 0.203812 0.541204 0.061584 0.115741
1 0.140274 0.261574 0.030303 0.060185
1 0.422287 0.750000 0.023460 0.035185
1 0.448436 0.377315 0.017107 0.073148
0 0.519550 0.114815 0.195503 0.229630
0 0.574780 0.257407 0.297165 0.477778
1 0.459922 0.080556 0.038123 0.057407
0 0.613392 0.619907 0.231672 0.526852
0 0.488514 0.774537 0.376833 0.445370
1 0.505865 0.839815 0.040078 0.038889
1 0.534946 0.742130 0.012219 0.025000
1 0.789345 0.049074 0.086999 0.098148
1 0.995601 0.425926 0.007820 0.077778