1 0.733627 0.911111 0.021505 0.055556
1 0.386364 0.798148 0.019062 0.059259
1 0.953568 0.779167 0.034213 0.062037
1 0.871212 0.527315 0.013196 0.039815
1 0.130987 0.421296 0.019550 0.066667
1 0.262463 0.367130 0.025415 0.065741
1 0.022239 0.345833 0.023949 0.037963
1 0.465054 0.323148 0.027859 0.040741
1 0.426197 0.264352 0.016618 0.039815
1 0.253910 0.250000 0.027859 0.044444
1 0.960411 0.140278 0.023460 0.039815
1 0.859482 0.126389 0.017107 0.058333
1 0.116569 0.085185 0.036657 0.048148
1 0.969941 0.051852 0.017107 0.051852
1 0.128299 0.812963 0.028837 0.042593
1 0.095552 0.650463 0.039589 0.075000
1 0.072092 0.670370 0.031769 0.066667
1 0.015640 0.545833 0.031281 0.058333
1 0.028104 0.570370 0.028837 0.031481
1 0.507087 0.818981 0.020039 0.049074
0 0.500733 0.830556 0.208700 0.333333
0 0.499756 0.598611 0.249756 0.339815
1 0.446970 0.307870 0.029814 0.030556
0 0.522239 0.189352 0.137341 0.378704
1 0.730938 0.075463 0.030792 0.065741
1 0.745112 0.149074 0.015152 0.025926
1 0.762708 0.154167 0.014174 0.026852
1 0.734360 0.213426 0.050342 0.076852
1 0.842864 0.077315 0.017107 0.047222
1 0.846530 0.056019 0.014663 0.032407
1 0.722385 0.688426 0.021505 0.034259
1 0.923509 0.282407 0.021017 0.016667
1 0.973851 0.257407 0.015152 0.038889
1 0.731672 0.546759 0.022483 0.034259