1 0.087243 0.244444 0.018084 0.048148
1 0.008065 0.287963 0.016129 0.011111
1 0.024682 0.401389 0.018084 0.036111
1 0.175953 0.155556 0.040078 0.098148
1 0.214076 0.164352 0.030303 0.063889
1 0.184751 0.299074 0.032258 0.050000
1 0.165445 0.324537 0.050342 0.037963
1 0.107038 0.391204 0.014663 0.017593
1 0.092375 0.537037 0.007820 0.025926
1 0.138074 0.542130 0.029814 0.043519
1 0.203324 0.504630 0.069404 0.201852
1 0.143939 0.637037 0.031769 0.070370
1 0.103372 0.764815 0.021994 0.038889
1 0.138807 0.812037 0.014663 0.024074
1 0.164467 0.797222 0.024927 0.040741
1 0.198192 0.794907 0.021017 0.100926
1 0.184995 0.906944 0.121701 0.184259
1 0.136364 0.910648 0.040078 0.071296
1 0.249511 0.873148 0.038612 0.062963
1 0.287390 0.273148 0.044966 0.051852
1 0.298143 0.431944 0.044966 0.067593
0 0.407625 0.885648 0.154448 0.226852
0 0.395161 0.719444 0.135386 0.075926
1 0.359971 0.751852 0.017107 0.037037
1 0.455279 0.874537 0.014174 0.030556
1 0.465543 0.815278 0.006354 0.034259
1 0.404448 0.593981 0.020039 0.036111
1 0.402737 0.528704 0.012708 0.029630
1 0.496579 0.540741 0.013685 0.025926
0 0.429863 0.390741 0.129521 0.348148
1 0.497312 0.349074 0.034702 0.048148
1 0.443793 0.093519 0.038123 0.129630
1 0.418866 0.154167 0.007820 0.030556
1 0.425464 0.118981 0.011241 0.036111
0 0.422287 0.038889 0.162268 0.075926
1 0.575024 0.975926 0.020039 0.044444
1 0.678152 0.981944 0.019062 0.013889
1 0.612414 0.918519 0.024438 0.053704
1 0.691105 0.899537 0.029326 0.030556
1 0.709433 0.872222 0.021994 0.037037
1 0.731916 0.881481 0.018084 0.051852
1 0.690616 0.804167 0.030303 0.056481
1 0.707722 0.735648 0.035191 0.060185
1 0.697947 0.743519 0.010753 0.057407
1 0.741447 0.788426 0.032258 0.062037
1 0.716764 0.700926 0.019062 0.037037
1 0.740714 0.373611 0.025904 0.019444
1 0.624878 0.421296 0.007331 0.040741
1 0.623656 0.264815 0.011730 0.027778
1 0.645894 0.202778 0.015152 0.029630
1 0.843109 0.722222 0.015640 0.027778
1 0.967009 0.899074 0.008309 0.024074
1 0.914956 0.884722 0.018573 0.026852
1 0.977517 0.870370 0.043011 0.072222
1 0.988514 0.605093 0.021994 0.019444
1 0.989247 0.142130 0.019550 0.025000
1 0.993402 0.172685 0.011241 0.025000
1 0.932796 0.287500 0.031769 0.028704
1 0.892962 0.338426 0.009775 0.015741
1 0.911046 0.381481 0.011730 0.014815
1 0.829179 0.595833 0.015152 0.030556
1 0.805963 0.605556 0.012708 0.035185
1 0.122678 0.710648 0.006843 0.026852