1 0.156403 0.063889 0.053763 0.096296
1 0.195503 0.066204 0.024438 0.062037
1 0.220674 0.130556 0.048387 0.068519
1 0.263196 0.135185 0.024927 0.040741
1 0.259042 0.050926 0.009775 0.061111
1 0.093842 0.217130 0.033236 0.060185
1 0.102151 0.267593 0.028348 0.046296
1 0.112659 0.275000 0.036657 0.062963
1 0.049853 0.193981 0.040078 0.034259
1 0.009775 0.211111 0.019550 0.037037
1 0.026637 0.185185 0.023949 0.042593
1 0.011486 0.318981 0.021994 0.043519
1 0.018573 0.412037 0.024438 0.061111
1 0.028592 0.554630 0.034702 0.088889
1 0.045943 0.450000 0.020528 0.068519
1 0.173509 0.298611 0.035191 0.082407
1 0.520528 0.896759 0.055718 0.076852
1 0.719453 0.817130 0.034213 0.076852
1 0.506109 0.571296 0.029814 0.072222
1 0.516129 0.543056 0.025415 0.076852
1 0.551075 0.435648 0.029814 0.054630
1 0.542522 0.633333 0.043011 0.092593
1 0.586999 0.564352 0.044966 0.087963
1 0.601662 0.626852 0.023460 0.048148
1 0.614370 0.675463 0.030303 0.036111
1 0.633431 0.686574 0.025415 0.043519
1 0.638563 0.611574 0.021994 0.049074
1 0.643939 0.641204 0.021017 0.054630
1 0.653715 0.666204 0.023949 0.049074
1 0.576979 0.336574 0.035679 0.052778
1 0.467009 0.157870 0.021017 0.075000
1 0.459433 0.325463 0.032258 0.043519
1 0.450635 0.434722 0.031281 0.071296
1 0.462366 0.688889 0.036168 0.090741
1 0.301075 0.811111 0.023460 0.066667
1 0.381232 0.828241 0.029326 0.056481
1 0.379032 0.593981 0.047410 0.060185
1 0.301808 0.668981 0.033724 0.097222
1 0.160068 0.685185 0.038612 0.061111
1 0.092864 0.838889 0.022483 0.050000
1 0.057429 0.851389 0.024927 0.039815
1 0.012708 0.632407 0.025415 0.070370
1 0.054497 0.348148 0.024927 0.055556
1 0.099462 0.492130 0.031769 0.043519
1 0.153470 0.425000 0.022483 0.050000
1 0.240225 0.370370 0.036657 0.025926
1 0.333822 0.359259 0.064516 0.094444
1 0.277370 0.226852 0.033724 0.090741
1 0.231672 0.236574 0.030303 0.032407
1 0.207234 0.334722 0.027370 0.056481
1 0.099218 0.920833 0.022483 0.041667
1 0.097263 0.663426 0.043988 0.071296
1 0.299609 0.744444 0.009775 0.042593
1 0.411046 0.549537 0.043988 0.078704
1 0.493646 0.534259 0.029326 0.074074
1 0.366080 0.466667 0.025415 0.037037
1 0.401515 0.467130 0.027859 0.036111
1 0.385142 0.487037 0.038123 0.027778
1 0.378055 0.652315 0.021017 0.023148
1 0.473363 0.043519 0.024927 0.038889
1 0.487292 0.148148 0.017595 0.044444
1 0.588221 0.031944 0.023949 0.058333
1 0.620235 0.024537 0.020528 0.049074
1 0.574780 0.047222 0.017595 0.035185
1 0.581378 0.071759 0.028837 0.050926
1 0.565738 0.113889 0.035679 0.046296
1 0.579668 0.175926 0.040078 0.051852
1 0.565982 0.224537 0.038123 0.050926
1 0.503177 0.117130 0.021017 0.039815
1 0.362903 0.112500 0.018084 0.045370
1 0.618035 0.327778 0.026882 0.048148
1 0.661535 0.482870 0.041544 0.054630
1 0.687195 0.626389 0.020528 0.043519
1 0.694770 0.601852 0.017107 0.038889
1 0.650293 0.510185 0.029814 0.025926
1 0.672043 0.380093 0.040078 0.032407
1 0.684995 0.334259 0.043500 0.083333
1 0.663978 0.334259 0.020039 0.046296
1 0.661290 0.268981 0.030303 0.049074
1 0.647605 0.323611 0.016618 0.039815
1 0.672776 0.145370 0.044477 0.096296
1 0.723851 0.339352 0.025415 0.049074
1 0.740714 0.359722 0.021994 0.039815
1 0.698925 0.118519 0.022483 0.044444
1 0.714076 0.682407 0.034213 0.053704
1 0.765640 0.710648 0.054252 0.126852
1 0.725073 0.657407 0.014174 0.066667
0 0.684995 0.091667 0.123656 0.181481
0 0.719453 0.285185 0.363636 0.311111
1 0.781281 0.053241 0.035679 0.065741
1 0.810850 0.084259 0.043988 0.059259
1 0.765885 0.109259 0.035191 0.038889
1 0.787146 0.190278 0.021017 0.047222
1 0.818426 0.180556 0.029814 0.040741
1 0.895894 0.212500 0.040078 0.091667
1 0.868280 0.113426 0.054252 0.080556
1 0.920088 0.118519 0.053275 0.081481
1 0.957722 0.073611 0.043500 0.089815
1 0.916911 0.053241 0.055718 0.078704
1 0.964321 0.018056 0.024438 0.036111
1 0.924731 0.238426 0.031281 0.067593
1 0.815249 0.456944 0.030303 0.086111
1 0.781525 0.491204 0.036168 0.082407
1 0.719941 0.575463 0.037146 0.034259
1 0.744868 0.554167 0.024438 0.073148
1 0.760264 0.571296 0.029814 0.055556
1 0.771750 0.541204 0.031281 0.054630
1 0.780547 0.569444 0.022483 0.057407
1 0.806207 0.567593 0.033724 0.096296
1 0.866325 0.753241 0.027859 0.062037
1 0.902737 0.569444 0.042033 0.062963
1 0.979472 0.680093 0.037146 0.060185
1 0.992180 0.629167 0.014663 0.058333
1 0.983871 0.579167 0.028348 0.067593
1 0.962610 0.557407 0.027859 0.050000
1 0.883431 0.460648 0.036657 0.047222
1 0.849951 0.656944 0.032258 0.069444
1 0.880499 0.665278 0.023949 0.041667
1 0.887830 0.638889 0.022972 0.051852
1 0.959189 0.870833 0.040567 0.049074