1 0.017595 0.013889 0.034213 0.025926
1 0.088221 0.268056 0.086510 0.280556
1 0.095308 0.345370 0.190616 0.251852
1 0.166667 0.318981 0.035191 0.034259
1 0.229961 0.157407 0.010264 0.040741
1 0.247067 0.209259 0.028837 0.044444
1 0.195992 0.019444 0.027370 0.038889
1 0.294233 0.035648 0.027370 0.039815
1 0.259286 0.186574 0.022972 0.047222
1 0.285191 0.179167 0.018084 0.021296
1 0.258553 0.401852 0.027370 0.048148
1 0.206989 0.480556 0.045455 0.046296
1 0.301075 0.476389 0.033236 0.100926
1 0.131232 0.370370 0.031769 0.062963
1 0.094086 0.418519 0.028837 0.037037
1 0.142962 0.425000 0.014174 0.048148
1 0.163978 0.455556 0.034702 0.027778
1 0.248778 0.680093 0.031281 0.041667
1 0.281036 0.584259 0.023460 0.062963
1 0.285191 0.533796 0.041544 0.058333
1 0.172776 0.722685 0.035679 0.076852
1 0.221896 0.801852 0.031281 0.048148
1 0.312805 0.631481 0.061584 0.081481
1 0.054497 0.796759 0.030792 0.056481
1 0.022239 0.840741 0.029814 0.105556
1 0.027859 0.824537 0.055718 0.025000
1 0.042522 0.963889 0.029326 0.038889
1 0.014418 0.515278 0.028837 0.052778
1 0.013685 0.900463 0.027370 0.026852
1 0.117058 0.536574 0.234115 0.437963
1 0.043011 0.579630 0.086022 0.212963
1 0.135142 0.590278 0.089443 0.399074
1 0.155181 0.591667 0.019062 0.050000
1 0.038856 0.581019 0.019062 0.013889
1 0.049609 0.643056 0.008309 0.026852
1 0.343109 0.012037 0.007820 0.024074
1 0.459922 0.017593 0.020528 0.035185
1 0.433529 0.127315 0.014663 0.080556
1 0.408602 0.210185 0.015640 0.055556
1 0.383187 0.054630 0.017595 0.050000
1 0.408113 0.058796 0.038123 0.117593
1 0.483138 0.269907 0.024927 0.045370
1 0.447458 0.365278 0.028837 0.069444
1 0.467986 0.472685 0.023949 0.034259
1 0.391740 0.428241 0.059140 0.054630
1 0.411046 0.499074 0.063539 0.133333
1 0.495112 0.600463 0.055718 0.073148
1 0.447703 0.704167 0.020528 0.026852
1 0.448192 0.764352 0.023460 0.062037
1 0.452346 0.729167 0.031769 0.043519
1 0.476051 0.809259 0.020528 0.044444
1 0.405670 0.646759 0.029326 0.041667
1 0.417400 0.709259 0.038123 0.103704
1 0.419355 0.914352 0.024438 0.062037
1 0.394428 0.977315 0.022483 0.043519
1 0.370723 0.895833 0.015152 0.058333
1 0.327468 0.766667 0.018573 0.053704
1 0.390274 0.779167 0.050342 0.080556
1 0.330890 0.817130 0.014663 0.049074
1 0.370479 0.755093 0.028348 0.091667
1 0.384653 0.811574 0.055718 0.123148
1 0.476051 0.687500 0.043988 0.112037
0 0.599707 0.025000 0.040078 0.050000
1 0.540323 0.016204 0.023949 0.032407
1 0.646383 0.054167 0.022972 0.054630
1 0.683773 0.025000 0.023460 0.050000
1 0.723851 0.013426 0.012708 0.026852
1 0.671310 0.256944 0.029814 0.037963
1 0.699169 0.243981 0.034702 0.065741
1 0.689638 0.387037 0.021505 0.094444
1 0.742913 0.395833 0.032258 0.056481
1 0.720674 0.324537 0.022972 0.056481
1 0.517595 0.171296 0.034213 0.038889
1 0.539345 0.184722 0.041544 0.086111
1 0.541789 0.139352 0.040567 0.058333
1 0.511486 0.252315 0.021017 0.065741
1 0.500489 0.385185 0.023460 0.057407
1 0.520283 0.437500 0.021994 0.041667
0 0.593597 0.362037 0.144184 0.309259
1 0.619013 0.507870 0.023949 0.050926
1 0.657869 0.472222 0.011730 0.048148
1 0.649316 0.509722 0.015152 0.056481
1 0.671554 0.535648 0.019550 0.041667
1 0.652981 0.562963 0.026393 0.040741
1 0.698192 0.686111 0.059140 0.072222
0 0.588710 0.655093 0.154936 0.291667
0 0.579668 0.825000 0.111437 0.203704
1 0.687195 0.818056 0.074291 0.132407
1 0.510264 0.924537 0.042033 0.069444
1 0.544233 0.980093 0.054252 0.037963
1 0.616569 0.883796 0.039589 0.099074
1 0.634164 0.924537 0.050342 0.076852
1 0.694770 0.925000 0.095308 0.148148
1 0.681574 0.750463 0.011241 0.032407
1 0.570626 0.975000 0.028837 0.048148
1 0.592620 0.943056 0.035679 0.076852
1 0.597996 0.988426 0.021017 0.019444
1 0.588221 0.918981 0.026882 0.049074
1 0.981427 0.061111 0.017595 0.053704
1 0.819404 0.345370 0.022972 0.040741
1 0.778837 0.144444 0.047410 0.081481
1 0.809384 0.213889 0.046921 0.137037
1 0.762708 0.519907 0.044477 0.089815
1 0.805230 0.457870 0.077713 0.141667
1 0.837243 0.451389 0.066471 0.132407
1 0.979717 0.463889 0.038612 0.135185
1 0.966031 0.406481 0.016129 0.055556
1 0.800098 0.722222 0.034213 0.038889
1 0.888319 0.743981 0.047410 0.047222
1 0.972630 0.748148 0.032258 0.081481
1 0.924731 0.623611 0.010753 0.041667
1 0.860948 0.623148 0.022972 0.031481
1 0.779326 0.583796 0.032747 0.041667
1 0.744135 0.651852 0.022972 0.016667
1 0.761486 0.718519 0.045943 0.085185
1 0.773216 0.650000 0.011730 0.029630
1 0.821359 0.685648 0.029814 0.063889
1 0.788368 0.614815 0.028348 0.044444
1 0.804497 0.643981 0.046921 0.076852
1 0.932551 0.761111 0.016618 0.042593
1 0.980205 0.892130 0.037634 0.082407
1 0.923265 0.868056 0.033236 0.086111
1 0.754154 0.834259 0.031281 0.025926
1 0.766373 0.937037 0.072336 0.120370
1 0.857527 0.971296 0.038612 0.055556
1 0.884653 0.975463 0.023460 0.047222
1 0.899316 0.971296 0.026393 0.053704
1 0.799609 0.836111 0.012708 0.064815
1 0.923509 0.966667 0.019062 0.064815
1 0.887586 0.895370 0.043988 0.092593
1 0.819892 0.919907 0.018084 0.041667
1 0.847019 0.912037 0.030303 0.051852
1 0.909091 0.059259 0.033236 0.118519
1 0.799120 0.084722 0.047898 0.125000
1 0.994135 0.602778 0.010753 0.053704
1 0.910313 0.482407 0.094330 0.201852
1 0.955279 0.490278 0.018084 0.099074
1 0.856549 0.042593 0.078690 0.083333
1 0.876344 0.163889 0.156403 0.259259
1 0.871457 0.048611 0.029326 0.049074
1 0.877077 0.257870 0.050342 0.130556
1 0.861193 0.084722 0.014663 0.017593
1 0.886852 0.327315 0.113881 0.162037
1 0.934751 0.205093 0.021994 0.037963
1 0.820626 0.849074 0.050831 0.124074
1 0.833578 0.791204 0.106061 0.250926
1 0.811828 0.832407 0.012708 0.042593
1 0.837977 0.758796 0.019062 0.023148
1 0.829423 0.732407 0.020528 0.035185
1 0.952835 0.759722 0.018084 0.032407
1 0.022239 0.951852 0.039589 0.094444
1 0.014907 0.764815 0.016129 0.018519
1 0.022483 0.944444 0.044966 0.022222
1 0.006598 0.953704 0.013196 0.061111
1 0.351662 0.786574 0.030792 0.095370
1 0.346041 0.827778 0.014663 0.051852
1 0.089687 0.650463 0.179374 0.100926
1 0.065494 0.606481 0.119257 0.038889
1 0.409824 0.860648 0.016129 0.034259
1 0.316960 0.962500 0.033724 0.028704
1 0.339198 0.894444 0.029326 0.029630
1 0.752688 0.861574 0.009775 0.045370