1 0.076735 0.291204 0.018573 0.062037
1 0.090420 0.541667 0.036168 0.046296
1 0.294477 0.466204 0.062072 0.110185
1 0.320870 0.344907 0.038612 0.080556
1 0.331134 0.108333 0.031769 0.077778
1 0.416911 0.481944 0.040078 0.095370
0 0.587732 0.312037 0.282991 0.427778
1 0.574047 0.365741 0.059140 0.103704
0 0.559629 0.050463 0.165200 0.095370
1 0.685239 0.037037 0.048876 0.074074
1 0.856061 0.261574 0.097263 0.160185
0 0.569404 0.778241 0.196481 0.432407
1 0.753666 0.774074 0.046921 0.112963
1 0.816716 0.677315 0.066471 0.097222
1 0.787879 0.742593 0.060606 0.109259
0 0.548631 0.973148 0.159824 0.051852