1 0.099707 0.767130 0.032258 0.034259
1 0.034946 0.783333 0.019062 0.035185
1 0.121212 0.631019 0.026393 0.039815
1 0.055230 0.519907 0.109482 0.254630
1 0.114614 0.751852 0.014174 0.044444
1 0.342864 0.764352 0.031769 0.056481
1 0.300831 0.837500 0.055230 0.080556
1 0.338710 0.870833 0.034213 0.071296
1 0.341642 0.950463 0.045943 0.073148
1 0.410068 0.831944 0.032258 0.043519
1 0.421799 0.840741 0.037146 0.051852
1 0.128788 0.016667 0.023949 0.033333
1 0.245601 0.064352 0.020039 0.047222
1 0.363392 0.376389 0.011241 0.036111
1 0.365347 0.318056 0.018084 0.032407
1 0.389052 0.455556 0.032258 0.061111
1 0.401271 0.557870 0.028348 0.052778
1 0.384164 0.637037 0.013685 0.037037
1 0.447458 0.018056 0.015152 0.036111
1 0.414467 0.228241 0.023460 0.045370
1 0.425709 0.166204 0.033236 0.117593
1 0.479717 0.294444 0.021017 0.048148
1 0.503177 0.293056 0.015152 0.028704
1 0.491447 0.055093 0.023949 0.045370
1 0.533969 0.056019 0.053275 0.099074
0 0.591887 0.118519 0.116325 0.237037
0 0.579912 0.451389 0.067937 0.225000
1 0.533480 0.537500 0.030792 0.065741
1 0.507331 0.596296 0.035191 0.055556
1 0.453079 0.628241 0.023460 0.019444
1 0.553275 0.475926 0.007820 0.024074
0 0.556452 0.264352 0.091398 0.241667
1 0.512952 0.226389 0.013196 0.023148
1 0.525660 0.272222 0.015152 0.040741
1 0.611926 0.676852 0.016618 0.038889
1 0.650538 0.742130 0.025415 0.067593
0 0.594819 0.603241 0.105572 0.189815
1 0.538856 0.651852 0.075758 0.214815
1 0.528104 0.611111 0.014174 0.027778
0 0.546188 0.776852 0.133431 0.181481
0 0.579912 0.834722 0.169599 0.126852
0 0.567693 0.929630 0.071848 0.137037
1 0.604106 0.890741 0.013685 0.020370
1 0.717498 0.031944 0.031281 0.062037
1 0.759775 0.045833 0.062072 0.091667
1 0.835288 0.074537 0.020528 0.037963
1 0.862659 0.096759 0.030303 0.100926
1 0.896139 0.156019 0.017107 0.075000
1 0.751466 0.203241 0.032747 0.065741
1 0.791789 0.173611 0.028348 0.026852
1 0.812317 0.186574 0.060606 0.093519
1 0.960655 0.048148 0.065982 0.096296
1 0.960655 0.137500 0.024927 0.050926
1 0.992669 0.193056 0.013685 0.021296
1 0.894184 0.284722 0.022972 0.097222
1 0.869746 0.413426 0.033724 0.058333
1 0.844819 0.415741 0.026882 0.031481
1 0.953812 0.282870 0.021994 0.026852
1 0.708456 0.363426 0.021994 0.036111
1 0.728739 0.326852 0.042033 0.072222
1 0.811828 0.332870 0.110459 0.150926
1 0.746090 0.450000 0.076735 0.092593
1 0.673754 0.416204 0.018084 0.043519
1 0.720430 0.486574 0.014663 0.021296
1 0.849462 0.580556 0.042033 0.112963
1 0.955034 0.595370 0.026393 0.062963
1 0.965298 0.493519 0.017595 0.105556
1 0.987292 0.460185 0.023460 0.035185
1 0.847507 0.499074 0.016618 0.033333
1 0.812072 0.627315 0.030792 0.075000
1 0.890029 0.656481 0.033236 0.075926
1 0.868035 0.652778 0.043011 0.046296
1 0.741935 0.627315 0.049853 0.113889
1 0.733627 0.771296 0.015640 0.037037
1 0.688172 0.845370 0.017595 0.042593
1 0.812072 0.741204 0.022972 0.089815
1 0.805474 0.846296 0.035191 0.092593
1 0.851417 0.801852 0.014663 0.050000
1 0.787879 0.963426 0.034213 0.069444
1 0.994135 0.971759 0.009775 0.050926
1 0.173754 0.205093 0.020039 0.045370
1 0.196481 0.211574 0.017595 0.039815
1 0.243891 0.230556 0.015640 0.027778
1 0.330156 0.838889 0.011241 0.027778