1 0.234115 0.101852 0.063539 0.111111
1 0.357283 0.661111 0.017595 0.038889
1 0.370723 0.677315 0.015152 0.025000
1 0.168377 0.743056 0.032747 0.093519
1 0.086755 0.861574 0.044477 0.076852
1 0.009286 0.394444 0.018573 0.075926
1 0.172287 0.405093 0.021017 0.041667
1 0.519550 0.426389 0.090909 0.119444
1 0.656158 0.567130 0.014174 0.023148
1 0.618768 0.437037 0.025415 0.031481
1 0.579912 0.437500 0.028837 0.039815
1 0.691593 0.229167 0.008798 0.021296
1 0.726784 0.225000 0.012708 0.016667
1 0.709677 0.905093 0.011730 0.015741
1 0.772727 0.781944 0.039101 0.060185
1 0.708211 0.730093 0.012708 0.025000
1 0.962366 0.223148 0.052786 0.077778
1 0.986559 0.291204 0.024927 0.037963
1 0.959433 0.311111 0.032258 0.027778
1 0.984115 0.430556 0.030792 0.124074
1 0.961144 0.927315 0.013196 0.026852
1 0.982649 0.909259 0.027859 0.042593
1 0.960411 0.868056 0.032258 0.036111
1 0.901760 0.770370 0.025415 0.031481
1 0.913490 0.793981 0.016618 0.030556
1 0.952102 0.795833 0.068426 0.100926
1 0.949902 0.488426 0.023949 0.021296
1 0.937439 0.531944 0.031281 0.030556
1 0.945503 0.555556 0.018084 0.042593
1 0.992669 0.614815 0.013685 0.055556
1 0.995357 0.119444 0.008309 0.038889
1 0.872678 0.729630 0.009286 0.024074
1 0.453812 0.016204 0.019062 0.030556
1 0.437683 0.179167 0.009286 0.013889
1 0.501466 0.578241 0.006843 0.017593
1 0.396628 0.251389 0.008309 0.013889
0 0.488025 0.192593 0.217498 0.372222
1 0.574780 0.193519 0.013685 0.046296
0 0.535924 0.865741 0.107038 0.264815
1 0.540567 0.812963 0.021505 0.024074
0 0.532014 0.613889 0.221408 0.364815
1 0.811584 0.305093 0.015152 0.021296
1 0.880987 0.533796 0.008309 0.015741
1 0.884897 0.591204 0.007331 0.017593