1 0.481183 0.957407 0.063050 0.083333
1 0.737781 0.831019 0.018084 0.082407
1 0.986315 0.880556 0.019550 0.072222
1 0.977273 0.838426 0.015152 0.017593
1 0.662268 0.863426 0.045943 0.091667
1 0.152493 0.815741 0.024438 0.027778
1 0.642229 0.815741 0.018573 0.027778
1 0.403715 0.810648 0.027370 0.043519
1 0.649071 0.762500 0.017595 0.043519
1 0.380987 0.733796 0.022972 0.065741
1 0.990469 0.694444 0.018084 0.111111
1 0.513930 0.648611 0.009286 0.026852
1 0.482893 0.630093 0.030303 0.030556
1 0.731427 0.588889 0.010264 0.022222
1 0.616080 0.605556 0.015152 0.053704
1 0.362903 0.609259 0.026882 0.090741
1 0.661046 0.539352 0.022972 0.023148
1 0.452835 0.559259 0.028837 0.081481
1 0.394184 0.496759 0.023949 0.041667
1 0.636608 0.474074 0.023949 0.020370
1 0.989980 0.493981 0.019062 0.058333
1 0.597263 0.462037 0.053763 0.077778
1 0.556940 0.438889 0.010264 0.044444
1 0.985826 0.405556 0.027370 0.105556
1 0.386364 0.409259 0.023949 0.048148
1 0.439150 0.417593 0.028837 0.059259
1 0.950391 0.367130 0.021017 0.052778
1 0.566471 0.342593 0.012708 0.027778
1 0.180352 0.340278 0.030303 0.025000
1 0.585533 0.323148 0.007820 0.020370
0 0.529814 0.511574 0.172043 0.276852
1 0.402737 0.301852 0.019550 0.048148
1 0.189883 0.271296 0.029814 0.035185
1 0.577468 0.260648 0.061095 0.091667
1 0.986070 0.193519 0.014174 0.031481
1 0.914956 0.144444 0.022483 0.035185
1 0.989736 0.079167 0.019550 0.036111
1 0.791789 0.069907 0.020528 0.021296
1 0.508798 0.065741 0.035191 0.083333
1 0.960899 0.083333 0.032258 0.050000
1 0.426931 0.038426 0.039589 0.076852
1 0.252933 0.034259 0.013196 0.016667
1 0.769306 0.031481 0.008798 0.022222
1 0.989492 0.025926 0.020039 0.051852
0 0.774927 0.005556 0.029814 0.011111
1 0.051808 0.477778 0.055718 0.107407
1 0.142229 0.548148 0.111437 0.138889
1 0.186950 0.627778 0.051320 0.066667
0 0.214076 0.978704 0.019550 0.037037
0 0.321359 0.913889 0.134409 0.162963
0 0.234604 0.792593 0.129032 0.101852
1 0.236559 0.863426 0.074291 0.093519
1 0.170821 0.771759 0.023949 0.037963
1 0.212121 0.734259 0.044966 0.027778
1 0.279814 0.821759 0.040567 0.078704
1 0.214076 0.632870 0.021505 0.036111
1 0.289834 0.737037 0.048876 0.068519
1 0.287390 0.675463 0.079179 0.104630
1 0.243891 0.641667 0.035191 0.031481
0 0.247556 0.463889 0.158847 0.400000
0 0.329668 0.454167 0.063050 0.154630
0 0.290811 0.206019 0.075269 0.371296
0 0.304497 0.012963 0.043011 0.025926
0 0.354350 0.095370 0.126100 0.185185
0 0.357283 0.210185 0.043988 0.105556
1 0.375855 0.300463 0.021505 0.025000
1 0.411779 0.966667 0.057185 0.062963
1 0.400293 0.911111 0.046921 0.057407
1 0.407136 0.644444 0.017595 0.042593
1 0.448436 0.750000 0.014174 0.024074
1 0.465543 0.768056 0.019062 0.054630
1 0.455034 0.820833 0.027370 0.049074
1 0.480938 0.808333 0.020528 0.046296
1 0.485582 0.764352 0.016129 0.045370
1 0.521261 0.785185 0.035679 0.068519
1 0.538856 0.831481 0.065982 0.068519
1 0.544966 0.740278 0.023460 0.017593
1 0.512952 0.711111 0.024927 0.025926
1 0.521505 0.688426 0.027370 0.054630
1 0.502199 0.561111 0.017107 0.040741
1 0.477761 0.419444 0.029814 0.066667
1 0.489003 0.349537 0.047410 0.071296
1 0.418866 0.187037 0.051808 0.144444
1 0.470919 0.125000 0.059140 0.105556
1 0.516373 0.255556 0.037634 0.085185
1 0.533969 0.188889 0.032747 0.085185
1 0.543500 0.108796 0.039101 0.080556
1 0.600196 0.085185 0.099707 0.159259
1 0.616569 0.041667 0.046432 0.070370
1 0.678152 0.091204 0.096285 0.145370
1 0.622190 0.275463 0.044966 0.093519
1 0.627810 0.224537 0.023949 0.037963
1 0.654692 0.168519 0.053275 0.075926
1 0.664223 0.212037 0.039101 0.062963
1 0.679130 0.273148 0.090420 0.138889
1 0.698192 0.360185 0.039589 0.066667
0 0.710166 0.679630 0.099707 0.168519
1 0.687928 0.643981 0.037634 0.047222
1 0.694282 0.465278 0.014174 0.052778
0 0.805230 0.892593 0.117791 0.209259
0 0.821603 0.715741 0.106549 0.262963
0 0.828201 0.736111 0.036657 0.122222
0 0.818426 0.525000 0.150049 0.203704
0 0.784702 0.436111 0.022972 0.038889
0 0.805474 0.260185 0.134897 0.346296
1 0.818426 0.057407 0.060117 0.098148
1 0.861437 0.044907 0.055230 0.086111
0 0.886852 0.056019 0.024927 0.073148
0 0.941105 0.058796 0.082600 0.115741
1 0.965787 0.250926 0.038123 0.040741
1 0.894184 0.562500 0.147116 0.608333