0 0.252688 0.027778 0.080156 0.055556
1 0.385630 0.438889 0.099707 0.192593
1 0.180841 0.255556 0.045943 0.066667
1 0.149071 0.148148 0.027370 0.048148
1 0.481916 0.194907 0.053763 0.104630
1 0.451369 0.198148 0.024927 0.064815
1 0.468231 0.102315 0.020528 0.087963
1 0.497556 0.086574 0.043988 0.087963
1 0.521261 0.033333 0.030792 0.064815
1 0.531525 0.416204 0.041544 0.073148
1 0.495846 0.435185 0.030792 0.075926
1 0.512952 0.585185 0.030792 0.046296
1 0.120723 0.504167 0.043011 0.054630
1 0.205767 0.566667 0.043011 0.059259
1 0.208944 0.943519 0.055230 0.092593
1 0.426931 0.860185 0.031769 0.046296
1 0.346530 0.654167 0.024438 0.052778
0 0.243402 0.561574 0.078201 0.158333
1 0.237537 0.412963 0.028348 0.066667
1 0.204545 0.468056 0.027859 0.049074
1 0.144917 0.560185 0.036657 0.059259
0 0.247067 0.896759 0.077713 0.204630
0 0.271750 0.775000 0.101662 0.194444
0 0.706256 0.875926 0.126100 0.246296
1 0.659091 0.829167 0.034702 0.076852
1 0.954545 0.929167 0.041056 0.036111
1 0.938905 0.865741 0.025415 0.066667
1 0.817937 0.687963 0.021017 0.087037
1 0.810117 0.767130 0.023949 0.058333
1 0.825024 0.368981 0.062561 0.104630
1 0.786413 0.357407 0.037146 0.046296
1 0.899316 0.604167 0.030303 0.078704
1 0.823069 0.587037 0.048876 0.040741
1 0.827713 0.555093 0.036657 0.052778
1 0.956256 0.404167 0.045455 0.115741
1 0.649071 0.061574 0.043011 0.060185
1 0.502933 0.276389 0.030303 0.050926
0 0.810850 0.123148 0.127077 0.244444
1 0.941105 0.233333 0.035679 0.079630
1 0.873656 0.260648 0.064027 0.110185
1 0.968475 0.242130 0.015152 0.041667
1 0.949902 0.312963 0.021994 0.040741
1 0.956745 0.367130 0.021994 0.047222
1 0.925953 0.333796 0.031769 0.067593
1 0.929130 0.623148 0.026393 0.040741
1 0.864614 0.628704 0.028348 0.033333
1 0.970186 0.482870 0.038123 0.041667
1 0.954057 0.502778 0.011730 0.055556
1 0.902981 0.551852 0.022972 0.044444
1 0.985826 0.665741 0.019550 0.044444
1 0.971163 0.661574 0.021505 0.030556
1 0.916178 0.692593 0.016129 0.033333
1 0.618768 0.206019 0.025415 0.026852
1 0.586755 0.075926 0.027859 0.024074
1 0.609238 0.093981 0.018084 0.045370
1 0.541544 0.066204 0.019550 0.045370
1 0.364370 0.890278 0.017107 0.047222
1 0.385875 0.681944 0.024927 0.054630
1 0.467742 0.553241 0.024438 0.049074
1 0.292766 0.669907 0.026393 0.060185
1 0.195259 0.621759 0.028837 0.049074
1 0.372434 0.548611 0.029326 0.039815
1 0.341642 0.534259 0.024438 0.035185
1 0.126833 0.960185 0.020039 0.035185
1 0.101906 0.235185 0.030792 0.035185
1 0.086755 0.211574 0.016129 0.043519
1 0.116080 0.319907 0.030792 0.050926
1 0.276393 0.122222 0.030792 0.051852
1 0.336022 0.337037 0.027859 0.051852