1 0.312805 0.025000 0.026393 0.035185
1 0.194037 0.335185 0.028348 0.090741
1 0.101906 0.383796 0.067937 0.069444
1 0.012219 0.432407 0.022483 0.042593
1 0.199658 0.115741 0.044477 0.059259
1 0.225073 0.146296 0.024927 0.042593
1 0.247801 0.214352 0.028348 0.032407
1 0.248778 0.231019 0.024438 0.043519
1 0.368768 0.485648 0.028837 0.030556
1 0.376344 0.414352 0.022483 0.037963
1 0.222874 0.426852 0.024438 0.029630
1 0.362659 0.330093 0.008798 0.049074
1 0.024194 0.599537 0.022972 0.032407
1 0.061095 0.657407 0.018573 0.033333
1 0.252933 0.655556 0.014174 0.059259
1 0.233138 0.558796 0.025415 0.058333
1 0.386852 0.782407 0.036657 0.050000
1 0.035191 0.925000 0.014663 0.051852
1 0.184751 0.823611 0.029326 0.032407
1 0.197947 0.863889 0.021505 0.035185
1 0.291544 0.950926 0.022972 0.050000
1 0.242913 0.985648 0.033236 0.026852
1 0.082845 0.557870 0.010264 0.028704
1 0.303275 0.611111 0.021017 0.029630
1 0.418133 0.982407 0.027859 0.031481
0 0.591642 0.980093 0.052297 0.037963
0 0.576491 0.811111 0.048387 0.200000
1 0.596041 0.680093 0.034702 0.052778
1 0.678886 0.960648 0.045943 0.076852
1 0.702835 0.972685 0.021505 0.052778
0 0.588954 0.019444 0.090909 0.038889
0 0.569159 0.152778 0.095308 0.235185
0 0.558407 0.331944 0.115836 0.178704
1 0.492913 0.365741 0.022972 0.072222
0 0.555230 0.503704 0.128055 0.181481
1 0.775904 0.449074 0.028837 0.098148
1 0.753910 0.587500 0.020039 0.054630
1 0.705523 0.406019 0.034702 0.023148
1 0.671799 0.343056 0.029814 0.067593
1 0.782258 0.214815 0.025904 0.088889
1 0.525660 0.363426 0.015152 0.045370
1 0.448436 0.584259 0.018084 0.044444
1 0.419355 0.516204 0.019550 0.023148
1 0.414712 0.411111 0.026882 0.051852
1 0.414467 0.549074 0.015640 0.037037
1 0.844819 0.922685 0.100196 0.145370
1 0.824536 0.865741 0.022483 0.037037
1 0.769550 0.912963 0.031769 0.055556
1 0.794966 0.885185 0.051320 0.100000
1 0.697947 0.868981 0.028348 0.021296
1 0.742180 0.769444 0.023949 0.033333
1 0.706989 0.737963 0.037634 0.092593
1 0.743402 0.723611 0.020528 0.056481
1 0.795210 0.660185 0.020528 0.040741
1 0.657869 0.572222 0.014663 0.035185
0 0.989003 0.546296 0.020039 0.081481
1 0.960655 0.580093 0.055230 0.099074
1 0.959922 0.312037 0.065494 0.075926
1 0.926686 0.434259 0.018573 0.062963
1 0.847263 0.478704 0.039589 0.074074
1 0.877566 0.374074 0.050342 0.125926
1 0.836510 0.300000 0.050342 0.120370
1 0.966764 0.029630 0.015640 0.059259
1 0.879277 0.095370 0.022483 0.059259
1 0.697458 0.135648 0.030303 0.052778
1 0.740714 0.099074 0.026882 0.046296
1 0.812072 0.205093 0.033724 0.041667
1 0.956256 0.120370 0.026882 0.033333