1 0.539345 0.525463 0.120723 0.130556
1 0.635386 0.528704 0.030303 0.038889
0 0.535191 0.618981 0.294233 0.202778
1 0.430108 0.560185 0.016618 0.033333
1 0.436461 0.407870 0.027370 0.039815
0 0.478495 0.035185 0.031281 0.068519
1 0.272483 0.251389 0.028837 0.039815
1 0.091642 0.380093 0.052297 0.076852
1 0.026149 0.224074 0.039589 0.077778
1 0.021505 0.351389 0.033236 0.054630
1 0.009531 0.560185 0.014174 0.068519
1 0.044966 0.746296 0.017595 0.048148
1 0.038368 0.860185 0.021994 0.035185
1 0.014418 0.982407 0.014174 0.022222
0 0.468475 0.955556 0.195015 0.087037
0 0.603861 0.958333 0.046432 0.081481
1 0.632209 0.726852 0.018084 0.035185
1 0.894673 0.565278 0.032747 0.050926
1 0.956012 0.514815 0.043988 0.072222
1 0.972385 0.738426 0.025904 0.063889
1 0.944282 0.746759 0.028348 0.049074
1 0.809384 0.756481 0.029326 0.040741
1 0.741935 0.891204 0.044966 0.041667
1 0.718719 0.626852 0.015152 0.037037
1 0.854106 0.494444 0.032747 0.050000
1 0.733871 0.808796 0.020039 0.041667
1 0.895406 0.250463 0.031281 0.047222
1 0.941593 0.317130 0.038612 0.065741
1 0.988514 0.521296 0.016129 0.020370
1 0.954545 0.629630 0.022483 0.022222
1 0.885875 0.411111 0.023949 0.042593
1 0.944037 0.075926 0.028837 0.048148
1 0.654692 0.320370 0.015152 0.037037
1 0.679619 0.403241 0.016129 0.030556
1 0.743402 0.473148 0.018573 0.046296
1 0.634897 0.573611 0.019550 0.032407
1 0.587488 0.384259 0.017595 0.024074
1 0.589198 0.106019 0.016129 0.030556
1 0.716276 0.145370 0.017107 0.035185
1 0.813294 0.515741 0.008798 0.025926