1 0.028837 0.074074 0.057674 0.055556
1 0.029326 0.583333 0.025415 0.040741
1 0.396139 0.899074 0.010264 0.024074
1 0.268817 0.044907 0.039101 0.082407
1 0.966764 0.800000 0.049853 0.085185
1 0.991447 0.466204 0.016129 0.036111
1 0.961877 0.252315 0.012708 0.019444
1 0.618524 0.020370 0.018084 0.040741
1 0.658602 0.227315 0.015152 0.037963
1 0.505376 0.793056 0.019550 0.037963
1 0.489980 0.701852 0.022972 0.040741
0 0.529326 0.028704 0.130987 0.057407
0 0.559384 0.239815 0.339687 0.437037
0 0.546676 0.885648 0.337732 0.225000
1 0.783724 0.773148 0.006354 0.016667