1 0.545943 0.063426 0.024438 0.045370
1 0.458944 0.160185 0.030303 0.050000
1 0.550342 0.212963 0.043011 0.064815
1 0.565494 0.279167 0.044966 0.080556
1 0.456745 0.268981 0.044477 0.065741
1 0.461877 0.466204 0.031281 0.050926
1 0.512219 0.500000 0.024438 0.038889
1 0.564272 0.514352 0.023949 0.060185
1 0.585533 0.592130 0.025415 0.017593
1 0.374878 0.444907 0.024438 0.039815
1 0.437195 0.632407 0.012219 0.022222
1 0.362659 0.614352 0.037146 0.062037
1 0.391496 0.687037 0.043988 0.074074
1 0.345797 0.684722 0.024927 0.039815
1 0.450880 0.883796 0.027859 0.050926
1 0.157136 0.643519 0.025904 0.035185
1 0.191349 0.928241 0.026882 0.045370
1 0.222141 0.918519 0.027859 0.035185
1 0.707234 0.151389 0.031281 0.073148
0 0.789589 0.267130 0.101173 0.193519
1 0.828446 0.501389 0.101662 0.178704
1 0.742424 0.418056 0.025415 0.086111
1 0.702590 0.745370 0.035679 0.064815
0 0.783724 0.700000 0.123656 0.201852
0 0.810362 0.888889 0.129032 0.209259
0 0.251466 0.820370 0.126588 0.196296
0 0.285924 0.961574 0.053763 0.071296
0 0.271994 0.623148 0.146139 0.272222
0 0.262219 0.468056 0.152004 0.217593
0 0.293011 0.256019 0.151026 0.325000
0 0.277370 0.095833 0.161779 0.191667
1 0.073069 0.041204 0.033724 0.060185
1 0.972630 0.356019 0.026393 0.054630
1 0.843353 0.138889 0.032747 0.061111
1 0.919599 0.873611 0.023949 0.063889