0 0.206256 0.949537 0.135875 0.099074
1 0.698925 0.779630 0.029326 0.087037
1 0.254888 0.832407 0.022972 0.061111
1 0.625611 0.825463 0.015640 0.056481
1 0.935973 0.822685 0.027370 0.054630
1 0.670088 0.772222 0.007820 0.016667
1 0.223851 0.689352 0.085044 0.076852
1 0.796921 0.643519 0.030792 0.051852
1 0.232160 0.643519 0.050831 0.046296
1 0.229228 0.586111 0.016618 0.038889
1 0.872678 0.542130 0.009286 0.028704
0 0.226784 0.531481 0.041056 0.053704
1 0.638319 0.411574 0.027370 0.034259
1 0.505376 0.422222 0.035191 0.079630
1 0.244135 0.405093 0.085533 0.060185
1 0.846041 0.320833 0.022483 0.028704
1 0.807674 0.286574 0.006354 0.021296
1 0.909335 0.299537 0.022972 0.054630
1 0.572092 0.219444 0.026882 0.061111
0 0.226784 0.214815 0.099707 0.142593
1 0.689883 0.125000 0.020039 0.031481
1 0.951369 0.053704 0.015152 0.014815
1 0.534702 0.036574 0.042033 0.060185
0 0.764418 0.014352 0.037146 0.028704
1 0.471408 0.010648 0.032747 0.021296
1 0.258065 0.012963 0.010753 0.025926
1 0.243891 0.073148 0.050831 0.146296
1 0.095552 0.860185 0.028837 0.061111
1 0.185728 0.781019 0.040078 0.078704
1 0.356794 0.888889 0.029326 0.035185
0 0.760020 0.928241 0.126100 0.139815
0 0.751711 0.778704 0.094819 0.246296
0 0.723118 0.538889 0.095308 0.222222
0 0.794477 0.459259 0.160802 0.261111
0 0.726540 0.278241 0.112903 0.199074
0 0.742669 0.152778 0.104106 0.212963
1 0.993646 0.780556 0.011730 0.025926
1 0.928641 0.190741 0.028348 0.087037
1 0.914467 0.200000 0.025415 0.040741
1 0.903715 0.222222 0.014663 0.031481
1 0.898583 0.204167 0.011241 0.036111