1 0.473363 0.983333 0.031769 0.031481
1 0.612170 0.968981 0.021994 0.025000
0 0.218475 0.967130 0.072336 0.063889
0 0.313050 0.939815 0.090420 0.118519
1 0.470919 0.839815 0.029814 0.070370
1 0.653959 0.764352 0.007820 0.028704
1 0.534457 0.744907 0.027859 0.039815
1 0.445992 0.534722 0.017107 0.050926
1 0.493646 0.369444 0.019550 0.035185
1 0.980450 0.194444 0.019550 0.037037
1 0.985582 0.093519 0.027859 0.044444
0 0.280059 0.087500 0.075269 0.132407
0 0.789834 0.062963 0.101662 0.101852
1 0.022972 0.800000 0.045943 0.040741
1 0.049609 0.967593 0.019062 0.040741
1 0.098974 0.935648 0.016129 0.032407
1 0.148583 0.850926 0.035191 0.053704
0 0.281769 0.318981 0.112903 0.325000
1 0.355816 0.177315 0.023460 0.050926
1 0.347507 0.142130 0.025415 0.043519
1 0.232160 0.174074 0.057674 0.157407
1 0.264663 0.007407 0.053275 0.014815
1 0.466764 0.177315 0.028348 0.104630
1 0.441349 0.223611 0.021505 0.030556
1 0.430596 0.247685 0.020528 0.028704
1 0.543011 0.239352 0.019550 0.045370
1 0.522483 0.282870 0.018573 0.025000
1 0.505132 0.262500 0.016129 0.023148
1 0.738270 0.524074 0.026882 0.044444
0 0.794233 0.575463 0.097752 0.206481
0 0.801808 0.412963 0.084555 0.155556
1 0.863148 0.485185 0.018573 0.042593
1 0.957967 0.093981 0.050831 0.112037
1 0.671065 0.960185 0.016618 0.040741
1 0.626833 0.918519 0.050342 0.038889
1 0.574780 0.966204 0.028348 0.060185
1 0.455279 0.945833 0.039589 0.041667
1 0.520528 0.666204 0.032258 0.069444
1 0.494624 0.747222 0.054741 0.068519
1 0.487781 0.697222 0.019550 0.037037
0 0.277370 0.555093 0.196970 0.217593
1 0.178152 0.560648 0.017107 0.049074
1 0.540567 0.525926 0.027370 0.046296
1 0.398338 0.334259 0.012708 0.046296
1 0.405914 0.390278 0.026882 0.049074
1 0.446481 0.389815 0.024927 0.046296
1 0.514418 0.068981 0.034702 0.045370
1 0.633431 0.372685 0.021505 0.047222
1 0.557918 0.058796 0.024927 0.032407
0 0.789101 0.868056 0.092375 0.182407
0 0.291300 0.759722 0.123167 0.273148