1 0.163245 0.329167 0.045943 0.086111
1 0.226540 0.194444 0.044477 0.038889
1 0.358993 0.032870 0.039589 0.043519
1 0.387586 0.427778 0.040078 0.090741
1 0.464076 0.412037 0.065005 0.098148
0 0.572825 0.862500 0.218964 0.267593
1 0.731427 0.836574 0.052297 0.056481
1 0.854594 0.658333 0.059140 0.122222
1 0.927419 0.631944 0.057185 0.097222
1 0.807674 0.797685 0.034702 0.069444
1 0.855327 0.944907 0.068426 0.099074
1 0.978250 0.859259 0.032747 0.162963
1 0.462610 0.291204 0.046432 0.045370
0 0.639052 0.254167 0.396383 0.502778
1 0.678886 0.033333 0.032258 0.064815
1 0.850440 0.101389 0.044966 0.058333
1 0.953079 0.212037 0.042033 0.074074