0 0.468231 0.056481 0.217986 0.112963
0 0.571603 0.255093 0.370968 0.402778
1 0.411046 0.157870 0.020528 0.047222
0 0.415445 0.560185 0.425220 0.705556
1 0.528592 0.581481 0.011241 0.112963
1 0.668133 0.656944 0.059629 0.115741
1 0.543744 0.879167 0.063050 0.119444
0 0.471896 0.837037 0.371945 0.324074
1 0.082356 0.967130 0.043500 0.054630
1 0.060117 0.861111 0.046921 0.085185
1 0.290323 0.787037 0.011730 0.077778
1 0.768328 0.800463 0.129032 0.280556
1 0.887830 0.975000 0.060117 0.046296
1 0.943304 0.800463 0.086999 0.162037
1 0.726295 0.166667 0.029326 0.083333
1 0.777126 0.225926 0.026393 0.101852
1 0.707234 0.409259 0.022483 0.053704
1 0.693793 0.440278 0.014174 0.056481
1 0.950635 0.384259 0.056696 0.064815
1 0.916422 0.275926 0.025415 0.042593