1 0.099218 0.079630 0.029326 0.027778
1 0.136852 0.018056 0.032258 0.036111
1 0.088221 0.202315 0.021017 0.041667
1 0.119746 0.234259 0.022483 0.044444
1 0.015885 0.301852 0.019062 0.033333
1 0.042278 0.337037 0.032747 0.038889
1 0.056207 0.290278 0.025415 0.036111
1 0.070626 0.261574 0.026882 0.043519
1 0.080156 0.244444 0.009775 0.031481
1 0.089443 0.259722 0.008798 0.034259
1 0.104594 0.250463 0.020528 0.021296
1 0.101173 0.278704 0.015640 0.035185
1 0.083333 0.291204 0.020039 0.037963
1 0.107527 0.312500 0.026393 0.037963
1 0.014907 0.376389 0.017107 0.026852
1 0.051808 0.415741 0.026393 0.053704
1 0.080401 0.467593 0.024927 0.064815
1 0.106061 0.405093 0.011730 0.015741
1 0.136364 0.456481 0.037146 0.046296
1 0.072581 0.514352 0.024927 0.063889
1 0.062561 0.607407 0.017595 0.033333
1 0.119257 0.655093 0.014663 0.056481
1 0.116325 0.594444 0.035191 0.050000
1 0.008798 0.662037 0.017595 0.072222
1 0.028104 0.445833 0.031769 0.037963
1 0.063050 0.438426 0.023460 0.036111
1 0.076735 0.414352 0.019550 0.030556
1 0.003910 0.440278 0.007820 0.028704
1 0.005132 0.487963 0.010264 0.040741
1 0.062317 0.735648 0.031769 0.021296
1 0.051564 0.830556 0.019062 0.031481
1 0.062317 0.853241 0.013196 0.037963
1 0.014174 0.794444 0.028348 0.079630
1 0.011730 0.866667 0.023460 0.057407
1 0.012952 0.972685 0.008309 0.019444
1 0.097507 0.982407 0.061095 0.031481
1 0.148827 0.917130 0.035679 0.060185
1 0.171554 0.939352 0.026393 0.045370
1 0.199169 0.931019 0.021994 0.060185
1 0.247556 0.945833 0.013196 0.023148
1 0.222630 0.975926 0.040567 0.046296
1 0.264418 0.979630 0.027370 0.037037
1 0.260508 0.896759 0.009775 0.045370
1 0.225562 0.824074 0.020039 0.044444
1 0.255376 0.823611 0.010264 0.069444
1 0.260508 0.827778 0.038123 0.040741
1 0.247556 0.665278 0.021017 0.028704
1 0.226540 0.602315 0.024927 0.026852
1 0.208211 0.566204 0.023460 0.030556
1 0.267107 0.566667 0.022972 0.048148
1 0.295699 0.591667 0.009775 0.040741
1 0.234604 0.480093 0.016618 0.058333
1 0.235337 0.439815 0.012219 0.038889
1 0.279326 0.435648 0.018084 0.043519
1 0.256843 0.340278 0.030792 0.037963
1 0.281525 0.392593 0.040078 0.038889
1 0.313050 0.353241 0.029814 0.043519
1 0.302542 0.368519 0.011730 0.024074
1 0.225073 0.279167 0.020039 0.026852
1 0.260753 0.297222 0.016129 0.020370
1 0.303519 0.207407 0.027370 0.033333
1 0.258553 0.191204 0.014663 0.008333
1 0.281525 0.157870 0.028348 0.056481
1 0.319404 0.136111 0.025904 0.027778
1 0.241447 0.145833 0.034213 0.037963
1 0.224096 0.031481 0.030792 0.062963
1 0.171310 0.013426 0.012219 0.026852
1 0.186217 0.020833 0.015640 0.028704
1 0.198680 0.016667 0.018084 0.033333
1 0.276149 0.035185 0.020528 0.038889
1 0.268328 0.106019 0.017595 0.052778
1 0.262708 0.126389 0.014174 0.032407
1 0.252688 0.088889 0.011730 0.038889
1 0.180841 0.239352 0.021505 0.041667
1 0.192815 0.263889 0.026882 0.031481
1 0.171554 0.319444 0.013685 0.027778
1 0.160557 0.308796 0.005376 0.019444
1 0.155181 0.808333 0.019062 0.037037
1 0.177175 0.543056 0.019062 0.036111
1 0.153470 0.548148 0.021505 0.040741
1 0.147849 0.594444 0.030792 0.044444
1 0.139296 0.560648 0.021505 0.041667
1 0.124145 0.536111 0.027370 0.048148
1 0.097263 0.512037 0.025415 0.057407
1 0.173265 0.101852 0.017107 0.031481
1 0.368524 0.058333 0.019550 0.029630
1 0.331867 0.066667 0.016618 0.040741
1 0.309629 0.058333 0.018084 0.059259
1 0.343842 0.181481 0.025904 0.055556
1 0.338954 0.213889 0.020039 0.038889
1 0.373167 0.214352 0.024927 0.041667
1 0.373900 0.286111 0.021505 0.031481
1 0.367791 0.352778 0.023949 0.048148
1 0.355083 0.388426 0.016129 0.021296
1 0.381476 0.631481 0.021017 0.038889
1 0.341887 0.583333 0.017107 0.022222
1 0.420577 0.575000 0.024927 0.027778
1 0.416911 0.610185 0.043988 0.048148
1 0.408358 0.691204 0.022972 0.032407
1 0.386608 0.727778 0.020528 0.046296
1 0.417889 0.742130 0.043011 0.089815
1 0.411535 0.857870 0.013685 0.036111
1 0.473363 0.892130 0.021994 0.037963
1 0.476540 0.974074 0.018573 0.050000
1 0.505621 0.961111 0.021017 0.031481
1 0.514907 0.121759 0.035679 0.047222
1 0.604594 0.136574 0.043988 0.071296
1 0.641007 0.138889 0.029814 0.038889
1 0.604594 0.083333 0.014663 0.066667
1 0.530059 0.079167 0.025904 0.045370
1 0.484360 0.072222 0.015640 0.029630
1 0.505865 0.055093 0.018573 0.039815
1 0.429374 0.044444 0.022972 0.059259
1 0.487781 0.167593 0.021505 0.033333
1 0.457967 0.204167 0.027370 0.039815
1 0.435484 0.211111 0.017595 0.025926
1 0.471652 0.337500 0.018573 0.043519
1 0.593109 0.293981 0.011241 0.062037
1 0.582356 0.275000 0.005376 0.014815
1 0.623167 0.250926 0.038123 0.079630
1 0.649804 0.375926 0.024927 0.048148
1 0.577713 0.338426 0.019550 0.028704
1 0.540323 0.311111 0.015152 0.027778
1 0.467742 0.703241 0.026393 0.037963
1 0.482160 0.753704 0.025904 0.077778
1 0.501955 0.711574 0.043988 0.047222
1 0.467986 0.639815 0.030792 0.059259
1 0.446237 0.598611 0.014663 0.028704
1 0.460166 0.581944 0.029814 0.076852
1 0.498289 0.607407 0.035679 0.059259
1 0.522972 0.664352 0.020528 0.034259
1 0.510508 0.642130 0.021994 0.026852
1 0.501466 0.542130 0.019550 0.037963
1 0.538612 0.591204 0.043988 0.058333
1 0.514418 0.577778 0.019062 0.018519
1 0.577224 0.569907 0.013685 0.037963
1 0.557918 0.548148 0.012219 0.016667
1 0.542766 0.450463 0.019062 0.032407
1 0.451613 0.451852 0.024438 0.051852
1 0.441349 0.309259 0.018573 0.018519
1 0.384897 0.417593 0.015152 0.074074
1 0.401760 0.436111 0.014663 0.051852
1 0.358504 0.441667 0.021017 0.066667
1 0.351173 0.350000 0.015152 0.033333
1 0.412023 0.094444 0.021505 0.024074
1 0.427664 0.007407 0.034213 0.014815
1 0.598729 0.025926 0.010753 0.022222
1 0.611926 0.012500 0.017595 0.025000
1 0.680108 0.020370 0.008309 0.018519
1 0.587977 0.362500 0.013685 0.026852
1 0.612659 0.376389 0.032747 0.037963
1 0.637586 0.448611 0.017107 0.025000
1 0.576491 0.493056 0.024927 0.043519
1 0.579912 0.668056 0.015152 0.032407
1 0.593353 0.668056 0.026393 0.049074
1 0.589443 0.699537 0.009775 0.012037
1 0.644917 0.673148 0.027859 0.025926
1 0.650049 0.651389 0.005865 0.030556
1 0.639296 0.625000 0.027370 0.033333
1 0.586999 0.638889 0.025415 0.027778
1 0.590665 0.602778 0.038612 0.077778
1 0.630254 0.587500 0.031769 0.025000
1 0.303519 0.792130 0.021505 0.063889
1 0.291056 0.741204 0.012219 0.028704
1 0.301075 0.759722 0.009775 0.028704
1 0.337977 0.708333 0.023949 0.037037
1 0.344086 0.689352 0.017595 0.017593
1 0.342620 0.737500 0.036168 0.030556
1 0.314516 0.672685 0.014174 0.045370
1 0.325024 0.659722 0.015640 0.034259
1 0.302542 0.874074 0.028348 0.044444
1 0.298143 0.665278 0.021505 0.043519
1 0.312317 0.628704 0.011730 0.012963
1 0.396383 0.215278 0.010753 0.047222
1 0.364858 0.959259 0.016129 0.038889
1 0.372434 0.943981 0.014663 0.030556
1 0.523216 0.685185 0.008309 0.009259
1 0.563783 0.955093 0.026882 0.023148
1 0.561339 0.918056 0.016129 0.012037
1 0.583822 0.916204 0.027859 0.047222
1 0.588954 0.878704 0.023460 0.051852
1 0.568915 0.784259 0.027370 0.044444
1 0.585777 0.770370 0.013196 0.027778
1 0.673509 0.067130 0.018573 0.034259
0 0.789589 0.211574 0.351417 0.423148
1 0.712610 0.055556 0.021505 0.035185
1 0.712610 0.021759 0.017595 0.025000
1 0.727028 0.061574 0.011241 0.060185
1 0.687683 0.269444 0.016618 0.050000
1 0.695992 0.349074 0.035191 0.038889
1 0.705523 0.381944 0.020039 0.050926
1 0.749267 0.252315 0.011730 0.054630
1 0.718964 0.298148 0.028348 0.037037
1 0.737048 0.313889 0.017595 0.038889
1 0.798143 0.338426 0.033236 0.075000
1 0.822336 0.341204 0.023949 0.049074
1 0.802786 0.536111 0.023949 0.022222
1 0.819648 0.456481 0.038123 0.050000
0 0.766373 0.548148 0.347996 0.503704
0 0.722630 0.802315 0.167644 0.391667
1 0.623412 0.861111 0.020039 0.059259
1 0.647849 0.840278 0.015152 0.034259
0 0.725806 0.933796 0.228739 0.130556
1 0.766618 0.934722 0.035679 0.045370
1 0.834555 0.038889 0.029814 0.061111
1 0.835533 0.007870 0.021017 0.015741
1 0.862659 0.027315 0.041056 0.054630
1 0.903226 0.116667 0.028348 0.053704
1 0.909580 0.168056 0.019550 0.047222
1 0.947947 0.193519 0.033724 0.048148
1 0.956500 0.028241 0.016618 0.026852
1 0.838221 0.398611 0.033236 0.076852
1 0.793500 0.428704 0.021994 0.040741
1 0.773460 0.424074 0.015152 0.025926
1 0.784946 0.552778 0.022483 0.048148
1 0.821359 0.487500 0.032747 0.037963
1 0.846530 0.513426 0.036168 0.034259
1 0.831378 0.530556 0.026393 0.022222
1 0.833089 0.566204 0.007331 0.034259
1 0.884164 0.735185 0.022483 0.035185
1 0.775415 0.814815 0.023949 0.046296
1 0.791544 0.799537 0.012219 0.021296
1 0.780792 0.874074 0.026882 0.064815
1 0.753177 0.879630 0.016618 0.025926
1 0.810606 0.916667 0.044477 0.057407
1 0.806940 0.890278 0.030303 0.023148
1 0.861437 0.916204 0.038612 0.047222
1 0.883187 0.909722 0.018573 0.025000
1 0.898094 0.908796 0.008309 0.041667
1 0.907625 0.802778 0.008798 0.016667
1 0.905914 0.860648 0.030792 0.052778
1 0.885630 0.933796 0.016618 0.037963
1 0.872923 0.949537 0.009775 0.025000
1 0.886608 0.991204 0.010753 0.015741
1 0.945503 0.468981 0.046432 0.093519
1 0.922287 0.450000 0.016618 0.033333
1 0.898583 0.373611 0.038612 0.076852
1 0.929619 0.626852 0.032258 0.048148
1 0.968231 0.603704 0.007820 0.020370
1 0.954057 0.561574 0.046921 0.084259
1 0.949413 0.530093 0.014174 0.034259
1 0.986559 0.568519 0.025904 0.062963
1 0.920332 0.105093 0.025415 0.039815
1 0.969453 0.068981 0.028837 0.097222
1 0.989003 0.122222 0.009286 0.037037
1 0.939150 0.108333 0.039589 0.077778
1 0.823069 0.208333 0.012708 0.025926
1 0.838465 0.088889 0.053275 0.072222
1 0.844819 0.035185 0.018084 0.044444
1 0.966520 0.811574 0.021017 0.023148
1 0.988759 0.805556 0.019550 0.042593
1 0.960655 0.843981 0.018084 0.017593
1 0.956256 0.881481 0.040567 0.057407
1 0.922532 0.916667 0.048387 0.098148
1 0.922287 0.854167 0.012708 0.052778
1 0.935728 0.854167 0.019062 0.052778
1 0.980205 0.929167 0.027859 0.052778
1 0.990469 0.964352 0.017107 0.030556
1 0.972385 0.987500 0.021017 0.023148
1 0.922043 0.306944 0.015152 0.023148
1 0.932307 0.320833 0.013196 0.025000
1 0.022239 0.918056 0.014174 0.025000
1 0.386852 0.082407 0.015152 0.020370
1 0.614858 0.302778 0.016618 0.029630
1 0.690616 0.673148 0.030303 0.083333
1 0.672532 0.961574 0.045943 0.071296
1 0.699902 0.963889 0.017595 0.042593