0 0.251711 0.103241 0.120235 0.197222
1 0.086755 0.275463 0.031769 0.058333
0 0.232160 0.361574 0.087977 0.237963
0 0.226784 0.573148 0.172043 0.298148
0 0.229961 0.743519 0.080645 0.250000
0 0.239736 0.863426 0.163734 0.175000
1 0.278104 0.729630 0.046921 0.075926
1 0.324780 0.478241 0.119746 0.254630
1 0.395161 0.487500 0.099218 0.175000
1 0.417644 0.397222 0.043500 0.101852
1 0.466520 0.493056 0.052297 0.128704
1 0.426197 0.043056 0.040078 0.045370
1 0.507331 0.297685 0.096774 0.171296
1 0.504888 0.427315 0.037146 0.080556
1 0.407869 0.189352 0.017107 0.049074
1 0.122923 0.240278 0.028837 0.052778
1 0.108504 0.099074 0.032258 0.066667
1 0.481916 0.126852 0.060606 0.101852
1 0.341153 0.059722 0.039101 0.049074
1 0.515640 0.042593 0.054741 0.075926
1 0.628543 0.150000 0.039101 0.051852
1 0.486559 0.881019 0.076735 0.171296
1 0.557918 0.059259 0.021017 0.051852
1 0.650049 0.106481 0.027370 0.055556
1 0.584311 0.076852 0.022972 0.050000
1 0.776393 0.108333 0.114858 0.207407
0 0.780547 0.267130 0.136852 0.184259
0 0.787634 0.468056 0.085533 0.200926
1 0.728983 0.400463 0.067937 0.056481
0 0.805963 0.597685 0.071359 0.162037
0 0.804497 0.849537 0.136852 0.289815
1 0.916667 0.463426 0.142229 0.187963
1 0.902248 0.135648 0.045943 0.054630
1 0.938172 0.260185 0.030792 0.077778
1 0.945259 0.344907 0.040078 0.093519
1 0.970919 0.400463 0.052297 0.108333
1 0.967498 0.115278 0.031769 0.069444
1 0.967253 0.071296 0.045943 0.077778
1 0.599951 0.750000 0.029814 0.061111
1 0.637097 0.851852 0.051320 0.094444