1 0.081378 0.431944 0.012219 0.049074
1 0.106794 0.448611 0.013196 0.019444
1 0.140762 0.505556 0.015640 0.027778
1 0.172287 0.795833 0.034702 0.054630
1 0.189883 0.810648 0.018084 0.037963
1 0.198925 0.914815 0.015640 0.042593
1 0.272483 0.941667 0.032747 0.059259
1 0.242669 0.887963 0.039589 0.098148
0 0.216520 0.908796 0.049853 0.180556
1 0.166178 0.670370 0.018573 0.035185
1 0.187439 0.607407 0.025904 0.044444
0 0.209922 0.732407 0.060117 0.166667
1 0.244624 0.631019 0.080645 0.087963
1 0.250489 0.650463 0.026882 0.084259
1 0.305718 0.574537 0.017107 0.019444
1 0.278348 0.494444 0.034702 0.042593
1 0.264663 0.460185 0.022972 0.022222
0 0.229472 0.410185 0.062072 0.116667
0 0.247067 0.335648 0.060117 0.150926
0 0.261730 0.061111 0.166667 0.101852
1 0.355572 0.342593 0.017107 0.029630
1 0.389296 0.262037 0.019062 0.035185
1 0.402737 0.319444 0.019550 0.040741
1 0.413245 0.359259 0.031769 0.059259
1 0.356061 0.493056 0.025904 0.032407
1 0.357038 0.873611 0.026882 0.056481
1 0.419355 0.912037 0.005865 0.018519
1 0.486315 0.925463 0.009775 0.026852
1 0.443793 0.705093 0.012708 0.039815
1 0.489980 0.680556 0.019062 0.040741
1 0.483871 0.638426 0.014663 0.019444
1 0.485337 0.780556 0.011730 0.014815
1 0.514418 0.779167 0.010264 0.025000
1 0.558895 0.644907 0.021017 0.069444
1 0.574047 0.725463 0.011241 0.012037
1 0.550831 0.688426 0.018573 0.037963
1 0.499267 0.365741 0.008309 0.020370
1 0.517351 0.381019 0.010264 0.017593
1 0.516373 0.100463 0.016129 0.045370
1 0.532014 0.105556 0.021017 0.031481
1 0.620479 0.175000 0.021994 0.029630
1 0.645650 0.231944 0.026393 0.023148
1 0.633431 0.480556 0.019550 0.024074
1 0.653959 0.490741 0.021505 0.044444
1 0.632942 0.843056 0.027370 0.054630
1 0.683529 0.888426 0.014174 0.028704
1 0.663001 0.299537 0.021994 0.037963
1 0.834800 0.778241 0.033236 0.054630
1 0.872434 0.800926 0.014663 0.022222
1 0.877077 0.617593 0.015152 0.025926
1 0.860215 0.537500 0.017595 0.032407
1 0.895894 0.608796 0.044966 0.075000
1 0.880254 0.495833 0.020528 0.036111
1 0.882942 0.402778 0.011241 0.016667
1 0.857283 0.317593 0.013685 0.022222
1 0.938905 0.017593 0.010753 0.024074
1 0.949658 0.331019 0.011730 0.037963
1 0.929619 0.386574 0.011730 0.025000
1 0.951613 0.416204 0.015640 0.032407
1 0.971652 0.356019 0.028348 0.062037
1 0.976540 0.471759 0.017595 0.028704
1 0.938172 0.537500 0.012219 0.021296
1 0.977517 0.608333 0.020528 0.029630
1 0.978250 0.625000 0.024927 0.025926
1 0.979228 0.788426 0.005376 0.017593
1 0.930596 0.665741 0.008798 0.018519
1 0.938661 0.571759 0.016129 0.025000
1 0.691105 0.007870 0.018573 0.015741
0 0.739003 0.277778 0.095797 0.268519
0 0.756109 0.919907 0.082111 0.158333
1 0.732893 0.857407 0.039589 0.050000
0 0.739247 0.614352 0.120723 0.223148
0 0.755376 0.405093 0.101173 0.225000
1 0.813294 0.459259 0.032258 0.059259
0 0.766618 0.094444 0.141251 0.188889
0 0.741202 0.756944 0.170577 0.226852
1 0.454301 0.892593 0.013196 0.018519
1 0.634653 0.096759 0.011241 0.026852