1 0.056207 0.305093 0.045943 0.060185
1 0.043744 0.337037 0.028837 0.022222
0 0.229961 0.154167 0.171554 0.284259
0 0.255132 0.340741 0.162268 0.187037
0 0.259042 0.492593 0.151515 0.203704
0 0.274438 0.649074 0.195992 0.124074
1 0.278592 0.770833 0.082111 0.154630
1 0.208700 0.706944 0.086022 0.243519
0 0.246579 0.880093 0.194037 0.182407
1 0.363881 0.687500 0.072825 0.147222
1 0.415200 0.396759 0.039589 0.073148
1 0.462610 0.419444 0.031769 0.055556
1 0.480938 0.390741 0.049853 0.101852
1 0.545455 0.355093 0.054741 0.049074
1 0.555963 0.266204 0.032747 0.050926
1 0.426931 0.065741 0.030792 0.066667
1 0.456989 0.898611 0.015640 0.043519
0 0.809629 0.770370 0.168622 0.388889
0 0.805230 0.935185 0.166667 0.124074
1 0.952102 0.792593 0.028348 0.070370
0 0.784946 0.461574 0.112414 0.239815
0 0.801320 0.342130 0.166667 0.176852
0 0.805718 0.137037 0.154936 0.274074
1 0.872923 0.109722 0.029326 0.047222
1 0.649071 0.309722 0.028348 0.060185
1 0.680596 0.308333 0.019062 0.040741
1 0.159580 0.610185 0.023949 0.033333
1 0.177664 0.712037 0.024927 0.059259
1 0.344575 0.812500 0.025415 0.047222