1 0.914467 0.035185 0.013685 0.035185
1 0.854106 0.088426 0.034702 0.060185
1 0.889052 0.234259 0.008798 0.035185
1 0.847996 0.338426 0.015640 0.037963
1 0.879521 0.442593 0.022972 0.044444
1 0.889785 0.398148 0.011241 0.029630
1 0.878788 0.398148 0.016618 0.018519
1 0.898583 0.450463 0.034702 0.026852
1 0.906403 0.584722 0.017107 0.032407
1 0.861437 0.735648 0.021017 0.086111
1 0.792766 0.723148 0.008798 0.018519
1 0.850196 0.870370 0.014174 0.033333
1 0.911290 0.853704 0.008309 0.027778
1 0.965054 0.879630 0.012219 0.022222
1 0.989980 0.861574 0.018084 0.062037
1 0.703812 0.219444 0.058651 0.070370
1 0.755865 0.319907 0.029814 0.037963
1 0.758798 0.346296 0.018084 0.020370
1 0.712854 0.917130 0.025904 0.056481
1 0.746090 0.939815 0.021994 0.064815
1 0.747067 0.978241 0.026882 0.028704
1 0.789589 0.974537 0.013196 0.047222
1 0.547410 0.055556 0.006843 0.027778
1 0.558407 0.110648 0.017107 0.039815
1 0.573558 0.109722 0.013196 0.025000
1 0.665689 0.260648 0.011730 0.015741
1 0.623412 0.266667 0.010264 0.018519
1 0.635142 0.768981 0.065982 0.054630
1 0.611437 0.940278 0.028348 0.049074
1 0.506109 0.122685 0.021017 0.036111
1 0.477761 0.210185 0.012219 0.011111
1 0.445748 0.119444 0.016618 0.029630
1 0.445748 0.211574 0.009775 0.012037
1 0.496090 0.293981 0.026393 0.063889
1 0.502199 0.262037 0.017107 0.027778
1 0.587243 0.465278 0.022972 0.036111
1 0.553519 0.795370 0.019062 0.038889
1 0.506109 0.768519 0.009286 0.012963
1 0.484115 0.732870 0.028837 0.056481
1 0.452102 0.867130 0.024438 0.039815
0 0.441105 0.956019 0.095308 0.075000
1 0.456256 0.808333 0.022972 0.035185
0 0.442082 0.805556 0.052297 0.153704
1 0.413978 0.862963 0.024438 0.046296
1 0.402248 0.531944 0.011730 0.019444
1 0.366569 0.545370 0.025415 0.057407
1 0.315982 0.506944 0.025904 0.049074
1 0.378299 0.381019 0.013685 0.017593
1 0.392717 0.310185 0.015152 0.037037
1 0.346285 0.326852 0.018084 0.040741
1 0.376588 0.632407 0.038612 0.066667
1 0.377322 0.677778 0.043988 0.055556
1 0.303763 0.696759 0.052297 0.104630
1 0.304741 0.641204 0.023949 0.047222
1 0.283236 0.649537 0.029814 0.041667
1 0.257087 0.749074 0.021505 0.027778
1 0.229961 0.709722 0.029814 0.049074
1 0.243157 0.640741 0.016129 0.029630
1 0.245601 0.535648 0.021994 0.047222
1 0.248778 0.499074 0.031281 0.050000
1 0.272483 0.470833 0.021017 0.030556
1 0.293744 0.387037 0.022483 0.044444
1 0.234848 0.431019 0.026882 0.047222
1 0.216764 0.406481 0.027859 0.048148
1 0.243402 0.355556 0.033236 0.035185
1 0.247312 0.387963 0.027370 0.061111
1 0.249756 0.237037 0.018573 0.048148
1 0.228739 0.094907 0.030303 0.052778
1 0.240714 0.049537 0.025904 0.032407
1 0.239492 0.136111 0.050831 0.124074
1 0.206012 0.276852 0.029814 0.051852
1 0.170332 0.361574 0.016129 0.037963
1 0.195259 0.191667 0.048387 0.068519
1 0.202102 0.239352 0.053275 0.087963
1 0.029081 0.137500 0.016129 0.015741
1 0.068426 0.131019 0.021505 0.039815
1 0.081867 0.165278 0.032747 0.065741
1 0.140762 0.199537 0.023460 0.052778
1 0.110459 0.251389 0.037146 0.054630
1 0.092131 0.330093 0.024927 0.052778
1 0.027126 0.317130 0.023949 0.032407
1 0.144428 0.374537 0.013196 0.037963
1 0.142962 0.413889 0.036657 0.057407
1 0.142473 0.490741 0.020039 0.035185
1 0.133920 0.463426 0.034213 0.067593
1 0.126344 0.539815 0.044477 0.050000
1 0.145894 0.571759 0.027859 0.030556
1 0.169844 0.534722 0.023949 0.047222
1 0.188905 0.532870 0.024927 0.039815
1 0.035435 0.644444 0.012219 0.016667
1 0.108993 0.710648 0.022483 0.026852
1 0.134164 0.675463 0.021994 0.043519
1 0.174487 0.684259 0.027370 0.050000
1 0.183284 0.710648 0.020528 0.034259
1 0.118035 0.816204 0.024927 0.062037
1 0.094086 0.813426 0.013196 0.023148
1 0.139052 0.842593 0.021994 0.044444
1 0.153470 0.868056 0.017595 0.034259
1 0.123656 0.911574 0.040078 0.050926
1 0.137341 0.927778 0.025415 0.044444
1 0.069648 0.935185 0.031769 0.033333
1 0.038856 0.957407 0.012219 0.016667
1 0.218231 0.933796 0.078690 0.115741
1 0.172287 0.755556 0.029814 0.055556
1 0.159335 0.737963 0.029326 0.037037
0 0.449413 0.094444 0.108993 0.188889
1 0.460411 0.464352 0.023460 0.019444
0 0.432551 0.375926 0.076246 0.287037
0 0.429619 0.667593 0.177908 0.227778
1 0.362903 0.698148 0.016129 0.020370
1 0.156891 0.020370 0.027370 0.040741
1 0.183284 0.015278 0.032258 0.030556
1 0.174731 0.103704 0.020039 0.046296
1 0.162757 0.121759 0.020528 0.032407
1 0.134897 0.124537 0.021505 0.039815
1 0.047654 0.052315 0.021994 0.084259
1 0.030303 0.013426 0.020528 0.026852
1 0.014907 0.590741 0.025904 0.031481
1 0.320381 0.950463 0.076735 0.097222
1 0.350440 0.939815 0.009775 0.024074
1 0.012219 0.891204 0.024438 0.067593
1 0.005865 0.931944 0.011730 0.032407
1 0.010508 0.383333 0.020039 0.040741
1 0.017351 0.427315 0.019062 0.034259
1 0.055963 0.395833 0.014174 0.034259
1 0.019062 0.034722 0.038123 0.062037
1 0.006354 0.085185 0.012708 0.027778
1 0.188905 0.328241 0.019062 0.041667
1 0.180596 0.471759 0.021017 0.037963
1 0.215787 0.819444 0.021017 0.038889