1 0.288123 0.977315 0.025904 0.043519
0 0.816227 0.965741 0.142717 0.066667
1 0.066716 0.906019 0.017107 0.026852
1 0.979717 0.883796 0.039589 0.039815
1 0.523949 0.786574 0.020528 0.036111
1 0.611926 0.844907 0.106549 0.163889
1 0.949658 0.694444 0.021505 0.027778
1 0.609238 0.693519 0.022972 0.038889
1 0.451857 0.785185 0.146139 0.268519
1 0.724096 0.626852 0.021017 0.062963
1 0.959922 0.636574 0.005865 0.017593
1 0.536657 0.644907 0.043988 0.050926
1 0.905425 0.660648 0.040567 0.106481
1 0.795455 0.610185 0.013196 0.029630
1 0.774927 0.598611 0.027859 0.013889
1 0.745601 0.620833 0.023949 0.099074
1 0.024194 0.568519 0.043500 0.062963
1 0.748534 0.500000 0.018084 0.053704
1 0.523216 0.551389 0.068915 0.125000
1 0.421065 0.449074 0.010264 0.029630
1 0.678152 0.426389 0.030792 0.036111
1 0.467742 0.418981 0.054741 0.075000
1 0.936950 0.359722 0.015640 0.067593
1 0.104106 0.337500 0.013685 0.047222
1 0.987048 0.248611 0.024927 0.026852
1 0.115836 0.249537 0.012708 0.058333
1 0.692082 0.227778 0.019550 0.048148
1 0.222141 0.147222 0.021017 0.035185
1 0.428397 0.134259 0.028837 0.051852
1 0.152981 0.102315 0.014663 0.017593
1 0.557429 0.092130 0.021017 0.025000
1 0.280059 0.052778 0.012708 0.027778
1 0.620479 0.112500 0.063050 0.156481
1 0.588465 0.043056 0.039101 0.052778
1 0.696237 0.031944 0.030792 0.058333
0 0.849462 0.095370 0.092864 0.190741
1 0.660557 0.035185 0.039589 0.070370
1 0.104106 0.391667 0.023460 0.038889
1 0.152493 0.308796 0.011730 0.036111
1 0.005865 0.233333 0.011730 0.064815
0 0.286413 0.833796 0.186706 0.258333
1 0.304008 0.691667 0.032258 0.053704
1 0.330645 0.069444 0.026882 0.040741
1 0.413734 0.029167 0.054252 0.058333
0 0.358504 0.028704 0.074780 0.055556
0 0.308407 0.195833 0.199413 0.336111
0 0.292766 0.450000 0.123167 0.244444
1 0.556452 0.434259 0.019062 0.024074
1 0.527370 0.852778 0.028348 0.040741
1 0.526637 0.735185 0.014174 0.053704
1 0.483871 0.694444 0.017595 0.042593
1 0.435239 0.667593 0.016129 0.020370
1 0.443304 0.600926 0.006843 0.027778
1 0.608749 0.562500 0.044477 0.097222
1 0.648583 0.382407 0.024438 0.046296
1 0.624389 0.295833 0.021994 0.036111
1 0.503666 0.969444 0.041544 0.055556
1 0.666667 0.265278 0.023460 0.034259
1 0.659335 0.327778 0.059629 0.074074
1 0.664956 0.288889 0.012219 0.029630
1 0.740469 0.114815 0.017595 0.053704
1 0.770283 0.161574 0.018573 0.039815
1 0.760020 0.182870 0.057674 0.045370
1 0.791789 0.219907 0.040078 0.106481
1 0.830156 0.784722 0.031769 0.034259
1 0.852639 0.745833 0.013196 0.041667
1 0.862659 0.737963 0.016618 0.053704
1 0.930108 0.851852 0.042033 0.127778
1 0.991691 0.738889 0.014663 0.035185
1 0.993157 0.714815 0.011730 0.018519
1 0.894184 0.587500 0.025904 0.047222
1 0.939150 0.594907 0.026882 0.045370
1 0.902493 0.563889 0.017107 0.020370
1 0.914467 0.340278 0.018573 0.021296
0 0.834800 0.462963 0.143695 0.322222
0 0.834555 0.257407 0.131476 0.183333
1 0.810117 0.305556 0.028837 0.022222