1 0.091642 0.030093 0.015152 0.012037
0 0.272727 0.900926 0.086999 0.155556
1 0.247312 0.981944 0.053763 0.034259
0 0.250000 0.735185 0.163734 0.231481
0 0.223363 0.560648 0.156403 0.130556
0 0.244624 0.414815 0.090420 0.172222
1 0.191838 0.325926 0.103128 0.016667
1 0.195259 0.350000 0.088465 0.081481
1 0.236070 0.102315 0.055718 0.128704
1 0.288856 0.244907 0.053763 0.050926
0 0.256598 0.233796 0.074291 0.215741
1 0.213587 0.455556 0.014663 0.024074
1 0.315249 0.032407 0.045943 0.064815
0 0.291300 0.019907 0.040078 0.039815
1 0.291056 0.053241 0.022972 0.043519
1 0.475073 0.026389 0.018573 0.026852
1 0.538856 0.046296 0.016129 0.038889
1 0.537390 0.091204 0.026882 0.056481
1 0.579423 0.091667 0.016129 0.027778
1 0.549365 0.060185 0.015640 0.022222
1 0.460166 0.504630 0.007331 0.027778
1 0.518573 0.469907 0.025415 0.047222
1 0.586266 0.403704 0.028837 0.046296
1 0.594330 0.442593 0.029326 0.059259
1 0.657380 0.148611 0.019550 0.050926
1 0.639052 0.216204 0.019062 0.026852
1 0.701613 0.181944 0.016129 0.041667
1 0.705034 0.140278 0.032747 0.052778
1 0.720674 0.163889 0.016129 0.031481
1 0.713343 0.213426 0.021994 0.063889
1 0.673021 0.415278 0.019550 0.021296
1 0.678641 0.550000 0.021994 0.051852
1 0.588954 0.619444 0.006843 0.024074
1 0.705523 0.776852 0.019062 0.046296
1 0.686217 0.847685 0.011730 0.036111
1 0.726540 0.570370 0.041544 0.055556
1 0.724585 0.545833 0.020039 0.015741
1 0.694282 0.437500 0.007331 0.023148
1 0.755621 0.449537 0.017595 0.025000
1 0.797410 0.409722 0.022972 0.034259
1 0.770283 0.322222 0.016618 0.029630
1 0.812805 0.371759 0.019550 0.049074
1 0.839687 0.379167 0.027370 0.043519
1 0.838710 0.315741 0.016618 0.040741
0 0.761975 0.053704 0.131965 0.107407
0 0.778592 0.183796 0.143695 0.208333
0 0.779326 0.427315 0.095308 0.156481
0 0.777615 0.653704 0.191593 0.288889
0 0.757087 0.881019 0.126100 0.175000
0 0.786413 0.935648 0.086022 0.126852
1 0.806452 0.818981 0.010753 0.028704
1 0.851417 0.796759 0.024438 0.036111
1 0.871701 0.834259 0.020039 0.033333
1 0.917889 0.244444 0.011730 0.025926
1 0.989247 0.014352 0.020528 0.028704
1 0.961388 0.487500 0.027370 0.028704
1 0.963832 0.523611 0.022483 0.030556
1 0.969697 0.564815 0.036168 0.068519
1 0.955279 0.690278 0.014174 0.032407
1 0.935973 0.698148 0.009775 0.022222
1 0.990958 0.646296 0.016129 0.027778
1 0.962366 0.767130 0.009775 0.056481
1 0.967498 0.769444 0.027859 0.018519
1 0.925953 0.896759 0.012219 0.025000
1 0.930841 0.913426 0.016129 0.025000
1 0.985826 0.986574 0.009775 0.023148
1 0.993891 0.842593 0.011241 0.033333
1 0.670821 0.868519 0.011241 0.018519
1 0.692815 0.931019 0.012219 0.034259
1 0.710166 0.807870 0.017595 0.025000
1 0.958944 0.715741 0.010753 0.020370
1 0.924731 0.736111 0.013685 0.027778
1 0.972141 0.748148 0.010753 0.018519