1 0.008798 0.134259 0.017595 0.027778
1 0.021994 0.147222 0.005865 0.011111
1 0.005621 0.250000 0.011241 0.044444
1 0.213832 0.256481 0.012219 0.012963
1 0.011730 0.467593 0.023460 0.037037
1 0.066227 0.720833 0.010264 0.023148
1 0.149071 0.775926 0.012708 0.020370
1 0.184751 0.674074 0.010753 0.009259
1 0.121701 0.701852 0.005865 0.014815
1 0.237781 0.684722 0.017107 0.041667
1 0.280303 0.678704 0.035679 0.025926
1 0.219453 0.492593 0.019550 0.038889
1 0.258553 0.399074 0.016618 0.018519
1 0.209677 0.121759 0.011730 0.021296
1 0.241935 0.027315 0.018573 0.054630
1 0.332845 0.031481 0.027370 0.062963
1 0.458456 0.125000 0.011730 0.020370
1 0.887586 0.019444 0.017595 0.038889
1 0.861437 0.252778 0.010264 0.024074
1 0.822336 0.591204 0.009286 0.030556
1 0.775171 0.511111 0.037146 0.070370
1 0.801808 0.426389 0.009286 0.017593
1 0.824047 0.768981 0.088954 0.163889
1 0.823069 0.870833 0.017595 0.039815
1 0.788856 0.915741 0.092864 0.164815
1 0.930841 0.913889 0.052297 0.042593
0 0.541300 0.825926 0.238025 0.346296
1 0.574536 0.660185 0.015152 0.033333
1 0.587977 0.656481 0.011730 0.011111
1 0.610948 0.968056 0.017595 0.047222
1 0.626100 0.981944 0.008798 0.015741
1 0.449902 0.974074 0.029814 0.046296
1 0.411535 0.817593 0.007820 0.012963
1 0.660068 0.048611 0.037634 0.076852
1 0.725806 0.489815 0.043011 0.114815
1 0.696725 0.513426 0.029814 0.050926
1 0.681818 0.571759 0.012708 0.008333
1 0.620968 0.419444 0.049365 0.096296
1 0.735093 0.231481 0.065494 0.105556
0 0.508798 0.200463 0.285435 0.399074
1 0.501466 0.273611 0.006843 0.017593
1 0.561095 0.259259 0.008798 0.014815
0 0.562561 0.355556 0.411535 0.707407
1 0.405425 0.420370 0.015152 0.081481
1 0.308895 0.367130 0.007820 0.013889
1 0.647116 0.796759 0.011730 0.008333
1 0.438416 0.106944 0.010753 0.012037
1 0.422776 0.088889 0.006843 0.018519
1 0.124145 0.937500 0.006843 0.015741
1 0.128788 0.951389 0.024927 0.025000
1 0.253177 0.952315 0.007820 0.012037
1 0.253421 0.223611 0.005376 0.017593
1 0.119746 0.079630 0.008798 0.020370