1 0.772483 0.969444 0.010264 0.059259
1 0.941349 0.953704 0.059629 0.090741
1 0.065738 0.745370 0.013196 0.024074
1 0.798631 0.654167 0.037146 0.086111
1 0.606549 0.623611 0.029326 0.037963
1 0.590665 0.550000 0.018084 0.057407
1 0.950880 0.365278 0.007331 0.030556
1 0.783236 0.279167 0.034702 0.060185
1 0.716520 0.267593 0.016618 0.035185
1 0.993157 0.111574 0.012708 0.019444
1 0.030547 0.080093 0.014174 0.032407
1 0.006109 0.062037 0.012219 0.027778
1 0.934262 0.020833 0.017107 0.041667
1 0.764663 0.046296 0.028837 0.075926
1 0.982893 0.037037 0.033236 0.074074
1 0.006354 0.127778 0.012708 0.038889
1 0.011730 0.161574 0.023460 0.025000
1 0.008065 0.280556 0.016129 0.031481
1 0.021505 0.235648 0.043011 0.065741
1 0.015396 0.224074 0.005376 0.020370
1 0.081867 0.556944 0.039589 0.041667
1 0.020283 0.556019 0.023949 0.143519
1 0.147849 0.639352 0.264418 0.493519
1 0.070870 0.939815 0.018573 0.046296
1 0.104594 0.907407 0.024438 0.057407
1 0.117546 0.840278 0.023949 0.049074
1 0.032014 0.896296 0.053275 0.101852
1 0.048631 0.771759 0.096285 0.095370
1 0.030547 0.806944 0.060117 0.115741
1 0.011730 0.784259 0.023460 0.024074
1 0.022727 0.656481 0.045455 0.153704
1 0.136608 0.593519 0.033724 0.074074
1 0.154936 0.537963 0.016618 0.031481
1 0.239492 0.714815 0.032258 0.062963
1 0.208944 0.650000 0.022972 0.042593
1 0.191593 0.593981 0.025415 0.062037
1 0.229961 0.439352 0.036657 0.087963
1 0.246090 0.146296 0.065982 0.135185
1 0.356549 0.915741 0.022972 0.046296
1 0.390029 0.496759 0.006843 0.012037
1 0.379032 0.516204 0.009286 0.032407
1 0.361193 0.415278 0.024438 0.039815
1 0.395161 0.031481 0.040567 0.051852
1 0.383675 0.848148 0.019550 0.024074
1 0.607038 0.856944 0.017595 0.043519
0 0.595797 0.922685 0.217986 0.150926
1 0.590665 0.748148 0.027859 0.075926
1 0.534946 0.840741 0.023949 0.044444
1 0.587977 0.824537 0.010753 0.013889
1 0.546921 0.798148 0.056696 0.079630
1 0.469697 0.767130 0.019550 0.054630
1 0.519306 0.696759 0.042522 0.054630
1 0.483627 0.662500 0.021994 0.030556
1 0.485337 0.635648 0.019550 0.023148
1 0.539345 0.623148 0.022972 0.046296
1 0.562561 0.616204 0.014663 0.047222
1 0.573314 0.622685 0.018573 0.032407
1 0.587488 0.648148 0.016618 0.022222
1 0.561584 0.577315 0.038123 0.030556
1 0.557918 0.482407 0.021017 0.038889
1 0.580890 0.484259 0.038612 0.044444
1 0.608016 0.490741 0.018573 0.051852
1 0.594086 0.442130 0.042522 0.054630
1 0.571603 0.427778 0.015152 0.018519
1 0.519062 0.374074 0.030303 0.042593
1 0.501466 0.379630 0.008798 0.022222
1 0.550098 0.313889 0.015152 0.038889
1 0.599218 0.387500 0.034213 0.043519
1 0.576735 0.367130 0.017595 0.028704
1 0.586022 0.243981 0.015640 0.030556
1 0.664712 0.515278 0.018573 0.056481
1 0.647849 0.429630 0.025904 0.053704
1 0.645894 0.397222 0.026882 0.038889
1 0.628055 0.415741 0.006843 0.031481
1 0.675220 0.014352 0.028837 0.028704
1 0.695748 0.041667 0.029814 0.044444
1 0.729228 0.088889 0.020528 0.029630
1 0.811339 0.059722 0.018573 0.028704
1 0.828690 0.106481 0.047410 0.075926
0 0.597263 0.078241 0.151515 0.156481
1 0.618768 0.045833 0.010753 0.028704
0 0.680352 0.350926 0.247312 0.251852
1 0.653470 0.300463 0.013685 0.030556
1 0.654448 0.160185 0.032258 0.046296
1 0.677175 0.174074 0.039589 0.055556
1 0.683773 0.232407 0.027370 0.088889
1 0.664712 0.205093 0.012708 0.025000
1 0.673998 0.286574 0.014663 0.056481
1 0.994379 0.196296 0.010264 0.033333
1 0.982405 0.170833 0.025415 0.039815
1 0.939638 0.244907 0.021017 0.037963
1 0.858749 0.631944 0.021505 0.039815
1 0.883187 0.714352 0.018573 0.032407
1 0.943304 0.650000 0.019550 0.042593
1 0.835044 0.754167 0.018084 0.032407
1 0.866813 0.775926 0.006354 0.016667
1 0.851662 0.794907 0.007331 0.041667
1 0.850684 0.768056 0.024927 0.045370
1 0.739980 0.979167 0.024438 0.037963
1 0.717742 0.858796 0.016129 0.052778
1 0.696237 0.828241 0.011241 0.037963
1 0.720919 0.807870 0.033236 0.076852
1 0.753177 0.869444 0.033236 0.051852
1 0.745357 0.685648 0.029326 0.050926
1 0.751222 0.734722 0.016618 0.045370
1 0.728006 0.620833 0.036657 0.039815
1 0.808895 0.976389 0.024438 0.045370
1 0.825758 0.983333 0.010264 0.029630
1 0.817937 0.926389 0.017107 0.041667
1 0.837243 0.912037 0.025415 0.040741
1 0.872923 0.977778 0.045943 0.042593
1 0.941593 0.846296 0.022972 0.014815
1 0.933529 0.727778 0.034213 0.083333
1 0.993891 0.722222 0.011241 0.046296
1 0.971408 0.779630 0.048387 0.061111
1 0.975318 0.810648 0.018084 0.030556
1 0.954545 0.826389 0.017595 0.030556
1 0.985093 0.851389 0.027859 0.095370
1 0.986559 0.901389 0.024927 0.039815
1 0.946970 0.892593 0.017107 0.027778
1 0.983382 0.947222 0.021505 0.042593
1 0.949169 0.545833 0.037146 0.062037
1 0.974340 0.549074 0.029814 0.066667
1 0.991691 0.485185 0.014663 0.035185
1 0.988270 0.525926 0.016618 0.027778
1 0.940616 0.570833 0.022972 0.039815
1 0.931818 0.353704 0.026882 0.029630
1 0.980450 0.369907 0.036168 0.056481
1 0.704301 0.561111 0.027370 0.048148
1 0.749022 0.574074 0.044477 0.083333
1 0.737781 0.525463 0.037634 0.060185
1 0.750000 0.494444 0.032747 0.085185
1 0.839932 0.498611 0.026882 0.025000
1 0.831134 0.539352 0.029814 0.041667
1 0.781036 0.457870 0.013685 0.050926
1 0.795943 0.478241 0.021017 0.023148
1 0.806207 0.439815 0.046432 0.109259