1 0.881965 0.925926 0.013196 0.044444
1 0.014907 0.856481 0.025904 0.075926
1 0.498289 0.837500 0.010264 0.039815
1 0.342864 0.815741 0.015152 0.040741
1 0.637341 0.826389 0.028348 0.067593
1 0.741691 0.790278 0.033724 0.071296
1 0.550342 0.764815 0.013685 0.050000
1 0.847507 0.826389 0.022483 0.149074
1 0.525171 0.775000 0.028837 0.094444
1 0.311339 0.737037 0.013685 0.016667
1 0.863148 0.703241 0.020528 0.032407
1 0.063539 0.695833 0.008798 0.023148
1 0.113392 0.724074 0.055718 0.085185
1 0.341642 0.681481 0.007820 0.020370
1 0.672532 0.649537 0.022483 0.047222
1 0.476295 0.632870 0.011241 0.037963
1 0.155914 0.609259 0.023460 0.040741
1 0.630254 0.621296 0.025904 0.066667
1 0.050831 0.615278 0.024438 0.071296
1 0.297898 0.587037 0.014174 0.027778
1 0.621701 0.574537 0.011730 0.017593
1 0.626833 0.516667 0.007331 0.016667
1 0.751222 0.520370 0.017595 0.031481
1 0.900293 0.457870 0.023460 0.056481
1 0.050098 0.498611 0.051320 0.160185
1 0.443304 0.405093 0.014663 0.013889
1 0.289589 0.442593 0.051320 0.105556
1 0.691593 0.420370 0.066471 0.088889
1 0.188172 0.381019 0.019550 0.045370
1 0.853128 0.320370 0.021994 0.025926
1 0.271505 0.329630 0.020039 0.044444
1 0.204057 0.302778 0.008309 0.018519
1 0.811584 0.320833 0.058162 0.080556
1 0.710166 0.340278 0.039101 0.108333
1 0.028348 0.329630 0.054741 0.112963
1 0.213099 0.262963 0.019550 0.051852
1 0.852395 0.243519 0.041056 0.094444
1 0.269306 0.195833 0.009775 0.025000
1 0.532258 0.235648 0.062561 0.134259
1 0.221896 0.122222 0.010753 0.018519
1 0.358749 0.112963 0.010753 0.029630
1 0.258065 0.122685 0.050831 0.076852
1 0.314761 0.055093 0.013685 0.034259
1 0.027615 0.072222 0.055230 0.053704
1 0.525171 0.034259 0.013196 0.038889
1 0.456500 0.007870 0.011730 0.015741
1 0.218231 0.015278 0.027859 0.030556
1 0.149804 0.032407 0.019062 0.042593
1 0.164712 0.052315 0.012708 0.043519
1 0.137341 0.119907 0.052786 0.089815
1 0.163245 0.087500 0.033236 0.030556
1 0.113392 0.272685 0.054741 0.089815
1 0.147116 0.319907 0.023460 0.037963
1 0.338221 0.352315 0.018573 0.032407
1 0.336755 0.439815 0.057674 0.137037
1 0.227761 0.674074 0.033236 0.051852
1 0.245112 0.566667 0.080645 0.150000
1 0.261975 0.543519 0.029326 0.050000
1 0.245601 0.851389 0.038612 0.093519
1 0.264174 0.943519 0.134409 0.111111
1 0.254399 0.764352 0.065005 0.095370
1 0.347996 0.988889 0.021505 0.014815
1 0.422287 0.507870 0.047898 0.073148
1 0.439150 0.574074 0.039589 0.085185
1 0.477028 0.356019 0.064516 0.130556
1 0.498045 0.425000 0.012708 0.033333
0 0.431818 0.288889 0.119746 0.131481
1 0.447458 0.204167 0.028837 0.052778
1 0.411779 0.201389 0.040567 0.043519
1 0.406158 0.236111 0.030303 0.033333
0 0.424976 0.081944 0.117791 0.163889
1 0.430352 0.109722 0.021994 0.036111
1 0.413978 0.141204 0.018573 0.050926
0 0.420821 0.733333 0.153470 0.146296
0 0.434506 0.882407 0.110459 0.233333
1 0.428641 0.707407 0.021505 0.033333
1 0.455767 0.669907 0.028837 0.052778
1 0.485093 0.699074 0.036657 0.064815
1 0.753421 0.611111 0.028837 0.072222
1 0.779081 0.568519 0.013685 0.029630
1 0.764174 0.582870 0.019062 0.041667
1 0.979228 0.663889 0.040567 0.105556
1 0.985337 0.569444 0.028348 0.062963
1 0.835777 0.954167 0.025415 0.065741