1 0.040078 0.346759 0.079179 0.100926
1 0.055474 0.461111 0.034702 0.044444
1 0.315982 0.044907 0.054252 0.045370
1 0.314027 0.290741 0.073803 0.081481
1 0.275660 0.313426 0.020528 0.056481
1 0.308895 0.368981 0.027370 0.052778
1 0.341887 0.415741 0.043500 0.087037
1 0.250978 0.471296 0.018084 0.042593
1 0.300342 0.498611 0.024927 0.049074
1 0.283236 0.660185 0.044477 0.061111
1 0.367058 0.630093 0.135875 0.237963
1 0.423998 0.634259 0.032747 0.092593
1 0.453568 0.654167 0.047898 0.056481
1 0.154936 0.852315 0.014663 0.043519
0 0.014663 0.850000 0.028348 0.070370
1 0.024682 0.882870 0.031769 0.049074
1 0.255132 0.813426 0.020528 0.065741
1 0.266129 0.844907 0.037634 0.056481
1 0.311828 0.844907 0.025415 0.028704
1 0.349218 0.833333 0.049365 0.068519
1 0.298143 0.963889 0.029326 0.066667
1 0.360948 0.937037 0.108993 0.118519
0 0.490469 0.943056 0.091398 0.112037
1 0.480450 0.878241 0.044966 0.063889
0 0.470919 0.722222 0.191105 0.124074
0 0.477273 0.463889 0.147116 0.177778
1 0.506354 0.604630 0.031281 0.053704
1 0.462366 0.285185 0.030303 0.051852
1 0.514418 0.324537 0.016129 0.028704
1 0.545210 0.371759 0.047410 0.047222
0 0.466276 0.125463 0.189638 0.250926
1 0.584311 0.043056 0.025904 0.045370
1 0.720674 0.952315 0.049365 0.078704
1 0.847019 0.967593 0.025415 0.061111
1 0.757820 0.419444 0.020039 0.116667
1 0.671065 0.416667 0.008798 0.053704
1 0.938172 0.229167 0.016129 0.045370
1 0.805718 0.081019 0.020039 0.045370