1 0.021994 0.006019 0.012708 0.012037
0 0.078935 0.055556 0.157869 0.109259
1 0.151271 0.031019 0.016129 0.037963
1 0.111193 0.120370 0.056207 0.114815
1 0.145406 0.113426 0.032747 0.062037
1 0.250000 0.159722 0.073803 0.052778
1 0.213099 0.193981 0.020528 0.025000
1 0.228250 0.247685 0.055718 0.049074
1 0.151026 0.254630 0.023460 0.040741
1 0.286657 0.338889 0.013196 0.029630
0 0.068671 0.340278 0.137341 0.178704
1 0.115591 0.343519 0.036657 0.050000
1 0.130987 0.318056 0.029326 0.026852
0 0.046432 0.590278 0.091887 0.250926
1 0.104839 0.902778 0.039589 0.098148
1 0.134897 0.982407 0.038123 0.033333
1 0.142229 0.966204 0.012708 0.023148
0 0.021505 0.856944 0.043011 0.284259
0 0.046921 0.741204 0.093842 0.267593
1 0.273460 0.789352 0.014174 0.032407
1 0.328935 0.875000 0.026393 0.068519
1 0.287634 0.927778 0.062072 0.077778
1 0.356794 0.128241 0.021505 0.034259
1 0.378055 0.269444 0.025904 0.053704
1 0.374145 0.624074 0.029814 0.062963
1 0.509531 0.624537 0.021994 0.037963
1 0.541544 0.814815 0.029326 0.055556
1 0.444770 0.756019 0.017595 0.025000
1 0.467742 0.832870 0.018573 0.041667
1 0.344819 0.925463 0.012219 0.043519
1 0.342131 0.887963 0.020528 0.027778
1 0.465298 0.908796 0.045943 0.082407
1 0.482405 0.986111 0.038123 0.024074
1 0.558407 0.937963 0.016129 0.048148
1 0.591642 0.771759 0.019062 0.034259
1 0.596530 0.948611 0.014174 0.032407
1 0.619501 0.786111 0.014174 0.029630
1 0.671554 0.574537 0.028348 0.056481
1 0.603128 0.487500 0.018573 0.034259
1 0.650293 0.079630 0.018084 0.035185
1 0.499267 0.083333 0.021994 0.033333
0 0.593842 0.066204 0.191593 0.132407
1 0.731183 0.098611 0.006843 0.037963
0 0.615836 0.173148 0.152493 0.120370
0 0.584066 0.311111 0.119257 0.359259
0 0.589443 0.531481 0.178886 0.200000
0 0.597019 0.624537 0.116813 0.217593
1 0.658602 0.448148 0.017107 0.029630
1 0.793500 0.504167 0.024927 0.032407
1 0.836510 0.495833 0.016129 0.026852
1 0.874145 0.454167 0.034702 0.047222
1 0.843597 0.739815 0.020528 0.072222
1 0.828446 0.653241 0.013685 0.021296
1 0.893451 0.691667 0.035191 0.035185
1 0.958456 0.828704 0.016618 0.057407
1 0.875855 0.810648 0.013685 0.013889
1 0.929863 0.872685 0.010264 0.043519
1 0.922043 0.981481 0.018084 0.033333
1 0.954545 0.394444 0.026393 0.042593
1 0.858016 0.295833 0.024927 0.034259
1 0.921065 0.325000 0.018084 0.027778
1 0.884897 0.175463 0.042522 0.086111
1 0.928641 0.171296 0.024438 0.022222