1 0.042522 0.051852 0.017595 0.038889
1 0.016129 0.014352 0.019550 0.028704
1 0.034213 0.008796 0.015640 0.017593
1 0.099951 0.308333 0.020039 0.018519
1 0.127566 0.373148 0.028348 0.044444
1 0.143451 0.433333 0.018084 0.040741
1 0.169599 0.434722 0.016618 0.028704
1 0.092620 0.654167 0.010264 0.028704
1 0.057918 0.674074 0.008309 0.038889
1 0.039345 0.632407 0.009286 0.016667
1 0.041789 0.677778 0.021994 0.022222
1 0.038856 0.691204 0.019062 0.012037
1 0.076491 0.731944 0.023949 0.043519
1 0.074536 0.750463 0.025904 0.023148
1 0.044233 0.818519 0.028837 0.044444
1 0.099218 0.710185 0.010753 0.025926
1 0.119990 0.731019 0.021017 0.049074
1 0.014174 0.977315 0.016618 0.026852
1 0.006109 0.990278 0.008309 0.017593
1 0.175953 0.973611 0.013685 0.037963
1 0.177175 0.950926 0.016129 0.018519
1 0.130499 0.844444 0.015640 0.029630
1 0.204301 0.767593 0.024438 0.025926
1 0.175464 0.569907 0.018573 0.056481
1 0.190860 0.600000 0.008309 0.016667
1 0.167400 0.255093 0.022972 0.041667
1 0.066716 0.773611 0.017107 0.017593
1 0.306452 0.174074 0.049853 0.116667
1 0.370235 0.247222 0.016129 0.025926
1 0.267351 0.383333 0.026393 0.038889
1 0.275904 0.370833 0.040567 0.112037
1 0.323803 0.895833 0.068915 0.078704
1 0.360215 0.963426 0.021505 0.047222
1 0.399804 0.880093 0.026393 0.047222
1 0.423021 0.201852 0.015152 0.046296
1 0.404448 0.117130 0.036657 0.091667
1 0.453324 0.082407 0.019062 0.016667
1 0.489980 0.943056 0.031769 0.112037
1 0.553763 0.982407 0.033236 0.033333
1 0.497801 0.750926 0.019062 0.040741
0 0.509042 0.785185 0.070870 0.107407
0 0.553275 0.826852 0.067449 0.253704
1 0.480205 0.621296 0.035679 0.087037
0 0.551808 0.576852 0.095797 0.168519
1 0.601662 0.541204 0.044966 0.089815
1 0.561584 0.465741 0.061584 0.100000
0 0.565005 0.352778 0.101662 0.220370
1 0.498289 0.285185 0.037634 0.025926
0 0.538856 0.125463 0.119746 0.191667
1 0.584555 0.987500 0.020528 0.023148
1 0.646383 0.766204 0.018084 0.032407
1 0.663978 0.942130 0.034702 0.100926
1 0.682307 0.954167 0.019550 0.019444
1 0.684751 0.631944 0.011730 0.043519
1 0.704301 0.615278 0.017595 0.065741
1 0.704057 0.237500 0.018084 0.050926
1 0.688661 0.040741 0.070381 0.081481
1 0.669110 0.040741 0.033236 0.046296
1 0.749756 0.879630 0.015640 0.033333
1 0.824780 0.973148 0.026882 0.048148
1 0.787634 0.440741 0.020039 0.025926
1 0.800098 0.469444 0.039101 0.046296
1 0.804741 0.428241 0.016129 0.041667
1 0.828690 0.425000 0.032747 0.098148
1 0.867791 0.422685 0.036657 0.063889
1 0.834800 0.299074 0.024438 0.098148
1 0.903715 0.379167 0.043011 0.062037
1 0.913734 0.111574 0.026882 0.043519
1 0.953812 0.092593 0.027859 0.088889
1 0.969453 0.035185 0.022972 0.035185
1 0.889296 0.057870 0.029814 0.058333
1 0.917155 0.056944 0.040567 0.050926
1 0.926197 0.034259 0.024438 0.037037
0 0.993157 0.347685 0.011730 0.082407
0 0.982893 0.468519 0.033236 0.098148
1 0.919599 0.479167 0.040567 0.086111
0 0.986804 0.568519 0.024438 0.116667
0 0.973851 0.760185 0.050342 0.216667
0 0.980450 0.912963 0.037146 0.124074
1 0.931818 0.866667 0.033724 0.066667
1 0.887341 0.934722 0.017107 0.032407
1 0.917155 0.956944 0.018084 0.025000
1 0.390274 0.651389 0.015152 0.028704