1 0.135630 0.237963 0.055230 0.101852
0 0.238759 0.227778 0.070870 0.140741
0 0.276149 0.368981 0.115347 0.173148
1 0.282991 0.278704 0.019550 0.020370
0 0.273460 0.106019 0.041544 0.110185
0 0.257576 0.021759 0.068426 0.037963
0 0.320381 0.527315 0.099218 0.108333
1 0.282014 0.662037 0.052786 0.151852
1 0.326735 0.759722 0.041544 0.071296
0 0.266862 0.845370 0.140762 0.118519
0 0.263441 0.950463 0.031281 0.084259
0 0.223363 0.942130 0.040078 0.110185
1 0.292522 0.192593 0.026882 0.035185
1 0.553763 0.609259 0.043011 0.081481
1 0.514907 0.887037 0.036657 0.048148
1 0.506109 0.808333 0.042522 0.066667
1 0.575024 0.793519 0.027859 0.046296
1 0.621701 0.645370 0.034213 0.040741
1 0.664223 0.602315 0.038123 0.067593
1 0.672776 0.695370 0.034702 0.070370
1 0.716276 0.728241 0.031769 0.041667
1 0.747067 0.826852 0.041544 0.098148
1 0.844086 0.872685 0.058651 0.076852
1 0.821603 0.804630 0.020528 0.050000
0 0.781281 0.734722 0.121701 0.191667
0 0.758798 0.579167 0.139296 0.180556
1 0.852395 0.685185 0.031281 0.044444
1 0.937439 0.820370 0.048876 0.112963
1 0.985826 0.859722 0.022483 0.060185
1 0.973851 0.981019 0.027859 0.032407
1 0.981427 0.590278 0.031281 0.071296
1 0.818671 0.493519 0.041056 0.053704
1 0.791544 0.506944 0.027859 0.052778
1 0.705279 0.463889 0.043988 0.068519
1 0.723363 0.520833 0.033236 0.037963
1 0.746090 0.487037 0.021017 0.044444
1 0.603128 0.439352 0.030303 0.067593
1 0.589687 0.346296 0.042522 0.057407
1 0.628055 0.340278 0.034213 0.063889
1 0.697458 0.318519 0.028348 0.050000
1 0.723363 0.344907 0.026393 0.041667
1 0.555963 0.503704 0.052297 0.103704
1 0.510753 0.538426 0.034213 0.045370
1 0.450147 0.387500 0.040078 0.065741
1 0.420332 0.452778 0.026393 0.064815
1 0.381720 0.448611 0.031281 0.086111
1 0.497801 0.182407 0.040567 0.103704
1 0.528837 0.232407 0.027370 0.033333
1 0.575758 0.093056 0.031281 0.058333
1 0.538123 0.128241 0.018573 0.043519
1 0.630743 0.400926 0.027859 0.038889
1 0.706012 0.407407 0.026882 0.025926
1 0.326002 0.533333 0.024438 0.031481
0 0.778104 0.338426 0.112414 0.213889
1 0.862170 0.395833 0.028348 0.073148
0 0.782502 0.168981 0.154448 0.204630
0 0.789589 0.064815 0.128543 0.127778
1 0.956256 0.039352 0.034702 0.073148
1 0.963343 0.210648 0.048876 0.130556
1 0.907869 0.382407 0.035679 0.068519
1 0.899560 0.128241 0.027859 0.036111
1 0.956012 0.373148 0.025415 0.046296
1 0.985337 0.453704 0.023460 0.057407
1 0.986559 0.497222 0.014174 0.033333
1 0.986559 0.759722 0.021017 0.039815
1 0.716764 0.033796 0.021017 0.039815
1 0.665934 0.138426 0.029814 0.032407
1 0.415689 0.078704 0.033724 0.050000
1 0.409824 0.149537 0.021994 0.041667
1 0.571848 0.273611 0.027370 0.030556
1 0.212121 0.681481 0.033236 0.042593