0 0.442326 0.442593 0.126100 0.248148
0 0.430841 0.298611 0.092375 0.150926
0 0.430841 0.083796 0.194037 0.167593
1 0.258798 0.406481 0.106061 0.174074
1 0.215054 0.184259 0.090909 0.174074
1 0.129032 0.113426 0.190616 0.226852
1 0.299120 0.300926 0.049853 0.062963
1 0.179130 0.467593 0.048387 0.105556
1 0.093353 0.391204 0.076246 0.125000
1 0.022972 0.160185 0.043011 0.103704
1 0.044233 0.106481 0.021017 0.057407
1 0.026393 0.434722 0.031281 0.086111
1 0.060117 0.763889 0.061584 0.079630
1 0.020772 0.571759 0.040567 0.076852
1 0.224585 0.631019 0.032747 0.067593
1 0.275171 0.584722 0.044966 0.095370
1 0.304741 0.734259 0.051320 0.120370
1 0.232405 0.805093 0.034702 0.112037
1 0.243891 0.512963 0.038123 0.044444
1 0.078201 0.912500 0.035191 0.050926
1 0.349218 0.340741 0.026882 0.050000
1 0.508553 0.498611 0.042522 0.063889
1 0.282014 0.024074 0.041056 0.046296
1 0.452102 0.542130 0.067449 0.162037
1 0.471652 0.652778 0.025415 0.068519
1 0.611681 0.266667 0.057185 0.092593
1 0.470186 0.741204 0.015640 0.067593
1 0.609726 0.852315 0.028837 0.056481
1 0.688416 0.479167 0.057185 0.093519
1 0.738514 0.671759 0.026393 0.062037
1 0.759775 0.787963 0.046432 0.105556
1 0.774438 0.509259 0.021994 0.044444
1 0.898338 0.350463 0.048876 0.062037
1 0.827957 0.659722 0.024438 0.050926
1 0.679619 0.680556 0.014174 0.053704
1 0.662757 0.171296 0.031281 0.068519
1 0.618035 0.066667 0.022972 0.096296
1 0.740714 0.035648 0.054252 0.052778
1 0.821603 0.259722 0.023460 0.063889
1 0.930841 0.273611 0.032747 0.056481
1 0.727517 0.161574 0.011241 0.030556
1 0.640274 0.486111 0.016618 0.033333
0 0.433773 0.975000 0.076735 0.048148
1 0.429619 0.739815 0.026393 0.048148
1 0.734848 0.371296 0.017107 0.037037
1 0.386608 0.529630 0.039101 0.044444