1 0.432307 0.988426 0.040567 0.021296
0 0.492669 0.978704 0.054741 0.040741
1 0.273949 0.961574 0.014174 0.015741
1 0.289101 0.971296 0.027859 0.048148
1 0.482649 0.944907 0.021017 0.028704
1 0.331134 0.926389 0.013196 0.034259
1 0.813294 0.886111 0.017595 0.048148
1 0.146139 0.856944 0.024438 0.084259
1 0.489736 0.812963 0.010753 0.018519
1 0.711144 0.759259 0.009775 0.031481
0 0.433773 0.821759 0.102151 0.319444
1 0.422532 0.539352 0.011241 0.012037
1 0.728739 0.523148 0.028348 0.055556
1 0.677908 0.505093 0.008798 0.025000
1 0.250733 0.478704 0.010753 0.018519
0 0.010997 0.497222 0.021994 0.074074
0 0.477273 0.570833 0.074780 0.299074
1 0.532014 0.390741 0.026882 0.055556
1 0.929863 0.402315 0.020039 0.028704
1 0.243157 0.401852 0.016129 0.038889
1 0.991447 0.374537 0.010264 0.025000
1 0.737781 0.198148 0.008309 0.022222
1 0.131965 0.214815 0.036168 0.055556
1 0.390274 0.201852 0.049365 0.050000
1 0.781281 0.196296 0.021994 0.057407
1 0.575024 0.162500 0.010264 0.021296
1 0.846041 0.161574 0.013685 0.017593
1 0.968475 0.125926 0.009286 0.022222
1 0.603617 0.078241 0.042033 0.045370
1 0.548143 0.061111 0.024927 0.025926
0 0.010753 0.056019 0.021505 0.104630
1 0.097019 0.836574 0.058162 0.125000
1 0.058162 0.930556 0.055718 0.131481
0 0.497556 0.101852 0.110459 0.203704
0 0.451124 0.162963 0.063539 0.192593
0 0.484360 0.288889 0.133920 0.155556
1 0.432307 0.401852 0.116813 0.135185
1 0.804985 0.355093 0.027370 0.052778
1 0.842131 0.343981 0.018573 0.054630
1 0.959922 0.254167 0.078201 0.191667