0 0.248289 0.293519 0.189638 0.438889
0 0.250733 0.076389 0.149560 0.152778
1 0.261486 0.015741 0.023460 0.031481
0 0.300831 0.018981 0.044477 0.034259
1 0.357283 0.029167 0.057674 0.058333
1 0.349462 0.292593 0.032258 0.122222
1 0.387341 0.194444 0.048387 0.064815
1 0.447458 0.185185 0.059140 0.125926
1 0.503666 0.039815 0.039589 0.079630
1 0.429130 0.371759 0.088954 0.093519
1 0.388074 0.514352 0.038123 0.137963
1 0.406403 0.575463 0.062072 0.086111
1 0.205767 0.658333 0.023460 0.048148
1 0.251466 0.676389 0.025904 0.034259
1 0.485093 0.444907 0.049365 0.060185
1 0.519550 0.406481 0.055718 0.120370
1 0.521017 0.484722 0.044966 0.089815
1 0.508065 0.578704 0.060117 0.150000
1 0.674487 0.092130 0.079179 0.147222
0 0.779081 0.058796 0.111437 0.117593
0 0.799365 0.229167 0.146139 0.339815
0 0.772483 0.490278 0.101173 0.236111
1 0.593109 0.440278 0.082600 0.202778
1 0.652981 0.553241 0.026393 0.108333
1 0.640762 0.500926 0.029326 0.072222
1 0.549609 0.650463 0.057185 0.089815
1 0.891251 0.026389 0.045455 0.050926
1 0.944770 0.199537 0.043011 0.071296
1 0.917644 0.456481 0.079668 0.331481
1 0.898583 0.252778 0.044477 0.090741
1 0.988759 0.243056 0.020528 0.093519
1 0.956256 0.524537 0.025904 0.067593
1 0.979228 0.438889 0.037634 0.055556
1 0.914956 0.639815 0.040078 0.085185
0 0.249022 0.926389 0.180352 0.137963
0 0.239247 0.825000 0.073803 0.133333
1 0.305718 0.843981 0.042522 0.110185
1 0.273460 0.737037 0.059140 0.070370
1 0.453324 0.908796 0.073803 0.121296
1 0.518084 0.758796 0.178886 0.154630
0 0.768817 0.744444 0.153470 0.405556
1 0.632698 0.847222 0.031769 0.057407
1 0.690371 0.761111 0.055230 0.109259
1 0.868524 0.802778 0.035191 0.107407
1 0.976051 0.756944 0.038123 0.139815
1 0.948436 0.905556 0.078690 0.166667