1 0.466031 0.034722 0.029814 0.060185
1 0.460899 0.105093 0.043011 0.060185
1 0.489492 0.196296 0.069892 0.101852
1 0.536901 0.032870 0.044477 0.063889
1 0.565005 0.153241 0.030303 0.054630
1 0.500489 0.337037 0.112414 0.188889
1 0.524194 0.219907 0.037634 0.054630
1 0.433040 0.312963 0.033236 0.048148
1 0.370723 0.351852 0.058162 0.103704
1 0.413978 0.394907 0.030303 0.087963
1 0.378543 0.417593 0.035679 0.051852
1 0.364858 0.470370 0.034702 0.042593
1 0.444037 0.440741 0.019062 0.057407
1 0.467253 0.502315 0.040078 0.097222
1 0.519550 0.537500 0.039101 0.056481
1 0.533969 0.450463 0.047410 0.073148
1 0.532258 0.395370 0.028348 0.042593
1 0.573069 0.504630 0.021017 0.044444
1 0.635142 0.388889 0.098240 0.174074
1 0.652493 0.285648 0.034213 0.050926
1 0.693793 0.222685 0.051320 0.084259
1 0.629277 0.568056 0.040567 0.084259
1 0.542278 0.647222 0.038612 0.092593
1 0.588465 0.631944 0.054741 0.056481
1 0.533969 0.805093 0.064027 0.134259
1 0.578935 0.867593 0.039589 0.087037
1 0.644673 0.859722 0.025415 0.050926
1 0.670088 0.535185 0.031281 0.057407
1 0.697703 0.631019 0.035679 0.067593
1 0.720430 0.741204 0.045943 0.095370
0 0.780303 0.818056 0.079668 0.156481
0 0.757576 0.916667 0.155425 0.161111
1 0.828446 0.927315 0.032258 0.039815
1 0.875611 0.803704 0.050342 0.057407
1 0.870479 0.874537 0.023460 0.052778
1 0.789834 0.732407 0.048876 0.059259
1 0.675709 0.854630 0.033724 0.057407
0 0.795943 0.570370 0.185239 0.242593
1 0.880254 0.652778 0.082111 0.183333
1 0.962121 0.666667 0.048387 0.120370
1 0.919599 0.457407 0.108016 0.112963
1 0.893939 0.385648 0.035191 0.047222
1 0.981183 0.359259 0.023949 0.092593
1 0.983138 0.219444 0.027859 0.077778
1 0.946481 0.130556 0.033724 0.053704
1 0.890274 0.213889 0.046432 0.114815
0 0.799853 0.192130 0.143206 0.382407
1 0.728495 0.042130 0.039589 0.084259
1 0.990225 0.125000 0.012708 0.050000
1 0.623412 0.134722 0.023949 0.049074
1 0.192082 0.043056 0.037146 0.063889
0 0.281036 0.041204 0.179863 0.076852
1 0.357527 0.085185 0.031769 0.046296
0 0.256354 0.189352 0.180352 0.180556
1 0.300587 0.305093 0.043011 0.063889
0 0.253421 0.436111 0.127566 0.272222
1 0.181329 0.547222 0.042033 0.072222
1 0.195503 0.717130 0.043988 0.032407
1 0.272239 0.717593 0.039101 0.061111
1 0.319648 0.678241 0.023460 0.052778
1 0.336510 0.662037 0.023949 0.077778
1 0.362170 0.656019 0.026393 0.084259
1 0.396872 0.558796 0.049853 0.054630
1 0.405181 0.621296 0.049853 0.083333
1 0.423754 0.670833 0.059629 0.134259
1 0.470674 0.733333 0.057674 0.144444
1 0.464809 0.576389 0.039101 0.050926
1 0.435239 0.946759 0.059140 0.087963
1 0.430841 0.838426 0.021994 0.052778
0 0.250000 0.852315 0.134409 0.282407
1 0.180841 0.841667 0.031281 0.057407
1 0.168622 0.959722 0.032258 0.052778
1 0.101173 0.770370 0.055718 0.070370
1 0.064761 0.620370 0.050342 0.068519
1 0.055718 0.775000 0.034213 0.053704
1 0.144428 0.219444 0.039589 0.077778
1 0.089932 0.076389 0.032258 0.054630
1 0.134897 0.401389 0.037146 0.062037
1 0.041789 0.923611 0.028837 0.028704
1 0.094330 0.508333 0.035191 0.059259
1 0.082845 0.233333 0.032747 0.057407
0 0.224340 0.619907 0.155425 0.115741
1 0.675464 0.322222 0.031281 0.048148
1 0.711144 0.824537 0.025415 0.045370
1 0.613148 0.797685 0.033724 0.052778
1 0.663001 0.776389 0.033724 0.037963
1 0.945992 0.276852 0.043500 0.046296
1 0.941105 0.347685 0.066960 0.100926
1 0.860215 0.248148 0.035191 0.075926
1 0.829423 0.237037 0.042033 0.075926
1 0.009042 0.114815 0.017107 0.064815
1 0.034213 0.150926 0.029326 0.068519