1 0.014663 0.909259 0.029326 0.033333
1 0.912757 0.607870 0.021994 0.034259
1 0.259286 0.480093 0.010264 0.025000
1 0.610459 0.456944 0.027370 0.067593
1 0.631476 0.353704 0.028348 0.046296
1 0.190616 0.331019 0.031281 0.045370
1 0.987048 0.310648 0.024927 0.049074
1 0.032014 0.066667 0.064027 0.133333
1 0.052786 0.907407 0.023460 0.061111
1 0.089687 0.851389 0.055230 0.058333
1 0.634897 0.839815 0.024438 0.050000
0 0.554741 0.795370 0.218964 0.405556
0 0.417400 0.726852 0.304008 0.512963
0 0.382209 0.381019 0.392962 0.682407
0 0.485582 0.097685 0.206745 0.195370
1 0.382942 0.013426 0.009286 0.017593
1 0.384409 0.054630 0.009286 0.011111
1 0.452835 0.398148 0.017107 0.038889