1 0.200880 0.225463 0.026393 0.067593
1 0.238025 0.234722 0.026393 0.047222
0 0.265640 0.050000 0.179374 0.100000
1 0.387586 0.012500 0.026393 0.025000
1 0.332111 0.211111 0.019062 0.040741
1 0.245112 0.160648 0.026882 0.039815
1 0.318426 0.467593 0.015152 0.031481
0 0.266862 0.436574 0.097752 0.175000
0 0.230938 0.659259 0.124633 0.322222
1 0.320137 0.823148 0.021505 0.033333
1 0.311339 0.849074 0.017595 0.044444
1 0.381476 0.865741 0.025904 0.053704
0 0.234115 0.851389 0.147605 0.293519
1 0.316471 0.925000 0.039589 0.038889
1 0.434262 0.381944 0.011241 0.013889
1 0.466031 0.436574 0.018084 0.021296
1 0.507576 0.422222 0.022972 0.057407
1 0.496090 0.429630 0.021505 0.031481
1 0.510997 0.476852 0.018084 0.035185
1 0.420332 0.626852 0.031281 0.057407
1 0.464809 0.591667 0.023460 0.048148
1 0.459677 0.635185 0.022972 0.050000
1 0.537879 0.593519 0.017107 0.038889
1 0.437439 0.948611 0.038123 0.097222
1 0.543988 0.894444 0.031281 0.059259
1 0.528837 0.863426 0.026393 0.049074
1 0.549609 0.822222 0.018084 0.042593
1 0.560850 0.837500 0.029814 0.047222
1 0.498045 0.555093 0.031281 0.045370
1 0.508309 0.559722 0.011730 0.063889
1 0.550342 0.537500 0.012708 0.052778
1 0.563050 0.542130 0.024438 0.063889
1 0.540323 0.441667 0.026882 0.038889
1 0.568426 0.405556 0.021505 0.038889
1 0.546676 0.412037 0.022972 0.044444
1 0.549609 0.366204 0.021994 0.028704
1 0.559140 0.308796 0.035191 0.047222
1 0.606305 0.339815 0.032747 0.053704
1 0.576735 0.348611 0.011730 0.023148
1 0.521994 0.399074 0.022483 0.029630
1 0.576491 0.706481 0.021017 0.024074
1 0.561095 0.676389 0.018573 0.028704
1 0.576735 0.728704 0.012708 0.035185
1 0.666178 0.748148 0.019550 0.044444
1 0.671065 0.704167 0.018573 0.025000
1 0.650293 0.672222 0.013196 0.037037
1 0.639785 0.577778 0.007820 0.038889
1 0.564761 0.219907 0.025904 0.047222
1 0.588221 0.217593 0.021017 0.040741
1 0.576002 0.187500 0.021017 0.034259
1 0.602884 0.178704 0.026882 0.051852
1 0.604350 0.149537 0.013196 0.026852
1 0.595797 0.144907 0.018573 0.028704
1 0.555474 0.134722 0.033724 0.058333
1 0.570626 0.086111 0.035679 0.035185
1 0.585044 0.091667 0.012708 0.068519
1 0.576491 0.014815 0.025904 0.029630
1 0.591642 0.015741 0.013196 0.031481
1 0.613148 0.080093 0.031769 0.089815
1 0.648827 0.915741 0.019062 0.040741
1 0.913245 0.020370 0.021994 0.040741
1 0.927908 0.012037 0.018084 0.024074
1 0.937928 0.060648 0.019550 0.049074
1 0.973851 0.027315 0.018084 0.025000
1 0.975562 0.051852 0.023460 0.050000
1 0.878299 0.178241 0.021505 0.045370
1 0.887097 0.168056 0.016618 0.037963
1 0.940616 0.138426 0.014174 0.019444
1 0.950880 0.124074 0.016129 0.022222
1 0.989492 0.118519 0.016129 0.033333
1 0.953324 0.178704 0.022972 0.037037
1 0.927664 0.200000 0.022483 0.042593
1 0.950880 0.226852 0.019062 0.037037
1 0.977761 0.204167 0.010264 0.025000
1 0.966764 0.303241 0.015640 0.025000
1 0.978495 0.332870 0.014663 0.023148
1 0.861926 0.225926 0.020039 0.035185
1 0.856549 0.350000 0.026882 0.042593
1 0.845064 0.375000 0.030303 0.042593
1 0.938416 0.377778 0.025415 0.040741
1 0.933284 0.399537 0.022972 0.034259
1 0.911779 0.423148 0.013196 0.031481
1 0.945259 0.542130 0.025415 0.052778
1 0.971163 0.517593 0.018573 0.033333
1 0.982405 0.563889 0.017595 0.029630
1 0.968964 0.581944 0.028837 0.054630
1 0.970186 0.679167 0.031281 0.050926
1 0.961144 0.785185 0.022972 0.037037
1 0.886364 0.770370 0.037634 0.051852
1 0.822092 0.744444 0.041056 0.068519
1 0.843842 0.793519 0.012219 0.011111
1 0.839198 0.764815 0.026393 0.051852
1 0.924487 0.882870 0.018084 0.039815
1 0.931818 0.890741 0.020039 0.068519
1 0.930841 0.924537 0.024927 0.060185
1 0.957234 0.887963 0.016129 0.031481
1 0.958944 0.979630 0.012708 0.035185
1 0.945748 0.918056 0.016618 0.028704
1 0.970674 0.846759 0.033236 0.056481
1 0.976540 0.855093 0.045943 0.106481
1 0.972385 0.910185 0.020039 0.035185
1 0.036657 0.870833 0.020528 0.050926
1 0.069892 0.918519 0.017595 0.057407
1 0.701124 0.374074 0.010264 0.020370
1 0.694282 0.355556 0.012219 0.025926
1 0.719208 0.363889 0.036657 0.070370
0 0.782991 0.893519 0.106549 0.159259
0 0.756354 0.762500 0.142229 0.210185
1 0.708211 0.533333 0.011730 0.016667
1 0.728983 0.412963 0.017107 0.035185
0 0.744624 0.614815 0.081623 0.151852
0 0.772239 0.514815 0.121212 0.307407
0 0.767351 0.047685 0.116325 0.093519
0 0.746334 0.312037 0.120235 0.131481
0 0.761730 0.150463 0.138319 0.284259