1 0.334311 0.989815 0.007820 0.018519
1 0.643695 0.864352 0.027370 0.060185
1 0.528104 0.694907 0.018084 0.028704
1 0.644673 0.614815 0.007820 0.031481
1 0.535191 0.552778 0.012708 0.014815
1 0.338221 0.517593 0.009775 0.022222
1 0.566716 0.525000 0.032747 0.046296
1 0.617546 0.522222 0.032747 0.059259
1 0.290567 0.479167 0.014174 0.025000
1 0.706256 0.444444 0.016618 0.055556
1 0.681329 0.375000 0.045943 0.042593
1 0.753910 0.326852 0.020039 0.035185
1 0.959677 0.038889 0.027859 0.074074
1 0.122190 0.064815 0.026393 0.031481
1 0.108504 0.104630 0.031281 0.051852
1 0.138319 0.258796 0.019550 0.030556
1 0.137830 0.346759 0.023460 0.039815
1 0.146628 0.388426 0.044966 0.067593
1 0.063783 0.311111 0.014174 0.037037
1 0.094330 0.726389 0.073314 0.091667
1 0.012952 0.362500 0.025904 0.030556
1 0.002688 0.865278 0.005376 0.030556
1 0.005621 0.899537 0.011241 0.013889
1 0.004399 0.928241 0.008798 0.010185
1 0.069159 0.919444 0.021017 0.029630
1 0.140029 0.961574 0.021994 0.037963
1 0.179130 0.788426 0.006354 0.030556
1 0.177419 0.704630 0.019550 0.050000
1 0.155670 0.856481 0.019062 0.046296
1 0.213343 0.037037 0.036657 0.050000
1 0.273949 0.005093 0.023949 0.010185
1 0.336999 0.116667 0.015152 0.031481
0 0.279814 0.144444 0.135386 0.185185
1 0.326002 0.183333 0.022483 0.040741
1 0.346774 0.226389 0.031769 0.034259
1 0.383920 0.306481 0.032747 0.040741
1 0.340420 0.394444 0.040567 0.070370
1 0.316960 0.412500 0.016129 0.036111
0 0.260508 0.310648 0.091887 0.228704
1 0.216520 0.627778 0.020528 0.044444
0 0.269550 0.508796 0.094330 0.184259
1 0.250244 0.739352 0.043011 0.062037
0 0.245112 0.645370 0.059140 0.159259
1 0.192815 0.973611 0.022972 0.032407
0 0.237537 0.893981 0.065494 0.210185
1 0.287390 0.979630 0.029326 0.038889
1 0.364125 0.901389 0.016618 0.041667
1 0.318671 0.906481 0.042033 0.120370
1 0.338954 0.775000 0.033724 0.031481
1 0.363392 0.818056 0.033724 0.071296
1 0.315982 0.769444 0.030792 0.042593
1 0.327224 0.818981 0.035679 0.067593
1 0.318182 0.978704 0.027370 0.040741
1 0.378543 0.622685 0.032747 0.062037
1 0.357038 0.687963 0.069892 0.103704
1 0.397849 0.661111 0.014663 0.061111
1 0.432063 0.681944 0.026393 0.036111
1 0.498778 0.661111 0.022972 0.031481
1 0.436217 0.756019 0.028837 0.043519
1 0.436950 0.789352 0.039101 0.069444
1 0.414467 0.904630 0.044966 0.072222
1 0.443304 0.848611 0.032258 0.063889
1 0.482649 0.871759 0.026882 0.075000
1 0.451369 0.948611 0.029814 0.073148
1 0.524682 0.886574 0.022972 0.075000
1 0.470674 0.930093 0.033236 0.058333
1 0.507087 0.929167 0.024927 0.037963
1 0.525415 0.950926 0.038123 0.075926
1 0.545943 0.910185 0.016618 0.037037
1 0.563539 0.930556 0.031281 0.042593
1 0.568426 0.690278 0.043988 0.113889
1 0.409335 0.538426 0.013196 0.071296
1 0.402004 0.462500 0.021994 0.028704
1 0.450147 0.447685 0.042033 0.050926
1 0.474829 0.424537 0.014174 0.028704
1 0.475073 0.481019 0.055718 0.125000
1 0.460411 0.563426 0.028348 0.041667
1 0.468964 0.517130 0.031769 0.075000
1 0.395894 0.050463 0.037146 0.050926
1 0.466276 0.024537 0.037146 0.049074
1 0.470430 0.148611 0.018084 0.062037
1 0.460166 0.255556 0.038612 0.050000
1 0.443548 0.328241 0.015152 0.028704
1 0.488270 0.203704 0.021505 0.022222
1 0.507820 0.331944 0.076246 0.119444
1 0.540811 0.437963 0.021017 0.033333
1 0.543011 0.382870 0.047898 0.062037
1 0.662512 0.023611 0.025904 0.045370
1 0.545455 0.161111 0.030303 0.064815
1 0.579668 0.214352 0.026393 0.037963
1 0.561339 0.283796 0.017107 0.052778
1 0.577224 0.303241 0.025415 0.050926
1 0.673265 0.892130 0.035679 0.073148
1 0.632209 0.923148 0.023949 0.050000
1 0.723363 0.858333 0.032258 0.048148
1 0.732893 0.825926 0.023949 0.038889
1 0.652737 0.765741 0.017107 0.033333
1 0.673754 0.716667 0.023949 0.050000
1 0.590665 0.632407 0.027859 0.033333
1 0.605572 0.629167 0.018573 0.047222
1 0.538612 0.487037 0.039101 0.081481
1 0.586510 0.551852 0.019550 0.075926
1 0.563539 0.562037 0.016618 0.037037
0 0.802053 0.852778 0.086999 0.177778
1 0.819648 0.705093 0.032258 0.084259
1 0.844819 0.709722 0.040567 0.071296
1 0.858260 0.758333 0.025415 0.033333
1 0.728983 0.643519 0.035679 0.048148
1 0.762952 0.576389 0.031281 0.065741
1 0.733871 0.725000 0.021994 0.027778
0 0.762952 0.720833 0.111437 0.241667
1 0.691838 0.569907 0.020039 0.025000
1 0.708944 0.541204 0.044477 0.084259
1 0.728983 0.560185 0.022972 0.061111
1 0.673998 0.452778 0.024438 0.037037
1 0.755376 0.450000 0.018084 0.064815
1 0.776149 0.437500 0.028348 0.058333
1 0.774927 0.370370 0.033724 0.035185
1 0.784213 0.390278 0.022972 0.028704
1 0.811339 0.435648 0.062561 0.084259
1 0.782747 0.318056 0.016129 0.034259
1 0.793988 0.306944 0.020039 0.056481
1 0.832845 0.310648 0.036168 0.047222
1 0.837732 0.254630 0.043988 0.077778
1 0.857771 0.332407 0.023460 0.037037
1 0.787390 0.204167 0.032258 0.056481
1 0.711144 0.182870 0.049853 0.130556
0 0.773949 0.209259 0.102151 0.200000
1 0.757331 0.062037 0.017107 0.037037
1 0.720674 0.096759 0.015152 0.028704
1 0.755621 0.100463 0.025415 0.026852
1 0.815982 0.118056 0.032747 0.075000
1 0.826979 0.077315 0.021505 0.032407
1 0.753421 0.045833 0.018084 0.026852
0 0.779570 0.022685 0.053763 0.045370
1 0.783480 0.057870 0.051808 0.071296
1 0.809873 0.041204 0.039101 0.052778
1 0.850684 0.038426 0.036657 0.076852
1 0.913001 0.964352 0.038123 0.069444
1 0.933040 0.977315 0.018573 0.041667
1 0.965787 0.942593 0.013685 0.050000
1 0.921310 0.883796 0.047898 0.069444
1 0.949413 0.782407 0.044477 0.064815
1 0.987292 0.763889 0.023460 0.061111
1 0.859482 0.573611 0.038612 0.084259
1 0.907869 0.549537 0.012219 0.039815
1 0.890762 0.643056 0.034702 0.052778
1 0.936706 0.626852 0.027859 0.050000
1 0.932307 0.655556 0.027859 0.051852
1 0.978006 0.624074 0.007820 0.040741
1 0.919355 0.722222 0.049853 0.105556
1 0.968475 0.482407 0.023949 0.040741
1 0.990225 0.495833 0.018573 0.075000
1 0.903226 0.348611 0.022483 0.023148
1 0.909824 0.378704 0.022972 0.059259
1 0.922287 0.415278 0.040078 0.093519
1 0.945503 0.352315 0.016129 0.026852
1 0.930352 0.294907 0.040567 0.076852
1 0.930108 0.221296 0.044966 0.092593
1 0.955523 0.202315 0.013685 0.032407
1 0.899560 0.233796 0.005376 0.019444
1 0.978250 0.360185 0.025904 0.068519
1 0.990225 0.352315 0.018573 0.058333
1 0.987537 0.287500 0.023949 0.054630
1 0.993646 0.234722 0.010753 0.025000
1 0.879032 0.038426 0.018084 0.037963
1 0.869013 0.084259 0.005865 0.040741
1 0.899804 0.102315 0.025415 0.049074
1 0.927175 0.119444 0.035191 0.075926
1 0.907625 0.036574 0.043988 0.071296
1 0.928641 0.091204 0.012708 0.047222
1 0.987537 0.038889 0.023949 0.077778
1 0.977028 0.113426 0.043988 0.082407
1 0.990225 0.150000 0.015640 0.029630
1 0.989003 0.186111 0.021017 0.070370