0 0.576246 0.673148 0.234604 0.212963
1 0.605816 0.777778 0.035679 0.072222
1 0.445992 0.882407 0.023949 0.083333
1 0.429863 0.753241 0.030792 0.063889
0 0.558651 0.326389 0.210166 0.549074
1 0.670332 0.308333 0.016129 0.018519
1 0.504643 0.291204 0.057185 0.073148
1 0.548387 0.175926 0.024438 0.040741
0 0.655181 0.086574 0.088465 0.173148
1 0.804741 0.108333 0.058162 0.135185
1 0.845064 0.339815 0.102639 0.198148
1 0.949413 0.228241 0.011241 0.030556
1 0.257087 0.850926 0.035191 0.081481
1 0.326979 0.747685 0.047898 0.113889
1 0.396383 0.704630 0.047898 0.064815
1 0.477761 0.404630 0.051320 0.127778
1 0.501955 0.497222 0.032258 0.075926
1 0.350196 0.441204 0.076735 0.187963
1 0.399804 0.542130 0.077224 0.106481
1 0.308407 0.225463 0.027370 0.030556
1 0.311584 0.187963 0.013196 0.016667
1 0.134164 0.497222 0.040567 0.046296
1 0.130254 0.121759 0.260508 0.243519
1 0.014418 0.287963 0.026882 0.048148
1 0.005132 0.398148 0.010264 0.068519
1 0.031036 0.565278 0.062072 0.141667
1 0.516862 0.013889 0.022972 0.027778
1 0.469453 0.007870 0.022972 0.015741
1 0.405670 0.023611 0.047898 0.047222
1 0.221408 0.732407 0.014663 0.038889
1 0.584066 0.454630 0.020528 0.044444