1 0.076735 0.189815 0.055718 0.085185
1 0.002933 0.271759 0.005865 0.028704
1 0.086266 0.330556 0.020039 0.027778
1 0.076246 0.458333 0.025415 0.037037
1 0.127810 0.506481 0.014174 0.018519
1 0.080645 0.566204 0.054741 0.076852
1 0.069159 0.668056 0.027859 0.036111
1 0.003666 0.625926 0.007331 0.022222
1 0.163734 0.819444 0.013685 0.037037
1 0.459677 0.572685 0.013196 0.025000
1 0.369501 0.859722 0.012708 0.023148
1 0.523705 0.118519 0.020039 0.037037
1 0.538368 0.087037 0.011241 0.081481
1 0.572092 0.113889 0.037634 0.037037
1 0.561584 0.111111 0.023460 0.027778
1 0.837977 0.457870 0.017107 0.049074
1 0.783969 0.742593 0.016618 0.024074
0 0.744624 0.040741 0.049365 0.081481
0 0.641007 0.247222 0.242913 0.450000
0 0.608993 0.483796 0.165200 0.375000
0 0.594575 0.868056 0.176442 0.262037
0 0.586510 0.856944 0.234604 0.284259
1 0.049853 0.836574 0.039101 0.037963
1 0.090665 0.887037 0.017107 0.037037