1 0.432307 0.433333 0.024927 0.046296
1 0.483871 0.440741 0.043011 0.061111
1 0.470674 0.311111 0.042033 0.070370
0 0.498045 0.744444 0.215054 0.400000
1 0.433529 0.788426 0.039101 0.117593
1 0.298876 0.866204 0.044477 0.086111
1 0.038612 0.574537 0.023460 0.043519
1 0.020039 0.418519 0.039101 0.079630
1 0.086266 0.268519 0.039589 0.059259
1 0.096285 0.444907 0.024438 0.049074
1 0.118035 0.646759 0.028837 0.050926
1 0.305963 0.050000 0.030303 0.055556
0 0.504643 0.175926 0.292766 0.266667
1 0.535924 0.058796 0.041544 0.080556
1 0.476540 0.064815 0.034213 0.035185
0 0.478250 0.018981 0.092375 0.037963
1 0.735826 0.057870 0.046432 0.084259
1 0.601417 0.253704 0.028837 0.035185
1 0.622923 0.436111 0.034702 0.079630
1 0.818426 0.436574 0.033724 0.084259
1 0.719697 0.371296 0.021994 0.062963
1 0.903226 0.348148 0.056696 0.088889
1 0.971408 0.403241 0.032747 0.030556
1 0.954545 0.451852 0.041056 0.048148
1 0.947214 0.344907 0.022483 0.019444
1 0.957478 0.631019 0.037146 0.067593
1 0.982893 0.551852 0.021505 0.042593
1 0.736559 0.779630 0.081134 0.140741
1 0.772483 0.666667 0.027859 0.094444
1 0.528837 0.711111 0.025415 0.038889
1 0.878543 0.161574 0.025904 0.052778
1 0.968964 0.045833 0.027859 0.058333
1 0.975806 0.228704 0.022972 0.055556
1 0.555963 0.318056 0.021994 0.052778
1 0.231427 0.196296 0.014174 0.025926
1 0.177664 0.849074 0.019062 0.027778
0 0.515885 0.944444 0.066960 0.101852
1 0.639785 0.506944 0.047898 0.043519
1 0.778837 0.408796 0.021994 0.054630
1 0.898094 0.639815 0.018084 0.042593
1 0.964321 0.757407 0.027370 0.053704
1 0.906647 0.825000 0.024438 0.037037
1 0.565982 0.493981 0.040078 0.052778
1 0.097752 0.846759 0.032258 0.054630
1 0.112414 0.799537 0.023460 0.030556
1 0.224585 0.849537 0.024927 0.063889
1 0.267595 0.461574 0.044477 0.130556
1 0.246334 0.410648 0.031281 0.062037
1 0.248289 0.295370 0.046921 0.088889
1 0.265396 0.260185 0.037146 0.053704
0 0.625611 0.031481 0.047898 0.059259