1 0.691349 0.087963 0.076735 0.174074
1 0.748289 0.143056 0.037146 0.123148
1 0.817449 0.118981 0.035679 0.030556
1 0.769306 0.418519 0.072336 0.088889
1 0.802786 0.491204 0.056207 0.091667
1 0.815005 0.651852 0.065982 0.140741
1 0.851662 0.599074 0.025904 0.070370
1 0.724340 0.874074 0.105572 0.246296
1 0.784946 0.954167 0.047898 0.086111
1 0.831867 0.943519 0.072336 0.107407
1 0.850440 0.873148 0.030303 0.037037
1 0.978739 0.884259 0.033724 0.068519
1 0.986804 0.956019 0.019550 0.075000
1 0.913490 0.546296 0.043988 0.053704
0 0.980205 0.446759 0.038612 0.208333
1 0.960166 0.297685 0.015152 0.043519
1 0.991691 0.251389 0.012708 0.071296
0 0.986070 0.092130 0.026882 0.100926
1 0.991202 0.021759 0.013685 0.032407
1 0.659580 0.433796 0.065982 0.119444
1 0.735093 0.658333 0.019550 0.031481
0 0.577713 0.093056 0.111437 0.180556
1 0.558407 0.225000 0.079668 0.122222
1 0.499756 0.203704 0.043500 0.068519
1 0.137586 0.319444 0.032747 0.074074
1 0.037634 0.250000 0.013685 0.046296
1 0.075024 0.123611 0.028837 0.052778
1 0.152004 0.468519 0.022483 0.033333
1 0.100440 0.467130 0.016129 0.049074
1 0.091398 0.358333 0.024438 0.050000
1 0.185973 0.027778 0.016129 0.037037
1 0.202835 0.168981 0.024438 0.076852
1 0.195015 0.237037 0.012708 0.055556
1 0.305718 0.137963 0.036657 0.125926
1 0.330645 0.216667 0.038612 0.118519
1 0.377077 0.227315 0.040567 0.052778
1 0.392229 0.112037 0.045455 0.116667
1 0.435239 0.047222 0.020039 0.070370
1 0.398338 0.659259 0.036168 0.081481
1 0.331867 0.543981 0.017595 0.036111
1 0.268817 0.434722 0.048876 0.134259
1 0.305230 0.372685 0.023949 0.062037
1 0.081623 0.692593 0.030303 0.059259
1 0.087243 0.745833 0.034702 0.063889
1 0.139296 0.710648 0.024438 0.028704
1 0.161046 0.860648 0.021994 0.078704
1 0.188905 0.817130 0.015152 0.039815
1 0.223607 0.757407 0.017107 0.053704
1 0.242180 0.920370 0.042522 0.029630
1 0.097263 0.974537 0.024438 0.041667
1 0.206989 0.981944 0.032747 0.026852
1 0.241935 0.801389 0.021505 0.056481
1 0.322336 0.695833 0.027859 0.043519
1 0.420088 0.725000 0.026882 0.035185
1 0.434262 0.842130 0.045455 0.080556
1 0.389052 0.786111 0.061584 0.066667
1 0.388807 0.885185 0.061095 0.074074
1 0.424242 0.957870 0.034213 0.075000
1 0.390274 0.970370 0.033724 0.046296
1 0.302542 0.028241 0.081134 0.050926
1 0.344086 0.029630 0.013685 0.022222
0 0.540567 0.503241 0.165200 0.354630
1 0.824536 0.394444 0.017595 0.035185
1 0.649071 0.475000 0.024438 0.046296
1 0.861926 0.023148 0.032747 0.035185
1 0.895161 0.040278 0.023949 0.034259
1 0.768084 0.744907 0.014174 0.041667
1 0.022239 0.175463 0.027859 0.025000
1 0.020039 0.116204 0.023460 0.058333
1 0.006354 0.048148 0.011730 0.033333
1 0.018328 0.011574 0.023949 0.017593
1 0.160802 0.143519 0.018573 0.038889
1 0.613148 0.316204 0.021994 0.028704
1 0.559384 0.981944 0.033724 0.023148
1 0.801808 0.747685 0.014174 0.023148
1 0.981672 0.616204 0.022972 0.030556
1 0.991447 0.689352 0.011241 0.026852
1 0.994135 0.798611 0.004888 0.089815
0 0.547410 0.838889 0.146628 0.255556
1 0.457722 0.773611 0.053275 0.054630