1 0.382209 0.496296 0.059629 0.146296
1 0.481672 0.478704 0.010264 0.044444
1 0.466520 0.129167 0.042522 0.063889
1 0.445015 0.056481 0.013196 0.033333
1 0.528837 0.058796 0.026393 0.058333
1 0.544233 0.128704 0.047410 0.111111
1 0.646628 0.140278 0.032258 0.104630
1 0.741447 0.056944 0.016618 0.025000
1 0.762219 0.090741 0.025904 0.044444
1 0.792033 0.113426 0.039589 0.082407
1 0.901515 0.120833 0.020039 0.034259
1 0.839443 0.081944 0.029814 0.047222
1 0.852151 0.031481 0.025904 0.062963
1 0.841153 0.226389 0.068426 0.110185
1 0.914956 0.281019 0.027370 0.062037
1 0.914467 0.615741 0.014663 0.024074
1 0.972630 0.509259 0.009775 0.014815
1 0.910313 0.497685 0.010264 0.030556
1 0.975073 0.714352 0.025415 0.041667
1 0.858016 0.881481 0.032747 0.048148
1 0.851662 0.381019 0.018084 0.021296
1 0.829668 0.486574 0.016129 0.032407
1 0.812317 0.511111 0.011730 0.020370
1 0.827713 0.669444 0.020039 0.031481
1 0.750489 0.622685 0.024927 0.047222
1 0.741691 0.653241 0.008309 0.023148
1 0.709677 0.666667 0.011730 0.022222
1 0.601906 0.796296 0.027859 0.038889
1 0.922287 0.815741 0.009775 0.031481
0 0.434995 0.937963 0.103617 0.122222
1 0.472385 0.726389 0.020039 0.028704
1 0.505376 0.669907 0.020528 0.028704
1 0.387586 0.770370 0.028348 0.062963
1 0.377810 0.743981 0.019550 0.034259
1 0.685484 0.544907 0.038612 0.093519
1 0.644917 0.276389 0.024927 0.023148
1 0.592131 0.388889 0.009286 0.035185
1 0.494624 0.387500 0.014663 0.034259
1 0.518573 0.353241 0.025415 0.071296
0 0.434751 0.336111 0.161779 0.175926
1 0.448192 0.267130 0.044966 0.123148
1 0.404203 0.042130 0.014663 0.032407
0 0.441105 0.016667 0.044477 0.031481
1 0.197458 0.081944 0.049853 0.056481
1 0.225806 0.133333 0.052786 0.079630
1 0.260997 0.121759 0.026393 0.056481
1 0.295943 0.243981 0.018084 0.065741
1 0.287879 0.080556 0.024438 0.020370
1 0.230205 0.060648 0.048876 0.065741
1 0.255621 0.237963 0.011730 0.037037
1 0.222630 0.193981 0.006354 0.015741
1 0.090420 0.210185 0.035191 0.077778
1 0.144673 0.039352 0.035191 0.067593
1 0.130499 0.170370 0.020528 0.048148
1 0.151026 0.185648 0.016618 0.023148
1 0.160068 0.216667 0.013196 0.037037
1 0.136364 0.385185 0.022483 0.044444
1 0.180352 0.367593 0.014663 0.029630
1 0.071848 0.581019 0.060606 0.071296
1 0.109482 0.570833 0.035191 0.071296
0 0.437439 0.831481 0.168133 0.153704
1 0.437439 0.758333 0.029326 0.025926
0 0.429374 0.599074 0.107038 0.201852
1 0.282014 0.400000 0.018573 0.033333
1 0.280303 0.511574 0.009286 0.023148
1 0.293500 0.515741 0.020039 0.020370
1 0.272483 0.573148 0.034702 0.053704
1 0.266618 0.610648 0.025904 0.032407
1 0.243402 0.540278 0.038123 0.063889
1 0.216764 0.491667 0.053275 0.061111
1 0.182063 0.525926 0.025904 0.059259
1 0.184262 0.569907 0.043988 0.069444
1 0.065494 0.677315 0.025415 0.037963
1 0.009042 0.703704 0.017107 0.033333
1 0.012708 0.658796 0.017595 0.076852
1 0.020283 0.662500 0.040567 0.063889
1 0.009531 0.818519 0.013196 0.029630
1 0.032014 0.787500 0.037634 0.091667
1 0.012219 0.873611 0.020528 0.041667
1 0.019306 0.912500 0.038612 0.095370
1 0.054985 0.986111 0.018084 0.025926
1 0.229472 0.902315 0.021994 0.026852
1 0.217498 0.963426 0.031281 0.054630
1 0.235093 0.972685 0.034213 0.050926
1 0.171065 0.865278 0.033236 0.045370
1 0.171065 0.833333 0.016618 0.025926
1 0.193548 0.673148 0.055718 0.025926
1 0.146139 0.801389 0.132942 0.243519
1 0.011486 0.475000 0.013196 0.024074
1 0.028837 0.354167 0.027370 0.045370
1 0.007331 0.408333 0.013685 0.024074
1 0.009775 0.348611 0.019550 0.045370
1 0.007331 0.286111 0.013685 0.024074
1 0.021261 0.013889 0.011241 0.027778
1 0.055718 0.011111 0.026393 0.022222
1 0.026393 0.038426 0.019550 0.049074
1 0.512219 0.152778 0.012708 0.031481
1 0.819404 0.028241 0.024927 0.052778
1 0.819404 0.706481 0.014174 0.022222
1 0.806696 0.684722 0.009286 0.023148
1 0.164956 0.348611 0.025904 0.052778
1 0.138563 0.338889 0.031769 0.037037
1 0.502688 0.962500 0.020039 0.034259
1 0.281525 0.147685 0.049853 0.069444
1 0.620235 0.704167 0.029326 0.073148