1 0.288856 0.501852 0.044966 0.057407
1 0.255865 0.514352 0.037634 0.089815
1 0.232649 0.444907 0.035191 0.049074
1 0.269306 0.714352 0.059629 0.041667
1 0.187928 0.662037 0.033724 0.037037
1 0.159335 0.690278 0.032258 0.050926
1 0.109482 0.672685 0.028348 0.080556
1 0.122923 0.501852 0.043500 0.048148
1 0.098485 0.385648 0.033724 0.049074
1 0.058407 0.469907 0.063050 0.099074
1 0.052297 0.399537 0.049853 0.134259
1 0.016618 0.341667 0.032258 0.057407
1 0.064761 0.268981 0.031769 0.062037
1 0.107283 0.224537 0.037634 0.063889
1 0.074536 0.079630 0.034702 0.061111
1 0.019062 0.168981 0.035191 0.080556
1 0.014907 0.095370 0.026882 0.083333
1 0.213832 0.207407 0.027859 0.070370
1 0.235826 0.154630 0.021994 0.048148
1 0.262708 0.799537 0.027859 0.062037
1 0.152493 0.908333 0.042033 0.040741
1 0.031281 0.806944 0.024438 0.067593
1 0.248045 0.233796 0.033724 0.039815
1 0.403959 0.417130 0.064027 0.063889
1 0.473607 0.241667 0.049853 0.090741
1 0.466276 0.176389 0.074291 0.078704
1 0.434751 0.107407 0.029814 0.094444
1 0.381476 0.065278 0.027859 0.050926
1 0.460655 0.473611 0.045455 0.071296
1 0.398094 0.515741 0.050342 0.092593
1 0.421554 0.462963 0.033724 0.079630
1 0.338465 0.568056 0.058162 0.062037
1 0.254399 0.890278 0.046432 0.112037
1 0.390762 0.883796 0.058162 0.143519
1 0.443304 0.824537 0.073314 0.169444
1 0.403226 0.694444 0.042033 0.125926
1 0.449658 0.582870 0.067449 0.125000
1 0.477273 0.716204 0.101173 0.158333
1 0.501466 0.927315 0.105572 0.136111
1 0.634897 0.904630 0.066471 0.127778
1 0.586755 0.960185 0.058162 0.066667
1 0.542766 0.699074 0.063050 0.085185
1 0.586999 0.686111 0.039101 0.081481
1 0.567693 0.612500 0.042522 0.075000
1 0.750733 0.961111 0.067449 0.072222
1 0.676931 0.903704 0.044966 0.072222
1 0.658602 0.739815 0.052297 0.114815
1 0.717498 0.775463 0.044966 0.136111
1 0.689150 0.696296 0.035191 0.079630
1 0.649560 0.648148 0.037146 0.116667
1 0.759286 0.790741 0.043500 0.061111
1 0.805474 0.906019 0.030303 0.076852
1 0.798387 0.777778 0.051320 0.092593
1 0.864858 0.746759 0.096285 0.260185
1 0.837732 0.565741 0.058651 0.061111
1 0.809873 0.618056 0.037146 0.102778
1 0.963343 0.933796 0.067449 0.126852
1 0.952102 0.643056 0.033236 0.065741
1 0.913490 0.592593 0.037146 0.053704
1 0.986559 0.586111 0.014174 0.038889
1 0.803030 0.503704 0.030303 0.085185
1 0.766862 0.481019 0.043988 0.121296
1 0.747312 0.549537 0.023460 0.045370
1 0.693060 0.587963 0.022483 0.031481
1 0.711877 0.396759 0.040567 0.106481
1 0.653715 0.356481 0.070870 0.151852
1 0.739736 0.323148 0.106061 0.164815
1 0.806452 0.370370 0.032258 0.053704
1 0.862903 0.476389 0.028837 0.052778
1 0.870235 0.374537 0.041544 0.071296
1 0.837732 0.402778 0.016618 0.070370
1 0.985582 0.470370 0.021994 0.129630
1 0.963099 0.468056 0.025904 0.076852
1 0.925953 0.440278 0.025904 0.039815
1 0.956256 0.387963 0.037634 0.051852
1 0.907869 0.351389 0.045455 0.115741
1 0.938172 0.246759 0.105083 0.241667
1 0.872678 0.273611 0.029814 0.065741
1 0.865103 0.197685 0.059629 0.102778
1 0.972874 0.034722 0.040567 0.069444
1 0.844819 0.022685 0.021017 0.039815
1 0.807429 0.161574 0.042033 0.119444
1 0.770772 0.206019 0.054741 0.089815
1 0.727517 0.216204 0.032747 0.039815
1 0.635386 0.245833 0.048876 0.099074
1 0.645161 0.132407 0.104594 0.140741
1 0.702346 0.062963 0.049853 0.125926
1 0.739980 0.039352 0.042033 0.076852
1 0.617058 0.036111 0.104106 0.070370
1 0.331378 0.122222 0.020528 0.046296
1 0.531036 0.407407 0.022972 0.044444
1 0.738270 0.720370 0.026882 0.074074
1 0.385386 0.975463 0.087488 0.036111
1 0.360948 0.862963 0.043500 0.070370
1 0.319648 0.901389 0.027370 0.099074
1 0.074536 0.902315 0.039589 0.087963
1 0.498045 0.843519 0.054741 0.140741
0 0.587243 0.790278 0.166667 0.154630
0 0.573803 0.546296 0.123167 0.237037
0 0.582845 0.353241 0.071848 0.306481
1 0.570626 0.194907 0.029814 0.089815
1 0.532747 0.230556 0.063539 0.112963