1 0.163734 0.292130 0.029326 0.032407
1 0.177419 0.353241 0.020528 0.043519
1 0.249756 0.320833 0.021505 0.043519
1 0.025904 0.590741 0.020528 0.040741
1 0.211144 0.759722 0.029326 0.067593
1 0.180596 0.762500 0.040567 0.030556
1 0.138807 0.865278 0.019550 0.028704
1 0.074047 0.867130 0.020039 0.060185
1 0.113148 0.725926 0.015152 0.012963
1 0.189150 0.807870 0.016618 0.063889
1 0.220186 0.856481 0.016129 0.016667
1 0.298631 0.862037 0.040078 0.066667
1 0.013685 0.693056 0.026393 0.043519
1 0.012463 0.718981 0.023949 0.041667
1 0.008553 0.746296 0.017107 0.027778
1 0.313539 0.014815 0.036657 0.029630
1 0.347019 0.127315 0.027370 0.060185
1 0.373412 0.213426 0.031281 0.054630
1 0.391984 0.236111 0.017595 0.048148
1 0.257331 0.652778 0.044477 0.062963
1 0.391007 0.855556 0.017595 0.042593
1 0.142717 0.681481 0.030303 0.051852
1 0.220674 0.777315 0.021994 0.041667
1 0.552786 0.981944 0.029326 0.032407
1 0.566716 0.896296 0.038612 0.031481
1 0.435973 0.360648 0.044966 0.050926
0 0.531036 0.030093 0.072825 0.060185
1 0.494624 0.037500 0.030303 0.071296
0 0.542766 0.181481 0.105083 0.244444
1 0.480694 0.107407 0.028837 0.053704
1 0.543011 0.940741 0.048876 0.079630
0 0.539589 0.747222 0.173998 0.190741
0 0.560117 0.540741 0.130987 0.279630
1 0.474829 0.531019 0.028837 0.045370
1 0.490469 0.406944 0.031769 0.052778
1 0.684995 0.725926 0.031769 0.062963
1 0.706989 0.832407 0.023949 0.029630
1 0.771750 0.770833 0.031281 0.075000
1 0.820381 0.835185 0.060117 0.131481
1 0.880743 0.973611 0.025415 0.047222
1 0.797654 0.946296 0.043011 0.038889
0 0.983627 0.919907 0.028837 0.091667
0 0.988025 0.293981 0.022972 0.082407
0 0.987537 0.479167 0.023949 0.089815
1 0.927175 0.508333 0.024438 0.035185