0 0.245846 0.399074 0.147605 0.144444
0 0.245846 0.672685 0.174976 0.178704
0 0.255621 0.891204 0.167155 0.215741
0 0.233871 0.185648 0.130499 0.267593
0 0.213343 0.038889 0.096285 0.077778
1 0.304252 0.017130 0.052297 0.025000
0 0.783969 0.697685 0.098729 0.286111
1 0.463587 0.479167 0.125611 0.208333
1 0.147849 0.904167 0.034702 0.076852
1 0.115836 0.772685 0.068426 0.145370
1 0.169844 0.581481 0.032747 0.048148
1 0.256843 0.529630 0.060117 0.072222
1 0.211144 0.526389 0.031281 0.043519
1 0.173509 0.451852 0.018573 0.070370
1 0.072825 0.468056 0.022483 0.060185
1 0.036413 0.094907 0.041544 0.052778
1 0.154448 0.192593 0.024438 0.035185
1 0.133920 0.073148 0.032258 0.035185
1 0.443548 0.772685 0.059140 0.100926
1 0.359238 0.377778 0.020528 0.059259
1 0.319159 0.205556 0.045943 0.140741
1 0.287879 0.076852 0.041056 0.081481
1 0.442815 0.198611 0.045943 0.084259
1 0.536413 0.150463 0.068915 0.132407
1 0.470674 0.045370 0.067449 0.090741
1 0.474829 0.141667 0.028837 0.048148
1 0.471408 0.293519 0.040567 0.105556
1 0.479472 0.215278 0.029326 0.047222
1 0.548631 0.427315 0.032747 0.049074
1 0.533236 0.472685 0.042033 0.041667
1 0.455034 0.611574 0.045943 0.099074
1 0.392473 0.526389 0.026393 0.065741
1 0.361193 0.624537 0.024438 0.037963
1 0.347263 0.977778 0.059140 0.038889
1 0.556207 0.946759 0.082111 0.093519
1 0.474585 0.969907 0.024438 0.041667
1 0.538612 0.770833 0.034213 0.065741
1 0.603128 0.726852 0.046921 0.140741
1 0.624633 0.844444 0.049853 0.129630
1 0.670821 0.968981 0.052297 0.052778
1 0.697703 0.885185 0.070870 0.181481
1 0.678397 0.746759 0.030303 0.091667
1 0.711144 0.650000 0.027370 0.101852
1 0.676442 0.621296 0.030303 0.066667
1 0.605327 0.543981 0.034702 0.087963
1 0.624389 0.408796 0.045455 0.060185
1 0.664712 0.363889 0.027370 0.061111
1 0.701124 0.443519 0.026882 0.046296
1 0.694282 0.386111 0.028837 0.070370
1 0.737781 0.418056 0.046432 0.099074
1 0.913001 0.810648 0.048876 0.097222
1 0.852884 0.876389 0.035191 0.058333
1 0.805230 0.850000 0.036657 0.087037
1 0.931085 0.917130 0.049853 0.095370
1 0.942815 0.680556 0.068426 0.101852
1 0.978495 0.627778 0.037146 0.087037
1 0.937683 0.531944 0.044477 0.076852
1 0.981183 0.526852 0.031769 0.057407
1 0.878299 0.502315 0.035191 0.093519
1 0.670332 0.284722 0.021017 0.062037
1 0.717986 0.315278 0.023460 0.043519
1 0.607771 0.251389 0.016129 0.049074
1 0.259531 0.733333 0.043988 0.070370
1 0.728495 0.068981 0.034702 0.043519
1 0.769795 0.053241 0.047898 0.106481
1 0.825024 0.020370 0.032258 0.035185
1 0.882942 0.020370 0.016129 0.038889
1 0.899071 0.218981 0.058162 0.063889
1 0.914467 0.275463 0.053763 0.113889
1 0.920821 0.364815 0.059629 0.120370
1 0.939150 0.398611 0.033724 0.065741
1 0.904692 0.431019 0.017595 0.041667
1 0.867791 0.425926 0.041544 0.081481
1 0.863148 0.324074 0.050831 0.118519
1 0.824536 0.327778 0.043011 0.151852
1 0.782502 0.279167 0.047898 0.108333
1 0.748778 0.206481 0.038123 0.100000
1 0.794477 0.187500 0.065005 0.136111
1 0.795455 0.463426 0.054252 0.125000
1 0.977028 0.246759 0.023460 0.075000
1 0.946970 0.101852 0.046432 0.127778
1 0.986070 0.156944 0.021994 0.128704
1 0.946970 0.035648 0.044477 0.049074
1 0.685728 0.037963 0.018573 0.038889
1 0.732405 0.518981 0.026882 0.041667
1 0.080645 0.368056 0.011730 0.036111
1 0.982405 0.745370 0.029326 0.046296