1 0.678641 0.900926 0.012219 0.027778
1 0.060606 0.908333 0.016618 0.062963
1 0.790323 0.833796 0.028348 0.069444
1 0.138807 0.749074 0.037146 0.094444
1 0.983627 0.600926 0.007331 0.014815
1 0.920332 0.535185 0.008798 0.029630
1 0.806940 0.251852 0.006843 0.033333
1 0.957722 0.282407 0.036657 0.100000
1 0.293744 0.125926 0.018573 0.042593
1 0.139296 0.291204 0.024438 0.050926
1 0.191838 0.982870 0.014174 0.032407
1 0.325269 0.787037 0.037634 0.051852
1 0.317204 0.532407 0.069404 0.122222
1 0.295455 0.509722 0.015152 0.032407
1 0.410802 0.786111 0.028837 0.055556
1 0.442082 0.830093 0.020039 0.063889
1 0.996579 0.893056 0.005865 0.062037
1 0.934018 0.727778 0.040078 0.116667
1 0.891251 0.749074 0.050342 0.038889
1 0.902248 0.076852 0.049853 0.101852
1 0.882209 0.176852 0.039101 0.085185
1 0.924731 0.191204 0.072336 0.099074
0 0.550831 0.982870 0.072336 0.032407
0 0.589198 0.830093 0.178397 0.337963
1 0.606794 0.635648 0.015152 0.028704
1 0.606794 0.615278 0.007331 0.019444
0 0.571848 0.414815 0.307918 0.674074
1 0.604839 0.493056 0.012219 0.034259
1 0.610948 0.268981 0.067449 0.063889
1 0.623900 0.244444 0.044477 0.059259
0 0.619257 0.174537 0.226784 0.349074