0 0.306452 0.106019 0.122190 0.212037
0 0.284946 0.225000 0.141740 0.237037
0 0.284457 0.429167 0.129032 0.250926
0 0.294233 0.575000 0.067449 0.114815
0 0.276637 0.768519 0.153470 0.277778
0 0.308651 0.931481 0.079668 0.114815
1 0.176442 0.741204 0.044966 0.060185
1 0.209922 0.687963 0.037634 0.081481
1 0.166911 0.559722 0.033724 0.065741
1 0.096285 0.411111 0.049853 0.085185
1 0.191593 0.360185 0.049853 0.107407
1 0.153470 0.397685 0.048876 0.080556
1 0.012463 0.531019 0.024927 0.078704
1 0.019306 0.808333 0.038612 0.088889
1 0.096774 0.142130 0.032258 0.050926
1 0.199413 0.141204 0.033236 0.052778
1 0.565249 0.448611 0.040567 0.060185
1 0.616569 0.524074 0.052297 0.070370
1 0.660557 0.390278 0.033724 0.065741
1 0.679619 0.327315 0.016129 0.037963
1 0.673509 0.056019 0.026393 0.056481
0 0.742424 0.306944 0.045943 0.065741
1 0.668133 0.183333 0.029326 0.038889
1 0.532991 0.210648 0.028837 0.047222
1 0.411535 0.469444 0.023460 0.025926
1 0.644428 0.631944 0.042522 0.110185
1 0.692326 0.621759 0.027859 0.045370
1 0.538123 0.940741 0.020528 0.024074
0 0.828446 0.872685 0.144673 0.226852
0 0.804741 0.692593 0.108016 0.168519
0 0.803275 0.473611 0.112903 0.315741
0 0.831134 0.161111 0.205767 0.290741
1 0.945503 0.166204 0.043500 0.102778
1 0.993402 0.546296 0.012219 0.048148
1 0.971408 0.673611 0.016129 0.034259