1 0.184262 0.041204 0.077224 0.082407
0 0.260753 0.119907 0.157869 0.191667
1 0.184506 0.349074 0.024927 0.051852
1 0.243402 0.307407 0.044966 0.070370
1 0.270283 0.330556 0.048876 0.062963
1 0.346530 0.391204 0.079179 0.143519
0 0.236559 0.456944 0.115347 0.099074
0 0.265396 0.593981 0.112414 0.284259
0 0.265152 0.794444 0.095308 0.305556
1 0.200635 0.947222 0.060117 0.094444
1 0.414712 0.796296 0.033724 0.051852
1 0.457478 0.883796 0.053763 0.087963
1 0.523216 0.814815 0.085533 0.170370
1 0.480450 0.943981 0.036168 0.110185
1 0.612903 0.722222 0.073314 0.114815
1 0.514663 0.628704 0.036168 0.098148
1 0.524927 0.496759 0.068426 0.136111
1 0.385875 0.296296 0.037634 0.092593
1 0.469941 0.335185 0.039589 0.062963
1 0.497067 0.368519 0.042033 0.129630
1 0.599951 0.496296 0.038612 0.057407
1 0.672043 0.427315 0.069404 0.062037
1 0.706256 0.903241 0.055718 0.097222
0 0.785435 0.892130 0.157380 0.212037
0 0.794721 0.659722 0.126100 0.276852
0 0.785924 0.358796 0.118280 0.208333
1 0.945259 0.205093 0.029326 0.089815
1 0.676442 0.187500 0.030303 0.060185
1 0.798143 0.052315 0.121212 0.095370
1 0.592375 0.119444 0.040078 0.079630
1 0.589443 0.075000 0.043011 0.088889
1 0.650538 0.056481 0.033236 0.051852
1 0.673509 0.099074 0.036168 0.066667
1 0.395406 0.670833 0.032258 0.041667
1 0.499511 0.133796 0.033236 0.099074
1 0.493646 0.174537 0.074291 0.086111
1 0.527370 0.139352 0.043011 0.100926
1 0.493157 0.031019 0.075269 0.056481
1 0.973363 0.026389 0.033724 0.050926