1 0.047165 0.663426 0.091398 0.134259
1 0.126833 0.691667 0.041544 0.116667
1 0.097752 0.794444 0.038123 0.075926
1 0.179863 0.868056 0.067449 0.075000
1 0.235826 0.791667 0.094330 0.168519
1 0.251222 0.562963 0.054741 0.118519
1 0.250000 0.452315 0.065982 0.125000
1 0.141984 0.460648 0.071848 0.043519
0 0.252199 0.224537 0.162268 0.226852
0 0.241935 0.078241 0.179863 0.154630
1 0.405670 0.402778 0.076246 0.181481
1 0.382942 0.049074 0.051320 0.070370
1 0.477761 0.058796 0.078690 0.099074
1 0.441105 0.319907 0.051320 0.095370
1 0.499022 0.700463 0.060606 0.143519
1 0.297898 0.906481 0.057185 0.079630
1 0.486559 0.859259 0.053275 0.079630
1 0.585288 0.912037 0.050342 0.112963
1 0.489980 0.949074 0.101173 0.074074
1 0.388074 0.275000 0.045943 0.081481
1 0.443793 0.217593 0.034213 0.057407
0 0.771750 0.820833 0.119257 0.265741
0 0.779081 0.655093 0.159335 0.237963
0 0.787146 0.519907 0.077713 0.236111
1 0.667400 0.466204 0.029814 0.071296
1 0.615103 0.388426 0.036657 0.113889
1 0.724829 0.269444 0.074291 0.148148
1 0.947458 0.616204 0.080645 0.182407
1 0.608504 0.211111 0.040078 0.085185
1 0.641007 0.156481 0.018084 0.090741
1 0.802297 0.030556 0.078690 0.055556
1 0.371457 0.604167 0.038123 0.097222
1 0.330156 0.510185 0.030792 0.112963
1 0.118280 0.259722 0.053763 0.099074
1 0.936217 0.131019 0.065005 0.093519
1 0.664467 0.615278 0.028837 0.100926
1 0.577713 0.654167 0.035191 0.080556
1 0.675220 0.909259 0.031769 0.062963
1 0.666422 0.792130 0.036657 0.075000
1 0.733627 0.112037 0.025415 0.088889
1 0.595308 0.137500 0.034213 0.071296
1 0.634409 0.030556 0.036168 0.051852