1 0.075024 0.056481 0.046432 0.090741
1 0.152981 0.081481 0.063539 0.064815
1 0.018817 0.137963 0.036657 0.053704
1 0.283236 0.067593 0.098240 0.135185
0 0.238270 0.240278 0.112903 0.254630
1 0.229228 0.375463 0.032258 0.021296
0 0.243891 0.512037 0.204301 0.188889
1 0.295943 0.449537 0.036657 0.028704
0 0.261730 0.642593 0.128543 0.116667
1 0.261486 0.753704 0.030303 0.055556
1 0.294721 0.911574 0.021505 0.058333
1 0.247556 0.874537 0.009286 0.041667
0 0.263196 0.950463 0.147116 0.093519
1 0.188661 0.980556 0.017595 0.035185
1 0.461877 0.106481 0.030303 0.057407
1 0.452835 0.218981 0.016129 0.037963
1 0.365347 0.442130 0.024927 0.041667
1 0.689638 0.108796 0.026393 0.052778
1 0.705279 0.036111 0.016618 0.061111
0 0.796676 0.108333 0.106549 0.205556
1 0.910557 0.017593 0.041056 0.035185
1 0.930596 0.052778 0.051808 0.103704
1 0.893939 0.240278 0.065494 0.169444
0 0.771505 0.471296 0.110948 0.177778
1 0.750489 0.625000 0.034702 0.068519
1 0.789834 0.671759 0.062561 0.087963
0 0.802053 0.847222 0.084066 0.296296
1 0.719941 0.859722 0.062561 0.084259
1 0.719208 0.953704 0.049365 0.066667
1 0.985826 0.666667 0.026393 0.114815
1 0.964809 0.924074 0.028348 0.050000
1 0.983138 0.852778 0.021994 0.050000
1 0.593353 0.849074 0.018573 0.075926
1 0.592375 0.633333 0.028348 0.042593
1 0.978739 0.046759 0.041544 0.093519
1 0.985826 0.239352 0.027370 0.086111