0 0.576979 0.485185 0.129521 0.253704
0 0.582845 0.286574 0.149071 0.237963
0 0.590665 0.645370 0.056207 0.203704
0 0.588710 0.875000 0.144184 0.248148
1 0.963832 0.142593 0.063539 0.177778
1 0.851173 0.241667 0.054252 0.129630
1 0.920577 0.276852 0.075758 0.138889
1 0.892229 0.382407 0.055230 0.072222
1 0.947214 0.389815 0.024438 0.066667
1 0.833578 0.540278 0.065982 0.112037
1 0.783969 0.105093 0.073314 0.115741
1 0.987537 0.461111 0.023949 0.079630
1 0.847996 0.625463 0.069404 0.119444
1 0.167155 0.293519 0.056696 0.079630
1 0.459189 0.497222 0.069892 0.129630
1 0.495112 0.268056 0.055718 0.117593
1 0.409824 0.408796 0.031769 0.080556
1 0.034946 0.051389 0.065005 0.065741
1 0.009531 0.128241 0.016129 0.062037
1 0.022972 0.509259 0.045943 0.048148
1 0.111681 0.451852 0.218475 0.194444
1 0.015885 0.338426 0.031769 0.041667
1 0.510264 0.574537 0.027370 0.052778
1 0.444037 0.656019 0.025904 0.049074
1 0.391496 0.589352 0.018573 0.045370
1 0.492913 0.773148 0.048387 0.048148
1 0.553275 0.686574 0.043988 0.076852
1 0.417400 0.790278 0.057674 0.056481
1 0.437928 0.889352 0.030303 0.043519
1 0.488759 0.894444 0.031281 0.048148
1 0.378788 0.837963 0.037146 0.055556
1 0.330890 0.829167 0.041056 0.080556
1 0.205523 0.825000 0.040567 0.068519
1 0.210411 0.712500 0.034702 0.054630
1 0.246579 0.669907 0.029814 0.043519
1 0.196725 0.769444 0.027859 0.037037
1 0.238270 0.916204 0.021017 0.056481
1 0.219208 0.938426 0.021994 0.039815
1 0.176197 0.900463 0.026882 0.039815
1 0.156158 0.939352 0.021017 0.028704
1 0.142717 0.966667 0.024438 0.061111
1 0.107771 0.966204 0.017107 0.039815
1 0.085044 0.966667 0.025415 0.051852
1 0.166178 0.787963 0.025415 0.048148
1 0.190860 0.666204 0.032747 0.047222
1 0.149071 0.655093 0.023460 0.047222
1 0.158358 0.708796 0.028348 0.030556
1 0.065982 0.785185 0.026393 0.050000
1 0.108749 0.871759 0.026882 0.043519
1 0.089198 0.625000 0.023949 0.057407
1 0.054497 0.641204 0.028837 0.052778
1 0.027615 0.590278 0.030792 0.065741
1 0.056696 0.566204 0.024438 0.043519
1 0.064761 0.596759 0.020039 0.030556
1 0.082600 0.485648 0.023460 0.050926
1 0.048631 0.470370 0.021994 0.050000
1 0.022483 0.471296 0.020528 0.038889
1 0.158602 0.582870 0.021994 0.037963
1 0.120479 0.158796 0.017107 0.043519
1 0.046676 0.888889 0.014174 0.037037
1 0.097752 0.812500 0.030303 0.043519
1 0.270528 0.171296 0.035679 0.059259
1 0.310362 0.151389 0.039101 0.050926
1 0.206989 0.045833 0.018084 0.037963
1 0.322336 0.646296 0.039589 0.046296
1 0.405670 0.637037 0.013685 0.046296
1 0.435973 0.200926 0.028348 0.040741
1 0.361681 0.957407 0.030303 0.048148
1 0.782258 0.811111 0.033724 0.055556
1 0.729472 0.817130 0.046432 0.065741
1 0.701857 0.673611 0.042033 0.062037
1 0.834311 0.960185 0.020528 0.070370
1 0.848240 0.742130 0.055230 0.047222
1 0.774927 0.944907 0.029814 0.043519
1 0.703568 0.947685 0.033724 0.063889
1 0.803030 0.954630 0.023460 0.059259
1 0.778104 0.343519 0.047898 0.083333
1 0.704545 0.329167 0.026882 0.041667
1 0.656158 0.343981 0.028837 0.056481
1 0.721408 0.233796 0.023460 0.058333
1 0.762219 0.206019 0.027859 0.086111
1 0.736070 0.230556 0.014663 0.064815
1 0.669844 0.040278 0.035679 0.078704
1 0.780792 0.482407 0.025904 0.048148
1 0.693060 0.480556 0.022483 0.044444
1 0.720430 0.439815 0.018573 0.042593
1 0.776637 0.609259 0.022483 0.055556
1 0.817449 0.446296 0.035679 0.042593
1 0.845308 0.045370 0.030792 0.081481
1 0.957478 0.023611 0.023460 0.037963
1 0.985826 0.030093 0.021505 0.037963
1 0.845552 0.141667 0.031281 0.044444
1 0.978495 0.362500 0.025415 0.063889
1 0.992180 0.765741 0.008798 0.046296
1 0.959189 0.967130 0.033724 0.052778
1 0.921799 0.974074 0.038123 0.042593
1 0.940616 0.689352 0.015152 0.062037
1 0.927908 0.601389 0.021994 0.056481
1 0.899560 0.096296 0.016129 0.042593
1 0.779570 0.557407 0.018573 0.048148
1 0.192815 0.159259 0.021994 0.044444
1 0.609971 0.131481 0.020528 0.094444
1 0.630499 0.057407 0.016618 0.057407
0 0.586755 0.109259 0.080645 0.218519