0 0.596530 0.075926 0.163734 0.151852
0 0.580401 0.327315 0.202835 0.419444
0 0.618768 0.777315 0.105572 0.326852
0 0.950391 0.657870 0.092375 0.226852
1 0.482893 0.114815 0.049853 0.101852
1 0.424976 0.092130 0.054252 0.112037
1 0.510753 0.229630 0.029326 0.083333
1 0.454545 0.264352 0.094819 0.180556
1 0.424731 0.370370 0.049853 0.053704
1 0.413734 0.315278 0.041544 0.052778
1 0.329423 0.331481 0.036168 0.050000
1 0.243891 0.167130 0.038123 0.050926
1 0.166422 0.292593 0.063050 0.068519
1 0.131965 0.369907 0.017595 0.062037
1 0.126588 0.176389 0.031281 0.049074
1 0.076491 0.168981 0.033724 0.050926
1 0.042522 0.514352 0.031281 0.080556
1 0.235582 0.578704 0.041056 0.116667
1 0.279081 0.477778 0.028348 0.061111
1 0.226540 0.432870 0.039589 0.073148
1 0.197703 0.385185 0.029814 0.048148
1 0.215787 0.757407 0.050342 0.101852
1 0.177664 0.939352 0.045455 0.063889
1 0.252688 0.969907 0.049853 0.050926
1 0.349462 0.803704 0.066471 0.255556
1 0.118280 0.872685 0.036168 0.063889
1 0.031769 0.882407 0.039101 0.070370
1 0.394673 0.534259 0.114858 0.181481
1 0.469941 0.566204 0.028837 0.087963
1 0.479961 0.720833 0.028348 0.086111
1 0.426442 0.712963 0.025904 0.059259
1 0.443548 0.542130 0.013196 0.065741
1 0.397361 0.768519 0.023460 0.070370
1 0.532258 0.868981 0.065494 0.160185
1 0.478006 0.877778 0.061584 0.107407
1 0.445748 0.923611 0.043011 0.108333
1 0.427664 0.870833 0.032258 0.058333
1 0.407625 0.931481 0.024438 0.038889
1 0.570137 0.958796 0.089443 0.073148
1 0.701369 0.814352 0.029326 0.123148
1 0.103372 0.062037 0.040567 0.057407
1 0.541056 0.592130 0.098729 0.215741
1 0.648827 0.591204 0.038612 0.089815
1 0.732160 0.789815 0.055718 0.107407
1 0.795455 0.813889 0.059140 0.225926
1 0.776149 0.899537 0.118280 0.195370
1 0.916178 0.869907 0.161779 0.254630
1 0.681574 0.357407 0.052297 0.114815
1 0.652004 0.189815 0.046921 0.127778
1 0.731916 0.097222 0.032747 0.127778
1 0.700147 0.103704 0.020039 0.114815
1 0.799853 0.146759 0.015152 0.099074
1 0.981183 0.407870 0.031769 0.158333
1 0.960899 0.098611 0.043988 0.102778
1 0.757087 0.392593 0.036168 0.066667
1 0.787879 0.467130 0.037146 0.049074
1 0.780059 0.610185 0.029326 0.083333
1 0.759286 0.029167 0.033724 0.058333