1 0.148338 0.060648 0.026882 0.049074
1 0.093597 0.139815 0.011241 0.014815
1 0.100196 0.503241 0.032258 0.047222
1 0.022727 0.340278 0.045455 0.069444
1 0.054252 0.450926 0.108504 0.201852
1 0.170821 0.550000 0.023949 0.031481
1 0.255132 0.552315 0.018573 0.025000
1 0.238025 0.050926 0.024438 0.066667
1 0.270528 0.045370 0.046432 0.090741
1 0.242913 0.672685 0.043988 0.047222
1 0.276882 0.909722 0.042522 0.082407
1 0.407869 0.019444 0.024927 0.038889
1 0.380987 0.185648 0.023949 0.017593
1 0.373167 0.272685 0.034702 0.099074
1 0.354106 0.339815 0.012219 0.053704
1 0.441105 0.406019 0.019062 0.043519
1 0.442082 0.572222 0.025904 0.035185
1 0.344330 0.612037 0.007331 0.031481
1 0.362903 0.610648 0.026882 0.050926
1 0.356061 0.773611 0.038612 0.080556
1 0.412757 0.794444 0.017107 0.027778
1 0.454790 0.679630 0.031769 0.062963
1 0.304008 0.821759 0.024438 0.041667
1 0.306696 0.850463 0.021994 0.030556
1 0.358749 0.851389 0.036168 0.045370
1 0.343597 0.957870 0.054741 0.080556
0 0.558895 0.068519 0.080645 0.135185
1 0.656403 0.026852 0.012708 0.053704
1 0.599951 0.065278 0.016129 0.060185
1 0.616569 0.055556 0.022972 0.037037
1 0.589198 0.123611 0.028837 0.052778
1 0.642473 0.197222 0.018084 0.046296
1 0.614614 0.221759 0.016129 0.049074
1 0.500733 0.206481 0.018084 0.033333
1 0.587732 0.337500 0.010264 0.023148
1 0.518084 0.361574 0.032258 0.052778
1 0.508798 0.328704 0.016618 0.025926
1 0.530547 0.391667 0.025904 0.031481
1 0.510753 0.404167 0.013685 0.023148
0 0.554008 0.521296 0.138319 0.227778
1 0.584066 0.437037 0.018573 0.022222
1 0.530792 0.529167 0.033236 0.034259
1 0.558895 0.584259 0.022972 0.040741
1 0.654203 0.584259 0.031769 0.068519
1 0.597507 0.640278 0.025904 0.049074
1 0.539345 0.621296 0.033724 0.050000
1 0.588710 0.672222 0.019062 0.029630
1 0.529570 0.665278 0.021017 0.041667
1 0.503177 0.669907 0.028837 0.045370
1 0.659580 0.634722 0.044477 0.071296
0 0.555963 0.758796 0.114858 0.241667
1 0.466276 0.895833 0.066471 0.141667
0 0.539589 0.931944 0.102639 0.134259
1 0.817449 0.010185 0.024927 0.020370
1 0.843109 0.022222 0.013685 0.044444
1 0.810117 0.033333 0.021017 0.051852
1 0.914956 0.071296 0.038123 0.037037
1 0.981916 0.096759 0.022483 0.032407
1 0.984848 0.137963 0.027370 0.050000
1 0.938416 0.108796 0.037146 0.050926
1 0.833333 0.125926 0.017595 0.033333
1 0.877810 0.202315 0.030303 0.069444
1 0.931085 0.155556 0.024438 0.037037
1 0.945259 0.192593 0.026393 0.037037
1 0.641007 0.878241 0.029814 0.045370
1 0.671310 0.807407 0.099218 0.135185
1 0.690371 0.837500 0.022972 0.026852
1 0.669599 0.698148 0.009775 0.014815
1 0.829179 0.975926 0.025904 0.046296
1 0.858749 0.957870 0.044966 0.047222
1 0.766618 0.659259 0.021994 0.040741
1 0.806452 0.685185 0.013685 0.059259
1 0.818182 0.622222 0.037146 0.068519
1 0.765396 0.691204 0.019550 0.021296
1 0.814516 0.542130 0.017107 0.039815
1 0.822092 0.512037 0.035191 0.038889
1 0.858504 0.524537 0.055230 0.097222
1 0.956745 0.947222 0.017107 0.051852
1 0.933284 0.673611 0.015152 0.062037
1 0.955523 0.637500 0.049853 0.078704
1 0.953079 0.599537 0.030303 0.060185
1 0.972385 0.675926 0.035679 0.074074
1 0.961877 0.671296 0.015640 0.040741
1 0.945015 0.670833 0.016129 0.054630
1 0.995112 0.559722 0.008798 0.078704
1 0.993402 0.649537 0.012219 0.043519
1 0.972630 0.610648 0.016618 0.030556
1 0.982893 0.630093 0.014663 0.037963
1 0.981916 0.563889 0.024438 0.029630
1 0.981916 0.582870 0.023460 0.039815
1 0.976784 0.512963 0.035679 0.088889
1 0.945748 0.500926 0.009775 0.025926
1 0.954790 0.497222 0.003421 0.027778
1 0.979961 0.469444 0.013685 0.048148
1 0.956500 0.399074 0.016618 0.037037
1 0.983871 0.421296 0.018573 0.035185
1 0.975806 0.372222 0.021017 0.038889
1 0.988025 0.381019 0.011241 0.037963
1 0.994379 0.398611 0.009286 0.037963
1 0.974340 0.294907 0.039589 0.036111
1 0.979472 0.289815 0.015640 0.072222
1 0.984848 0.237500 0.023460 0.025000
1 0.985093 0.275926 0.017107 0.027778
1 0.933040 0.292130 0.069404 0.197222
1 0.962121 0.346296 0.014174 0.027778
1 0.840420 0.289352 0.018084 0.032407
1 0.804252 0.255556 0.019062 0.025926
1 0.821848 0.239815 0.029814 0.048148
1 0.786168 0.306944 0.050342 0.069444
1 0.736315 0.301852 0.025904 0.031481
1 0.811095 0.362500 0.015152 0.036111
1 0.659091 0.453704 0.016129 0.037037