1 0.159335 0.262963 0.051808 0.070370
1 0.163490 0.222685 0.018084 0.032407
1 0.140762 0.368056 0.023460 0.034259
1 0.151760 0.959259 0.024927 0.044444
1 0.436706 0.190741 0.019062 0.048148
1 0.468964 0.193981 0.041544 0.089815
1 0.386608 0.315278 0.038123 0.045370
1 0.393695 0.279630 0.030792 0.037037
0 0.265885 0.074074 0.189638 0.148148
1 0.321603 0.039352 0.035191 0.078704
0 0.261730 0.228704 0.229228 0.174074
1 0.307918 0.156019 0.038123 0.047222
1 0.235582 0.488426 0.042033 0.100926
1 0.273460 0.294907 0.050342 0.058333
0 0.301564 0.428241 0.126100 0.247222
0 0.286657 0.875926 0.130499 0.246296
0 0.273216 0.688426 0.155425 0.206481
1 0.260264 0.590278 0.117791 0.197222
0 0.221163 0.813426 0.110948 0.137963
1 0.281525 0.778241 0.043988 0.052778
1 0.396628 0.882870 0.025904 0.054630
1 0.317449 0.935648 0.018084 0.043519
1 0.433773 0.449074 0.027859 0.035185
1 0.524682 0.091204 0.027859 0.060185
1 0.578201 0.056944 0.015640 0.032407
1 0.678641 0.112963 0.032747 0.066667
1 0.610704 0.153704 0.026882 0.033333
1 0.679619 0.190741 0.026882 0.064815
1 0.549609 0.358333 0.029814 0.048148
1 0.649560 0.362963 0.035191 0.062963
1 0.633187 0.385648 0.016129 0.047222
1 0.553030 0.560185 0.017107 0.044444
1 0.503910 0.922222 0.068426 0.151852
1 0.575269 0.874537 0.068426 0.197222
1 0.539589 0.598611 0.025415 0.060185
1 0.517107 0.593056 0.023460 0.032407
1 0.511486 0.726389 0.025904 0.054630
1 0.574536 0.685648 0.032747 0.043519
1 0.650049 0.527315 0.034213 0.065741
1 0.672043 0.537963 0.017595 0.040741
1 0.671554 0.442593 0.016618 0.037037
1 0.518817 0.665741 0.027859 0.050000
1 0.459677 0.685185 0.015152 0.035185
1 0.639052 0.265278 0.017107 0.047222
1 0.732893 0.285185 0.037634 0.044444
1 0.664956 0.337500 0.021017 0.037963
1 0.639541 0.960185 0.032747 0.061111
1 0.595064 0.959259 0.019062 0.064815
0 0.828690 0.076389 0.098240 0.152778
0 0.803519 0.261574 0.085044 0.200926
0 0.801320 0.431019 0.196970 0.247222
0 0.779081 0.557407 0.138807 0.246296
0 0.805230 0.734722 0.114858 0.139815
1 0.873900 0.281944 0.025415 0.028704
1 0.960655 0.408796 0.021994 0.032407
1 0.842131 0.905093 0.046921 0.062037
1 0.852884 0.751389 0.030303 0.050926
1 0.961144 0.812037 0.018084 0.068519
1 0.941838 0.827315 0.015640 0.058333
1 0.757087 0.968981 0.034213 0.036111
1 0.712854 0.852315 0.023949 0.039815
1 0.834066 0.791667 0.025904 0.051852
1 0.833578 0.724537 0.008309 0.032407
1 0.849951 0.712963 0.013685 0.024074
1 0.860704 0.772685 0.019550 0.017593
1 0.854350 0.956481 0.027370 0.072222
1 0.764418 0.094444 0.020528 0.025926
1 0.754643 0.178241 0.013685 0.041667
1 0.064027 0.509259 0.031281 0.057407
1 0.456500 0.790741 0.021505 0.035185
1 0.263930 0.110648 0.055718 0.112037