1 0.250000 0.990741 0.042522 0.016667
1 0.812805 0.953704 0.009775 0.020370
1 0.922287 0.947222 0.009775 0.020370
1 0.299365 0.875000 0.010264 0.014815
1 0.143451 0.889352 0.021017 0.049074
1 0.879277 0.864815 0.030303 0.074074
1 0.391740 0.844907 0.023949 0.045370
1 0.795699 0.811574 0.019550 0.025000
1 0.650538 0.811574 0.013685 0.047222
1 0.503910 0.781481 0.018573 0.050000
1 0.045699 0.801389 0.018084 0.113889
1 0.816227 0.750000 0.018573 0.033333
1 0.780792 0.745370 0.018084 0.048148
1 0.242424 0.692593 0.019550 0.046296
1 0.835288 0.674537 0.007820 0.021296
1 0.678397 0.706944 0.041056 0.087963
1 0.429130 0.678241 0.009775 0.047222
1 0.404203 0.617593 0.012708 0.029630
1 0.021505 0.616667 0.019550 0.022222
1 0.886119 0.618056 0.032258 0.041667
1 0.771017 0.631481 0.058162 0.100000
1 0.301808 0.576852 0.010264 0.014815
1 0.228983 0.579630 0.015152 0.040741
1 0.370479 0.560648 0.059629 0.121296
1 0.919110 0.548148 0.028837 0.100000
1 0.882942 0.506944 0.012219 0.017593
1 0.094330 0.497222 0.014663 0.029630
1 0.770528 0.480556 0.025904 0.020370
1 0.871457 0.484722 0.017595 0.041667
1 0.697703 0.465278 0.021017 0.058333
1 0.186950 0.450000 0.040567 0.040741
1 0.937683 0.441667 0.024927 0.061111
1 0.422776 0.428241 0.024438 0.028704
1 0.498045 0.408796 0.015640 0.021296
1 0.992669 0.368519 0.013685 0.033333
1 0.954301 0.354630 0.029814 0.053704
1 0.152004 0.338889 0.009775 0.022222
1 0.445259 0.343056 0.016618 0.037963
1 0.870235 0.372222 0.065982 0.098148
1 0.473607 0.309722 0.011730 0.013889
1 0.011975 0.306944 0.023949 0.039815
1 0.963587 0.281019 0.020039 0.039815
1 0.939638 0.271296 0.016129 0.051852
1 0.253421 0.287037 0.040567 0.088889
1 0.967742 0.222222 0.030303 0.027778
1 0.683040 0.220833 0.010264 0.023148
1 0.280547 0.249074 0.043011 0.083333
1 0.497067 0.218981 0.038123 0.073148
1 0.024194 0.178241 0.033724 0.075000
1 0.009775 0.089815 0.016618 0.022222
1 0.490469 0.049074 0.027859 0.064815
1 0.571603 0.016204 0.036657 0.032407
1 0.110459 0.028704 0.036168 0.055556
1 0.180352 0.157407 0.042033 0.044444
1 0.054741 0.854630 0.108504 0.287037
1 0.269062 0.356481 0.039589 0.029630
1 0.327957 0.167593 0.033236 0.079630
1 0.318182 0.233333 0.042033 0.059259
1 0.277859 0.821296 0.032747 0.092593
1 0.283480 0.705556 0.049853 0.044444
1 0.177419 0.736111 0.013685 0.051852
1 0.213587 0.775000 0.051808 0.096296
1 0.215054 0.703241 0.028348 0.032407
1 0.418377 0.451389 0.025415 0.043519
1 0.384409 0.740741 0.038612 0.044444
1 0.343353 0.746296 0.050342 0.170370
1 0.446481 0.774074 0.019062 0.027778
1 0.467498 0.756481 0.020039 0.040741
1 0.436217 0.906481 0.020039 0.024074
1 0.454301 0.942130 0.016129 0.030556
1 0.411535 0.984259 0.025415 0.027778
1 0.373167 0.990278 0.007331 0.017593
1 0.435973 0.072222 0.067449 0.144444
1 0.597263 0.051852 0.064516 0.092593
0 0.601173 0.313426 0.143695 0.289815
0 0.589932 0.767130 0.098729 0.210185
0 0.573558 0.916667 0.171554 0.164815
0 0.550098 0.595370 0.089443 0.257407
0 0.616569 0.512037 0.082600 0.257407
1 0.559384 0.134722 0.031769 0.043519
0 0.582111 0.170833 0.109482 0.176852
1 0.714809 0.793519 0.036657 0.037037
1 0.727273 0.758333 0.027370 0.055556
1 0.693304 0.772685 0.007331 0.025000
1 0.966520 0.751852 0.032747 0.046296
1 0.947458 0.632407 0.025904 0.057407
1 0.955523 0.676389 0.027370 0.043519
1 0.965543 0.458333 0.040567 0.090741
1 0.749511 0.036111 0.036657 0.061111
1 0.801075 0.130093 0.055718 0.087963
0 0.809384 0.044907 0.101662 0.089815
1 0.894917 0.237963 0.049853 0.109259
0 0.898827 0.092593 0.135875 0.185185