1 0.170332 0.061574 0.035679 0.086111
1 0.026882 0.293519 0.025415 0.044444
1 0.041056 0.199537 0.039101 0.102778
1 0.054497 0.598611 0.047410 0.075000
1 0.179374 0.666204 0.043988 0.121296
1 0.103617 0.710648 0.032258 0.054630
1 0.107527 0.948611 0.061584 0.087963
1 0.173509 0.967130 0.048876 0.052778
1 0.337243 0.864352 0.030303 0.067593
1 0.333578 0.806019 0.037634 0.062037
1 0.356794 0.672685 0.037146 0.076852
1 0.367058 0.753241 0.031281 0.069444
1 0.420088 0.770833 0.038612 0.062037
1 0.469453 0.814815 0.051320 0.131481
1 0.431329 0.941667 0.046432 0.103704
1 0.471408 0.957870 0.040567 0.071296
1 0.556452 0.876852 0.058162 0.105556
1 0.566471 0.961574 0.052786 0.071296
1 0.634653 0.934722 0.081623 0.099074
1 0.687928 0.933333 0.030792 0.079630
1 0.682307 0.762037 0.079179 0.172222
0 0.764174 0.770370 0.108016 0.348148
1 0.830890 0.825000 0.048876 0.059259
1 0.877077 0.864352 0.039589 0.060185
0 0.926686 0.918519 0.075269 0.153704
1 0.986070 0.886111 0.021994 0.055556
1 0.972630 0.557870 0.030303 0.087963
1 0.658847 0.598611 0.042033 0.065741
1 0.662268 0.497685 0.055718 0.110185
1 0.694770 0.575463 0.048387 0.076852
1 0.758553 0.600463 0.042033 0.089815
1 0.715543 0.318519 0.043988 0.075926
0 0.782014 0.374074 0.113392 0.177778
0 0.779814 0.519907 0.134409 0.149074
1 0.780303 0.230556 0.047410 0.085185
1 0.668866 0.206019 0.038612 0.086111
1 0.666422 0.077778 0.040567 0.066667
1 0.647849 0.020370 0.030792 0.038889
1 0.614370 0.032407 0.019550 0.062963
1 0.571114 0.045370 0.052297 0.090741
1 0.568182 0.151389 0.051320 0.080556
1 0.597996 0.351389 0.035679 0.099074
1 0.644917 0.328704 0.019062 0.038889
1 0.584066 0.584722 0.047898 0.054630
1 0.545455 0.528704 0.029326 0.061111
1 0.479961 0.568981 0.035191 0.089815
1 0.422287 0.562963 0.060606 0.103704
1 0.452590 0.546759 0.019550 0.039815
1 0.544477 0.703704 0.064516 0.100000
1 0.427664 0.111574 0.043988 0.086111
1 0.478250 0.110648 0.050342 0.119444
1 0.508553 0.056944 0.035679 0.050926
1 0.413734 0.038889 0.027859 0.068519
1 0.458944 0.032407 0.060606 0.064815
1 0.354106 0.025926 0.029814 0.050000
1 0.321848 0.125463 0.032747 0.052778
1 0.320137 0.231481 0.031281 0.057407
0 0.358504 0.371759 0.114858 0.195370
0 0.251222 0.318519 0.134897 0.212963
0 0.242669 0.467130 0.198925 0.197222
1 0.287146 0.289815 0.046432 0.068519
1 0.264174 0.230556 0.065982 0.072222
1 0.278348 0.146759 0.057185 0.102778
1 0.214565 0.193981 0.034213 0.043519
0 0.244624 0.085185 0.108016 0.170370
0 0.223851 0.768519 0.184751 0.392593
1 0.262219 0.957407 0.072825 0.079630
1 0.322581 0.926852 0.043011 0.057407
1 0.459677 0.465741 0.035679 0.051852
0 0.771505 0.113426 0.152981 0.226852
1 0.921310 0.096759 0.028348 0.041667
1 0.973607 0.065741 0.045943 0.085185
1 0.879521 0.241667 0.039589 0.085185
1 0.905670 0.280556 0.036168 0.070370
1 0.960166 0.280093 0.026882 0.052778
1 0.929374 0.440741 0.032747 0.074074
1 0.941593 0.574537 0.023949 0.075000
1 0.968475 0.635185 0.024927 0.046296
1 0.846041 0.093981 0.030303 0.041667
1 0.896383 0.697685 0.058651 0.052778
1 0.899316 0.761111 0.023460 0.037037
1 0.142473 0.237037 0.041544 0.103704
1 0.112903 0.233796 0.030303 0.091667
1 0.121701 0.568519 0.022483 0.057407
1 0.139785 0.513426 0.028348 0.030556
1 0.068915 0.864815 0.018573 0.024074
1 0.429374 0.206944 0.057185 0.099074
1 0.408358 0.253241 0.017107 0.045370
1 0.384409 0.245370 0.022972 0.059259
1 0.465787 0.261111 0.057674 0.079630
1 0.443793 0.314352 0.048876 0.093519
1 0.694282 0.418519 0.049365 0.053704
1 0.697458 0.478704 0.029326 0.096296
1 0.812561 0.272222 0.033724 0.040741