1 0.013196 0.033333 0.019550 0.059259
1 0.028837 0.024074 0.029326 0.048148
1 0.034213 0.205556 0.030303 0.051852
1 0.104594 0.237500 0.020528 0.028704
1 0.049365 0.414815 0.017595 0.050000
1 0.081134 0.561574 0.009775 0.019444
1 0.102395 0.605093 0.016129 0.039815
1 0.014663 0.651852 0.029326 0.059259
1 0.077468 0.725000 0.025904 0.061111
1 0.080156 0.763426 0.015640 0.043519
1 0.055718 0.983796 0.032258 0.030556
1 0.145406 0.948611 0.053275 0.099074
1 0.163734 0.769907 0.029326 0.041667
1 0.164467 0.797685 0.016129 0.023148
1 0.154448 0.847685 0.044966 0.112037
1 0.192815 0.885185 0.045455 0.107407
1 0.211388 0.934722 0.026882 0.054630
1 0.263441 0.783796 0.020528 0.030556
1 0.236315 0.673611 0.007331 0.010185
1 0.157136 0.479167 0.020039 0.036111
1 0.178641 0.452778 0.027859 0.050000
1 0.207478 0.362963 0.008309 0.009259
1 0.150049 0.280556 0.016618 0.075926
1 0.211877 0.204630 0.033724 0.046296
1 0.255132 0.099537 0.014663 0.025000
1 0.222630 0.071296 0.036657 0.077778
1 0.254888 0.012963 0.015152 0.025926
1 0.198925 0.285648 0.056696 0.093519
1 0.268328 0.440741 0.012708 0.022222
1 0.274194 0.451852 0.002933 0.012963
1 0.298143 0.473611 0.035191 0.050926
1 0.219208 0.546296 0.085533 0.161111
1 0.271261 0.245370 0.048876 0.064815
1 0.292522 0.363889 0.015152 0.024074
1 0.336510 0.472685 0.015152 0.034259
1 0.341887 0.093981 0.024927 0.039815
1 0.318671 0.237500 0.032258 0.054630
1 0.354839 0.257407 0.019550 0.042593
1 0.322336 0.276389 0.067937 0.075000
1 0.419355 0.882407 0.013685 0.025926
1 0.408602 0.926389 0.012708 0.034259
1 0.373412 0.562500 0.014663 0.039815
1 0.418622 0.175463 0.011241 0.041667
1 0.390274 0.034722 0.038612 0.069444
1 0.410068 0.026852 0.022483 0.025926
1 0.523949 0.375463 0.011730 0.025000
1 0.538368 0.495833 0.015152 0.023148
1 0.594575 0.457870 0.013196 0.013889
1 0.552786 0.671759 0.058651 0.108333
1 0.562317 0.634259 0.021994 0.018519
1 0.529814 0.767130 0.030303 0.054630
1 0.501222 0.833796 0.077713 0.186111
1 0.478495 0.873148 0.023460 0.033333
0 0.463099 0.939352 0.090420 0.119444
1 0.547654 0.114352 0.035679 0.063889
1 0.528104 0.094907 0.008309 0.008333
1 0.545455 0.185185 0.036168 0.033333
1 0.568915 0.232407 0.025415 0.051852
1 0.588954 0.079630 0.020528 0.024074
1 0.611193 0.117593 0.045455 0.083333
1 0.723118 0.871759 0.013196 0.015741
1 0.724585 0.743519 0.010264 0.018519
1 0.743157 0.707407 0.038612 0.055556
1 0.729717 0.184722 0.011730 0.023148
1 0.723118 0.272685 0.024927 0.060185
1 0.703079 0.276852 0.025904 0.083333
1 0.796676 0.106019 0.009775 0.037963
1 0.819892 0.158333 0.018084 0.038889
1 0.839687 0.206019 0.007820 0.019444
1 0.824780 0.235648 0.016129 0.032407
1 0.835044 0.229630 0.011241 0.027778
0 0.507576 0.043981 0.095308 0.087963
0 0.464076 0.148611 0.143206 0.184259
0 0.447458 0.305556 0.131476 0.205556
0 0.465054 0.662963 0.145161 0.285185
1 0.806207 0.827778 0.054252 0.122222
1 0.987537 0.888426 0.022972 0.028704
1 0.842864 0.587963 0.029814 0.061111
1 0.862659 0.641204 0.012708 0.023148
1 0.912512 0.585648 0.018573 0.034259
1 0.775415 0.346759 0.014174 0.025000
1 0.826735 0.402315 0.019062 0.021296
1 0.898094 0.177315 0.012219 0.026852
1 0.993157 0.050000 0.012708 0.033333
1 0.825513 0.263426 0.021505 0.037963
1 0.009286 0.151852 0.018573 0.066667