1 0.573069 0.986111 0.014174 0.025926
1 0.029814 0.982870 0.009775 0.025000
0 0.504643 0.981019 0.031769 0.036111
1 0.009531 0.979630 0.019062 0.038889
1 0.491691 0.918056 0.015640 0.032407
1 0.920332 0.866667 0.007820 0.025926
1 0.249022 0.893519 0.091398 0.125926
1 0.954790 0.826852 0.009286 0.025926
1 0.349707 0.781019 0.037634 0.056481
1 0.065249 0.769907 0.051320 0.056481
1 0.248534 0.735648 0.016129 0.034259
1 0.013441 0.714815 0.026882 0.053704
1 0.470186 0.615278 0.012708 0.025000
0 0.026637 0.596759 0.053275 0.113889
1 0.071848 0.468519 0.033236 0.042593
1 0.916911 0.426852 0.013685 0.029630
1 0.667400 0.417593 0.008309 0.012963
1 0.990469 0.417130 0.012219 0.019444
1 0.272239 0.397685 0.006843 0.023148
1 0.286901 0.319907 0.016618 0.036111
1 0.229228 0.321759 0.014663 0.058333
1 0.165689 0.321759 0.043011 0.069444
1 0.665689 0.294907 0.009775 0.017593
1 0.054252 0.200463 0.021505 0.039815
1 0.263441 0.021759 0.012708 0.019444
1 0.323803 0.010648 0.015152 0.021296
1 0.349707 0.878704 0.043500 0.138889
0 0.480450 0.712037 0.113392 0.151852
1 0.407380 0.665278 0.046432 0.052778
1 0.590176 0.578704 0.028837 0.064815
1 0.417889 0.430556 0.025415 0.053704
1 0.426931 0.525463 0.029814 0.047222
1 0.549853 0.520370 0.031281 0.046296
0 0.484115 0.524537 0.105083 0.113889
1 0.437195 0.444907 0.029814 0.075000
1 0.375611 0.397222 0.031769 0.092593
1 0.360459 0.135185 0.094330 0.175926
0 0.453079 0.325926 0.176931 0.364815
0 0.472874 0.095833 0.176442 0.191667
1 0.159335 0.946296 0.026393 0.040741
1 0.032014 0.929630 0.032747 0.051852
1 0.020283 0.493981 0.039589 0.036111
1 0.216031 0.443056 0.032258 0.028704
1 0.167644 0.013426 0.016618 0.026852
1 0.247801 0.177315 0.051808 0.049074
1 0.293988 0.533333 0.021017 0.038889
1 0.850440 0.666204 0.027370 0.050926
1 0.850440 0.599074 0.042033 0.109259
1 0.760508 0.541204 0.010753 0.010185
1 0.779570 0.522685 0.031281 0.084259
1 0.645161 0.482870 0.035191 0.071296
1 0.717986 0.103704 0.035191 0.053704
1 0.720186 0.015741 0.022972 0.020370
1 0.769795 0.282870 0.033236 0.089815