1 0.237048 0.908796 0.030303 0.026852
1 0.023216 0.898611 0.019062 0.030556
1 0.946725 0.906944 0.020528 0.058333
1 0.982649 0.868981 0.014174 0.023148
1 0.473607 0.848611 0.017595 0.050926
1 0.265885 0.829630 0.026393 0.025926
1 0.241691 0.761111 0.023949 0.050000
1 0.540811 0.739352 0.017107 0.037963
1 0.722874 0.696759 0.007820 0.025000
1 0.836755 0.690741 0.030303 0.040741
1 0.200880 0.710185 0.012708 0.055556
1 0.429619 0.655093 0.040078 0.037963
1 0.508553 0.680556 0.025904 0.053704
1 0.402981 0.639352 0.030792 0.030556
1 0.495112 0.598611 0.019550 0.039815
1 0.276393 0.559722 0.037634 0.060185
1 0.543255 0.560648 0.022972 0.047222
1 0.021017 0.509722 0.021505 0.045370
1 0.534702 0.486111 0.014663 0.029630
1 0.917644 0.485185 0.009286 0.027778
1 0.123167 0.481019 0.027370 0.065741
1 0.914467 0.443056 0.015640 0.045370
1 0.015152 0.355093 0.028348 0.052778
1 0.405425 0.357407 0.033724 0.059259
1 0.949902 0.312500 0.027859 0.060185
1 0.568915 0.282407 0.014663 0.029630
1 0.131720 0.243056 0.047410 0.043519
1 0.092375 0.212500 0.024438 0.052778
1 0.735093 0.201852 0.029326 0.044444
1 0.069404 0.146759 0.047898 0.058333
1 0.730694 0.126852 0.017595 0.053704
1 0.025415 0.949074 0.017595 0.038889
1 0.060117 0.743056 0.031281 0.037963
1 0.135630 0.764352 0.025904 0.026852
1 0.149071 0.423611 0.051808 0.067593
1 0.173265 0.436111 0.037634 0.081481
1 0.158358 0.172222 0.016618 0.025926
1 0.015640 0.101852 0.023460 0.037037
1 0.083089 0.075926 0.029326 0.059259
1 0.005132 0.067593 0.010264 0.048148
1 0.023949 0.018056 0.023460 0.034259
1 0.271261 0.801389 0.023460 0.023148
1 0.254154 0.648148 0.017595 0.057407
1 0.270283 0.712963 0.037146 0.092593
1 0.258065 0.127315 0.028348 0.063889
1 0.277370 0.108796 0.022972 0.039815
1 0.245846 0.006481 0.014663 0.012963
1 0.498289 0.797222 0.012219 0.059259
1 0.522972 0.801852 0.031281 0.050000
1 0.533969 0.425000 0.017107 0.037037
1 0.971896 0.916667 0.018084 0.051852
1 0.898338 0.255556 0.017595 0.031481
1 0.894184 0.457407 0.018084 0.048148
1 0.886852 0.500000 0.019062 0.038889
1 0.922776 0.552778 0.037146 0.022222
1 0.947214 0.639352 0.019550 0.065741
1 0.923021 0.635185 0.032747 0.031481
1 0.885875 0.676389 0.015152 0.050926
0 0.420577 0.920833 0.230205 0.156481
1 0.438661 0.149537 0.042522 0.041667
0 0.479961 0.162963 0.323558 0.325926
0 0.400782 0.057870 0.170088 0.113889