0 0.546188 0.949074 0.145161 0.100000
1 0.903226 0.682870 0.018573 0.056481
1 0.450147 0.651389 0.011730 0.025000
1 0.014907 0.595833 0.008309 0.021296
1 0.977028 0.567130 0.016618 0.012037
1 0.133675 0.428241 0.026882 0.032407
1 0.738270 0.034722 0.013196 0.041667
1 0.039101 0.868056 0.013685 0.019444
1 0.278592 0.887500 0.098729 0.134259
0 0.511241 0.713426 0.136852 0.352778
1 0.410557 0.834259 0.010753 0.040741
1 0.396628 0.891667 0.021017 0.025926
1 0.801075 0.440741 0.035191 0.044444
1 0.746334 0.558796 0.061584 0.100926