1 0.231916 0.117130 0.028837 0.045370
1 0.305963 0.197685 0.052786 0.076852
1 0.231672 0.248148 0.049853 0.088889
1 0.260997 0.392130 0.024438 0.054630
1 0.232160 0.409722 0.043988 0.075000
1 0.194037 0.429167 0.019550 0.045370
1 0.207967 0.484722 0.020039 0.039815
1 0.203812 0.525926 0.031281 0.048148
1 0.229472 0.547685 0.026882 0.034259
1 0.113148 0.584259 0.019062 0.050000
1 0.379521 0.953704 0.028837 0.042593
1 0.404692 0.942130 0.019550 0.034259
1 0.337243 0.936574 0.024438 0.043519
1 0.359238 0.679167 0.039101 0.095370
1 0.341398 0.520833 0.029814 0.037963
1 0.368768 0.512963 0.021994 0.040741
1 0.386364 0.484259 0.045455 0.075926
1 0.395406 0.423611 0.032258 0.067593
1 0.351417 0.425000 0.025415 0.055556
1 0.412023 0.026852 0.026393 0.042593
1 0.574780 0.107407 0.022483 0.042593
1 0.465543 0.329167 0.029814 0.028704
1 0.510508 0.215741 0.023949 0.064815
1 0.478495 0.463889 0.030303 0.046296
1 0.499756 0.502778 0.025904 0.070370
1 0.497801 0.588426 0.034702 0.062037
1 0.553030 0.718056 0.038612 0.050926
1 0.474340 0.748148 0.021994 0.048148
1 0.489247 0.708333 0.027370 0.050000
1 0.486315 0.025463 0.025415 0.049074
1 0.662512 0.067593 0.024927 0.074074
1 0.695015 0.104167 0.019550 0.041667
1 0.713099 0.197222 0.040078 0.057407
1 0.653470 0.229167 0.063539 0.078704
1 0.626833 0.360648 0.022972 0.043519
1 0.682796 0.650926 0.028348 0.090741
1 0.708700 0.700463 0.033236 0.089815
1 0.769306 0.660185 0.026393 0.040741
1 0.790078 0.648611 0.022972 0.050926
1 0.837732 0.677315 0.021505 0.067593
1 0.827713 0.712500 0.048387 0.065741
1 0.854106 0.756019 0.023949 0.062037
1 0.927419 0.967130 0.022972 0.056481
1 0.900782 0.807407 0.016618 0.057407
1 0.826246 0.478241 0.029814 0.058333
1 0.923998 0.371296 0.021994 0.057407
1 0.918622 0.056481 0.034702 0.070370
1 0.832356 0.036111 0.026393 0.050000