0 0.459189 0.574074 0.111926 0.385185
0 0.466520 0.409259 0.068915 0.275926
0 0.450391 0.269907 0.131476 0.213889
0 0.435973 0.110185 0.136852 0.220370
1 0.549853 0.174537 0.079179 0.113889
1 0.590909 0.062963 0.056696 0.125926
1 0.234848 0.331481 0.159824 0.220370
1 0.031525 0.266667 0.058162 0.137037
1 0.250244 0.603241 0.042033 0.113889
1 0.285435 0.872685 0.105572 0.249074
1 0.790811 0.858796 0.049853 0.110185
1 0.501466 0.822222 0.058651 0.090741
1 0.082600 0.044907 0.025415 0.043519
1 0.136119 0.116204 0.058162 0.060185
1 0.197214 0.148148 0.023949 0.025926
1 0.210655 0.226852 0.023460 0.035185
1 0.308895 0.228241 0.024438 0.041667
1 0.304008 0.134722 0.043011 0.049074
1 0.121457 0.597685 0.040567 0.067593
1 0.047410 0.540741 0.047898 0.050000
1 0.015396 0.557407 0.029814 0.061111
1 0.155425 0.379167 0.022483 0.030556
1 0.065982 0.646296 0.024438 0.059259
1 0.061339 0.782870 0.038612 0.067593
1 0.229472 0.703241 0.021994 0.041667
1 0.035191 0.969907 0.037146 0.037963
1 0.316227 0.487963 0.032258 0.042593
1 0.297654 0.451389 0.032258 0.052778
1 0.272727 0.506019 0.029326 0.050926
1 0.333333 0.455093 0.024438 0.054630
1 0.291300 0.639815 0.031281 0.050000
1 0.470674 0.926389 0.027370 0.041667
1 0.437195 0.963426 0.027859 0.041667
1 0.472385 0.976389 0.026882 0.028704
0 0.422776 0.743519 0.091887 0.305556
1 0.409824 0.581481 0.042522 0.064815
1 0.525415 0.533796 0.023460 0.028704
1 0.717498 0.946759 0.033236 0.084259
1 0.652493 0.594907 0.022483 0.056481
1 0.601417 0.557870 0.028837 0.052778
1 0.734604 0.554167 0.030303 0.067593
1 0.782747 0.592593 0.040567 0.048148
1 0.811339 0.781019 0.018573 0.054630
1 0.826491 0.738426 0.024438 0.054630
1 0.780059 0.745370 0.017595 0.046296
1 0.751711 0.290741 0.023460 0.070370
1 0.693304 0.444907 0.020039 0.039815
1 0.658847 0.408796 0.023460 0.041667
1 0.630254 0.108333 0.015152 0.031481
1 0.599707 0.394907 0.018573 0.017593
1 0.908602 0.097685 0.016618 0.021296
1 0.909091 0.363889 0.012708 0.022222
1 0.522483 0.030093 0.022483 0.037963