1 0.184995 0.471759 0.022972 0.032407
1 0.347263 0.190278 0.057185 0.093519
1 0.300831 0.030556 0.069892 0.055556
1 0.347996 0.012037 0.028348 0.024074
1 0.177419 0.743519 0.015640 0.033333
1 0.398094 0.895370 0.045455 0.105556
1 0.380743 0.697685 0.026393 0.050926
1 0.484115 0.037963 0.050342 0.072222
1 0.567204 0.018519 0.046432 0.033333
1 0.598485 0.004630 0.017107 0.009259
1 0.531281 0.250463 0.026393 0.054630
0 0.601417 0.229630 0.323069 0.459259
1 0.472385 0.322222 0.017107 0.022222
1 0.520039 0.582870 0.059629 0.126852
1 0.482160 0.656019 0.016129 0.019444
1 0.475806 0.612500 0.008309 0.028704
0 0.619257 0.531019 0.272727 0.358333
1 0.663001 0.812963 0.074780 0.050000
1 0.518328 0.938889 0.020039 0.044444
1 0.515885 0.975926 0.013196 0.033333
0 0.651515 0.793519 0.423265 0.409259
1 0.808895 0.945370 0.019550 0.018519
1 0.789834 0.837963 0.006843 0.022222
1 0.793988 0.650463 0.022972 0.047222
1 0.764907 0.442130 0.012708 0.032407
1 0.872190 0.124537 0.031769 0.062037
1 0.747067 0.108333 0.035679 0.077778
1 0.795943 0.119444 0.024927 0.059259
1 0.734360 0.021759 0.023949 0.043519
1 0.772727 0.035648 0.065494 0.071296
1 0.785924 0.064352 0.039101 0.062037
1 0.990469 0.136111 0.017107 0.042593
1 0.941838 0.291667 0.032258 0.048148
1 0.986559 0.749074 0.023949 0.044444
1 0.994135 0.523611 0.007820 0.037963