1 0.764174 0.952778 0.017107 0.044444
1 0.976051 0.935648 0.043988 0.047222
1 0.356794 0.931944 0.034213 0.050926
1 0.638319 0.935185 0.056696 0.087037
1 0.319892 0.915278 0.029814 0.063889
1 0.553519 0.890741 0.047410 0.066667
1 0.904692 0.883796 0.030303 0.067593
1 0.982405 0.865741 0.023460 0.074074
1 0.313050 0.850000 0.016129 0.070370
1 0.934018 0.822222 0.027370 0.035185
1 0.287390 0.813426 0.022483 0.047222
1 0.331134 0.784259 0.012219 0.048148
1 0.949169 0.774537 0.017595 0.036111
1 0.655914 0.774537 0.062561 0.071296
1 0.922287 0.749074 0.014663 0.040741
1 0.656647 0.707407 0.024927 0.051852
1 0.611437 0.704167 0.056696 0.069444
1 0.672776 0.656019 0.021994 0.041667
1 0.516373 0.683796 0.029814 0.086111
1 0.977273 0.665278 0.024927 0.062037
1 0.879277 0.666204 0.023460 0.086111
1 0.945992 0.630556 0.028837 0.064815
1 0.126833 0.575926 0.020039 0.040741
1 0.691593 0.606481 0.041056 0.111111
0 0.792766 0.671296 0.166178 0.251852
1 0.432063 0.552315 0.010753 0.026852
1 0.917155 0.547685 0.012219 0.030556
1 0.970919 0.549074 0.034702 0.079630
1 0.675220 0.470833 0.013196 0.028704
1 0.943548 0.466204 0.028837 0.047222
1 0.507576 0.447685 0.048387 0.056481
1 0.376588 0.349537 0.018084 0.036111
1 0.978495 0.330556 0.024438 0.053704
1 0.437928 0.316204 0.024438 0.036111
0 0.273705 0.419907 0.164223 0.249074
1 0.048387 0.375463 0.096774 0.160185
1 0.539345 0.282407 0.026882 0.059259
1 0.935239 0.291667 0.014174 0.059259
1 0.607038 0.236111 0.015640 0.048148
1 0.365103 0.223611 0.029326 0.080556
1 0.909091 0.187963 0.021505 0.044444
0 0.478739 0.110648 0.141251 0.221296
0 0.273460 0.126852 0.191105 0.253704
1 0.427908 0.182870 0.041544 0.034259
1 0.487048 0.423148 0.024927 0.055556
1 0.598729 0.093056 0.028348 0.043519
1 0.650049 0.203704 0.033236 0.064815
1 0.592864 0.032407 0.024438 0.029630
1 0.667155 0.323611 0.031281 0.060185
1 0.634409 0.354167 0.029326 0.108333
1 0.721652 0.166667 0.058162 0.070370
1 0.581134 0.430093 0.032258 0.054630
1 0.307185 0.637500 0.109971 0.056481
1 0.341887 0.623148 0.029814 0.055556
1 0.483871 0.780556 0.051808 0.185185
1 0.769550 0.865278 0.049365 0.121296
1 0.733382 0.454630 0.041544 0.088889
0 0.799853 0.369907 0.182307 0.247222
1 0.768573 0.224537 0.066960 0.117593
1 0.820137 0.216667 0.042033 0.079630
1 0.940860 0.081944 0.116325 0.156481
1 0.027370 0.728241 0.042033 0.078704
1 0.101906 0.458333 0.063050 0.077778
1 0.096530 0.377778 0.031769 0.055556
1 0.099951 0.114352 0.032747 0.087963
1 0.094819 0.037963 0.072336 0.075926