1 0.027370 0.127315 0.054741 0.054630
1 0.006598 0.005556 0.013196 0.011111
1 0.010753 0.431481 0.021505 0.011111
1 0.010020 0.603704 0.010264 0.031481
1 0.119746 0.748611 0.016618 0.036111
1 0.117546 0.917593 0.017107 0.040741
1 0.077468 0.910185 0.007331 0.014815
1 0.216764 0.792130 0.007331 0.023148
1 0.249756 0.929630 0.009775 0.018519
1 0.175220 0.256019 0.028837 0.058333
1 0.245357 0.013889 0.054741 0.027778
1 0.480938 0.056944 0.039101 0.084259
1 0.495357 0.081481 0.030792 0.050000
1 0.406647 0.554167 0.028348 0.069444
1 0.438905 0.495833 0.009775 0.015741
1 0.440371 0.555556 0.027370 0.083333
1 0.540323 0.515278 0.037634 0.099074
1 0.581867 0.613426 0.020039 0.036111
1 0.354106 0.676852 0.063050 0.112963
1 0.554985 0.646296 0.019062 0.033333
1 0.560117 0.652778 0.058651 0.037037
1 0.903959 0.226852 0.005376 0.016667
1 0.924731 0.236111 0.047898 0.094444
1 0.975562 0.375463 0.033236 0.050926
1 0.944526 0.476389 0.011241 0.013889
1 0.882209 0.659722 0.048876 0.056481
1 0.728739 0.857407 0.054741 0.042593
1 0.728006 0.678704 0.093353 0.146296
1 0.655425 0.606944 0.012708 0.058333
0 0.570137 0.115741 0.221408 0.231481
0 0.541544 0.274074 0.287390 0.390741
1 0.651026 0.266204 0.010753 0.019444
1 0.395894 0.313426 0.009775 0.013889
0 0.483138 0.753704 0.297654 0.490741
0 0.521017 0.836111 0.195503 0.325926
1 0.568915 0.855093 0.019550 0.032407
1 0.599462 0.681019 0.012219 0.026852
1 0.794477 0.950926 0.009286 0.037037
1 0.832600 0.748611 0.009286 0.010185
1 0.839198 0.372685 0.024438 0.026852
1 0.861193 0.063889 0.012708 0.014815