1 0.775904 0.989352 0.014174 0.019444
1 0.898094 0.863889 0.030792 0.024074
1 0.753666 0.723611 0.030303 0.054630
1 0.119990 0.689815 0.024927 0.061111
1 0.962854 0.692593 0.034213 0.055556
1 0.981916 0.645833 0.018573 0.030556
1 0.632454 0.631944 0.023460 0.013889
1 0.008065 0.623611 0.016129 0.047222
1 0.966520 0.613426 0.020039 0.034259
1 0.924487 0.537500 0.014174 0.036111
1 0.444282 0.426852 0.005865 0.024074
1 0.052542 0.422222 0.016129 0.020370
1 0.005376 0.375926 0.010753 0.029630
1 0.009286 0.091667 0.018573 0.020370
1 0.009042 0.012500 0.018084 0.025000
1 0.777859 0.006944 0.009286 0.013889
1 0.032502 0.011111 0.015152 0.022222
1 0.061584 0.056944 0.010753 0.039815
1 0.012952 0.282407 0.025904 0.038889
1 0.065249 0.307870 0.022972 0.043519
1 0.086022 0.239815 0.045943 0.050000
1 0.084555 0.217130 0.018573 0.039815
1 0.017840 0.489352 0.028837 0.025000
1 0.018817 0.485185 0.022972 0.048148
1 0.078935 0.600463 0.020039 0.039815
1 0.027615 0.726852 0.015152 0.046296
1 0.037879 0.713426 0.011241 0.030556
1 0.020039 0.770833 0.007820 0.041667
1 0.018817 0.850000 0.011241 0.042593
1 0.003177 0.973148 0.006354 0.035185
1 0.012463 0.986574 0.024927 0.025000
1 0.058407 0.875463 0.014174 0.034259
1 0.082111 0.881019 0.028348 0.034259
1 0.061584 0.869907 0.020528 0.036111
1 0.004154 0.701389 0.008309 0.019444
1 0.070626 0.557870 0.032747 0.043519
1 0.111437 0.526852 0.011730 0.038889
1 0.076002 0.520833 0.015152 0.034259
1 0.097996 0.484722 0.028837 0.062037
1 0.248289 0.257407 0.015640 0.033333
1 0.250733 0.150000 0.015640 0.011111
1 0.131965 0.154167 0.018573 0.028704
1 0.267107 0.630093 0.018084 0.039815
1 0.312072 0.627778 0.020039 0.057407
1 0.266373 0.563889 0.020528 0.074074
1 0.280059 0.560648 0.026393 0.032407
1 0.268084 0.507407 0.025904 0.044444
1 0.284702 0.526389 0.013196 0.043519
1 0.276637 0.462963 0.022483 0.061111
1 0.312561 0.438889 0.034702 0.048148
1 0.301564 0.370833 0.017595 0.026852
1 0.282014 0.370370 0.023460 0.040741
1 0.267595 0.392593 0.013196 0.040741
1 0.279570 0.174537 0.017595 0.034259
1 0.301564 0.176852 0.027370 0.050000
1 0.258065 0.803704 0.029326 0.046296
1 0.262463 0.905093 0.026393 0.067593
1 0.276149 0.896296 0.022483 0.050000
1 0.285924 0.909259 0.007820 0.027778
1 0.400538 0.644907 0.021994 0.034259
1 0.393206 0.575000 0.018084 0.025926
1 0.410802 0.607870 0.025904 0.034259
1 0.410313 0.529630 0.025904 0.053704
1 0.426197 0.191667 0.024438 0.033333
1 0.466031 0.238889 0.015152 0.037037
1 0.471408 0.012500 0.023949 0.025000
1 0.624878 0.208333 0.011241 0.042593
0 0.565249 0.156481 0.262463 0.311111
1 0.535924 0.437500 0.015152 0.026852
0 0.611437 0.398148 0.260020 0.446296
1 0.431818 0.836111 0.021017 0.042593
1 0.476784 0.538426 0.023949 0.041667
0 0.593353 0.721759 0.409580 0.554630
1 0.743646 0.923148 0.018084 0.035185
1 0.782747 0.779167 0.025904 0.036111
1 0.771017 0.784259 0.013196 0.057407
1 0.717742 0.711574 0.011241 0.036111
1 0.730450 0.615741 0.020039 0.024074
1 0.742180 0.658333 0.027859 0.040741
1 0.754154 0.652778 0.030303 0.057407
1 0.764418 0.631481 0.016618 0.044444
1 0.775660 0.358796 0.032258 0.056481
1 0.762952 0.324074 0.021505 0.055556
1 0.757087 0.316204 0.031281 0.052778
1 0.737048 0.301389 0.014663 0.036111
1 0.753666 0.250000 0.030303 0.059259
1 0.731183 0.227778 0.024438 0.046296
1 0.771994 0.218056 0.026882 0.039815
1 0.752444 0.212963 0.016129 0.042593
1 0.714076 0.150463 0.016618 0.028704
1 0.736315 0.178241 0.031769 0.054630
1 0.767351 0.153241 0.015640 0.062037
1 0.733627 0.169444 0.023460 0.027778
1 0.755865 0.155556 0.024927 0.025926
1 0.769795 0.452778 0.033236 0.055556
1 0.772727 0.492593 0.027370 0.025926
1 0.859971 0.472685 0.015152 0.039815
1 0.876344 0.437500 0.016618 0.036111
1 0.867546 0.954630 0.019550 0.053704
1 0.884897 0.981481 0.014174 0.033333
1 0.895650 0.851389 0.010264 0.047222
1 0.926931 0.844444 0.033724 0.061111
1 0.973363 0.768519 0.029814 0.055556
1 0.959677 0.805093 0.023949 0.049074
1 0.955523 0.843519 0.018573 0.031481
1 0.938416 0.757407 0.015640 0.044444
1 0.908602 0.813426 0.013685 0.026852
1 0.919355 0.812037 0.008798 0.024074
1 0.925464 0.787500 0.026882 0.062037
1 0.939883 0.714815 0.005865 0.025926
1 0.997801 0.585185 0.003421 0.014815
1 0.970186 0.968056 0.035191 0.060185
1 0.894673 0.775463 0.020039 0.050926
1 0.871212 0.790741 0.025904 0.051852
1 0.887586 0.674074 0.025415 0.066667
1 0.881965 0.697222 0.033724 0.037037
1 0.869990 0.713426 0.020528 0.025000
1 0.867546 0.747685 0.019550 0.041667
1 0.880743 0.756481 0.010753 0.035185
1 0.881476 0.531019 0.029814 0.056481
1 0.902248 0.533333 0.014663 0.051852
1 0.960655 0.411574 0.020039 0.041667
1 0.925953 0.417593 0.059140 0.074074
1 0.962610 0.256019 0.020039 0.026852
1 0.969453 0.272685 0.013196 0.032407
1 0.894184 0.174074 0.020039 0.037037
1 0.882698 0.154167 0.035191 0.047222
1 0.945259 0.498611 0.027370 0.052778
1 0.980205 0.454630 0.021017 0.046296
1 0.961632 0.489352 0.014174 0.045370
1 0.972874 0.494907 0.020039 0.039815
1 0.989247 0.456019 0.008798 0.054630
1 0.996334 0.477778 0.005376 0.022222
1 0.981427 0.062963 0.015640 0.038889
1 0.967009 0.087963 0.022972 0.035185
1 0.904692 0.025463 0.015640 0.037963
1 0.888563 0.042130 0.018573 0.052778
1 0.891984 0.071296 0.016618 0.033333