1 0.037634 0.550000 0.055718 0.061111
1 0.229472 0.620370 0.022972 0.033333
1 0.424487 0.753704 0.027859 0.061111
1 0.434018 0.661111 0.023460 0.059259
1 0.430841 0.861111 0.036657 0.101852
1 0.263930 0.083333 0.027370 0.057407
1 0.344819 0.184259 0.033724 0.040741
1 0.406891 0.108796 0.034702 0.052778
1 0.412512 0.166204 0.021505 0.043519
1 0.361681 0.339815 0.027370 0.053704
1 0.440860 0.455093 0.021505 0.045370
1 0.432551 0.569907 0.011730 0.023148
1 0.495112 0.091204 0.035191 0.113889
1 0.437439 0.312500 0.025415 0.043519
1 0.450391 0.281481 0.042522 0.046296
1 0.459189 0.285185 0.026882 0.098148
0 0.512463 0.008333 0.040567 0.016667
0 0.555230 0.016204 0.036168 0.032407
1 0.602884 0.019444 0.021017 0.035185
1 0.716031 0.152778 0.086999 0.150000
1 0.566716 0.156944 0.032747 0.075000
1 0.545699 0.218056 0.021017 0.030556
0 0.574780 0.294444 0.215054 0.175926
1 0.503421 0.378241 0.017595 0.041667
1 0.474585 0.282407 0.020528 0.053704
0 0.570381 0.433333 0.086022 0.198148
0 0.572825 0.605093 0.092864 0.175000
1 0.687195 0.623611 0.043011 0.065741
1 0.572825 0.510648 0.014663 0.041667
1 0.479228 0.662037 0.019062 0.038889
1 0.595308 0.825463 0.039101 0.084259
1 0.687195 0.792130 0.022483 0.063889
1 0.743157 0.797222 0.020039 0.037037
0 0.543255 0.729167 0.062072 0.199074
1 0.571359 0.701389 0.018573 0.034259
1 0.594819 0.667593 0.006843 0.048148
1 0.505132 0.905093 0.015152 0.036111
0 0.560117 0.959259 0.137830 0.079630
1 0.586510 0.881944 0.018573 0.023148
1 0.706500 0.888426 0.034702 0.065741
1 0.747556 0.891667 0.059140 0.083333
1 0.789834 0.762963 0.038123 0.066667
1 0.809629 0.982407 0.050342 0.033333
1 0.887586 0.972685 0.014663 0.049074
1 0.823069 0.672222 0.023460 0.055556
1 0.837977 0.627778 0.015152 0.033333
1 0.799609 0.562500 0.009775 0.015741
1 0.827957 0.712963 0.062561 0.092593
1 0.778104 0.450926 0.022483 0.046296
1 0.822581 0.457870 0.030303 0.084259
1 0.685484 0.325926 0.021017 0.051852
1 0.710411 0.273148 0.025904 0.038889
1 0.769306 0.175000 0.033236 0.048148
1 0.772727 0.118056 0.017595 0.037963
1 0.819648 0.178704 0.053763 0.111111
1 0.817204 0.271296 0.031281 0.066667
1 0.898827 0.463426 0.027370 0.039815
1 0.829423 0.063889 0.020528 0.038889
1 0.633675 0.092130 0.019062 0.030556
1 0.650049 0.169444 0.023460 0.014815
1 0.675464 0.016204 0.019550 0.032407
1 0.874878 0.768519 0.013685 0.035185
1 0.938661 0.036574 0.047410 0.073148
1 0.990225 0.125000 0.016618 0.116667
1 0.973363 0.428241 0.026882 0.071296
1 0.932307 0.396759 0.109971 0.215741
1 0.888074 0.395833 0.006843 0.036111
1 0.938172 0.306481 0.047410 0.055556
1 0.886119 0.555093 0.047898 0.071296
1 0.917155 0.613889 0.041544 0.077778
1 0.939150 0.656481 0.032747 0.072222
1 0.995112 0.659722 0.007820 0.021296
1 0.994868 0.749537 0.007331 0.032407
1 0.955279 0.825463 0.069892 0.143519
1 0.857038 0.934259 0.007331 0.016667
1 0.754888 0.618519 0.012219 0.027778