1 0.688416 0.899074 0.025904 0.027778
1 0.372190 0.866204 0.017107 0.043519
1 0.452590 0.836574 0.020528 0.047222
1 0.487292 0.844907 0.018573 0.025000
1 0.826979 0.833796 0.028348 0.043519
1 0.409824 0.831481 0.018084 0.033333
1 0.089687 0.474537 0.025904 0.069444
1 0.174242 0.451389 0.024927 0.050926
1 0.816227 0.426852 0.022483 0.031481
1 0.034457 0.420370 0.015152 0.053704
1 0.479228 0.419907 0.041544 0.052778
1 0.667889 0.257870 0.029814 0.034259
1 0.979228 0.186574 0.022972 0.043519
1 0.902004 0.124537 0.021994 0.025000
1 0.992424 0.136574 0.014174 0.054630
1 0.912023 0.026389 0.027370 0.052778
0 0.210899 0.764352 0.140274 0.312037
0 0.250489 0.497222 0.171554 0.255556
0 0.192815 0.237037 0.195015 0.383333
0 0.218964 0.053704 0.109482 0.107407
1 0.077957 0.377315 0.013196 0.032407
1 0.381232 0.364815 0.018573 0.033333
1 0.391251 0.337963 0.034702 0.068519
1 0.408602 0.355093 0.038123 0.063889
1 0.434751 0.296296 0.036657 0.066667
1 0.329423 0.125926 0.013685 0.044444
1 0.466031 0.057870 0.020039 0.034259
1 0.543500 0.106944 0.013685 0.037963
1 0.599707 0.133796 0.019550 0.030556
1 0.583822 0.148611 0.025904 0.050926
1 0.544233 0.151389 0.026882 0.045370
1 0.560850 0.187037 0.021994 0.053704
1 0.558407 0.217130 0.018084 0.036111
1 0.516618 0.244907 0.023460 0.065741
1 0.541056 0.245370 0.023460 0.042593
1 0.497801 0.267593 0.012219 0.040741
1 0.517351 0.370370 0.015152 0.046296
1 0.387830 0.552778 0.021994 0.050000
1 0.565005 0.383333 0.029326 0.066667
1 0.549609 0.356019 0.019062 0.043519
1 0.542278 0.390278 0.030792 0.030556
1 0.571848 0.448148 0.022483 0.040741
1 0.557429 0.463426 0.020039 0.047222
1 0.547165 0.469444 0.019062 0.055556
1 0.530792 0.510185 0.049853 0.077778
1 0.551320 0.567593 0.030303 0.055556
1 0.453568 0.607870 0.015640 0.025000
1 0.475318 0.657407 0.020039 0.053704
1 0.613636 0.687963 0.022972 0.033333
1 0.381476 0.809259 0.017107 0.051852
1 0.552053 0.761111 0.030792 0.068519
1 0.550342 0.689352 0.015640 0.023148
1 0.544966 0.883333 0.033236 0.077778
1 0.526882 0.813426 0.028348 0.039815
1 0.482160 0.799074 0.015152 0.025926
1 0.487781 0.900000 0.032258 0.048148
1 0.788368 0.316204 0.041056 0.075000
0 0.737537 0.216667 0.129032 0.175926
0 0.743891 0.071759 0.082111 0.141667
1 0.803519 0.193056 0.017595 0.062037
1 0.668133 0.600926 0.018573 0.046296
1 0.641740 0.865741 0.022483 0.057407
0 0.730938 0.746296 0.127566 0.255556
1 0.760753 0.664352 0.017107 0.065741
0 0.756598 0.916204 0.163245 0.154630
0 0.757331 0.555556 0.196970 0.337037
1 0.928397 0.856019 0.021017 0.052778
1 0.970186 0.836111 0.014663 0.022222
1 0.967498 0.789352 0.010264 0.028704
1 0.946970 0.739352 0.026882 0.050926
1 0.942815 0.665278 0.020528 0.037963
1 0.919110 0.531019 0.025904 0.052778
1 0.936217 0.515278 0.018084 0.036111
1 0.969453 0.536111 0.011241 0.031481
1 0.967253 0.008333 0.022483 0.016667
1 0.992424 0.026852 0.013196 0.048148
1 0.984604 0.675926 0.017107 0.033333
1 0.988759 0.651852 0.017595 0.033333
1 0.993402 0.543519 0.011241 0.031481
1 0.990469 0.639815 0.017107 0.035185
1 0.991935 0.780556 0.015152 0.050000
1 0.992669 0.821759 0.012708 0.030556