1 0.286168 0.987500 0.016129 0.023148
1 0.266373 0.983333 0.019550 0.031481
1 0.549120 0.961574 0.011241 0.054630
1 0.992424 0.958796 0.014174 0.041667
1 0.274438 0.949537 0.014174 0.049074
1 0.614858 0.933796 0.027370 0.032407
1 0.118524 0.919444 0.015152 0.033333
1 0.065494 0.913889 0.015640 0.025926
1 0.379521 0.914352 0.023949 0.036111
1 0.476295 0.888889 0.019062 0.077778
1 0.902981 0.867130 0.013196 0.026852
1 0.954545 0.883333 0.030303 0.061111
1 0.887341 0.876389 0.020039 0.060185
1 0.614125 0.843981 0.024927 0.034259
1 0.945992 0.833796 0.014174 0.030556
1 0.990225 0.843056 0.018573 0.052778
1 0.449169 0.802315 0.007820 0.034259
1 0.717253 0.753704 0.012219 0.040741
1 0.382209 0.648148 0.020528 0.053704
1 0.606549 0.643056 0.010753 0.047222
1 0.994379 0.621296 0.010264 0.040741
1 0.478739 0.552315 0.022972 0.036111
1 0.350929 0.564815 0.023460 0.062963
1 0.455279 0.543519 0.013196 0.025926
1 0.250978 0.538889 0.024927 0.037037
1 0.557185 0.537500 0.014663 0.015741
1 0.404936 0.512963 0.010264 0.024074
1 0.288612 0.502315 0.016129 0.039815
1 0.937683 0.446296 0.017107 0.046296
1 0.481183 0.449074 0.021017 0.035185
1 0.715787 0.415278 0.014174 0.025000
1 0.741447 0.406019 0.023460 0.063889
0 0.774927 0.380556 0.040567 0.051852
1 0.818915 0.357407 0.018084 0.044444
1 0.861193 0.344907 0.008798 0.030556
1 0.524927 0.273148 0.018573 0.035185
1 0.581134 0.256019 0.021505 0.036111
1 0.507087 0.223148 0.027859 0.072222
1 0.468475 0.160648 0.052297 0.065741
1 0.675953 0.148148 0.017595 0.048148
1 0.415689 0.132407 0.014174 0.014815
1 0.055474 0.122685 0.011241 0.032407
1 0.450880 0.108796 0.028837 0.032407
1 0.653959 0.056481 0.008798 0.040741
1 0.496579 0.010185 0.017595 0.020370
1 0.045455 0.294444 0.018573 0.037037
1 0.124878 0.706944 0.029814 0.034259
1 0.153470 0.011574 0.024438 0.023148
1 0.154203 0.940741 0.030792 0.070370
1 0.156891 0.975000 0.014663 0.040741
1 0.242913 0.580556 0.025415 0.031481
0 0.243646 0.826389 0.152981 0.093519
0 0.258553 0.702778 0.158358 0.229630
1 0.337977 0.468056 0.045455 0.052778
0 0.283236 0.321296 0.163734 0.161111
0 0.288856 0.191204 0.112414 0.184259
0 0.275171 0.103704 0.173998 0.170370
0 0.325269 0.013889 0.015152 0.027778
1 0.357283 0.693056 0.011730 0.032407
1 0.367546 0.694444 0.015640 0.029630
1 0.368035 0.709722 0.017595 0.025000
1 0.406403 0.422685 0.017107 0.023148
1 0.403226 0.282407 0.013685 0.042593
1 0.398827 0.128704 0.017595 0.050000
1 0.505376 0.809722 0.051808 0.054630
1 0.542766 0.782407 0.037634 0.061111
1 0.515152 0.769907 0.032258 0.021296
1 0.510753 0.622685 0.032258 0.069444
1 0.551808 0.588426 0.043011 0.075000
1 0.527615 0.577778 0.024927 0.062963
1 0.513685 0.562037 0.017595 0.044444
1 0.502688 0.539352 0.020039 0.023148
1 0.547898 0.499537 0.022483 0.026852
1 0.500000 0.505093 0.017595 0.030556
1 0.507087 0.462500 0.020039 0.026852
1 0.579668 0.145370 0.027370 0.062963
1 0.629765 0.108333 0.047410 0.037037
1 0.476540 0.029630 0.026393 0.057407
1 0.708211 0.571759 0.017595 0.030556
1 0.728250 0.570370 0.015640 0.059259
1 0.748534 0.631944 0.018084 0.017593
1 0.737781 0.653241 0.016129 0.021296
1 0.722874 0.677778 0.016618 0.018519
1 0.716276 0.298148 0.012219 0.033333
1 0.739247 0.324074 0.017107 0.027778
1 0.755376 0.306481 0.014174 0.053704
0 0.790567 0.938889 0.103128 0.112963
0 0.789101 0.774537 0.105083 0.256481
0 0.804985 0.493981 0.112414 0.193519
1 0.825758 0.651852 0.036657 0.079630
1 0.845552 0.637963 0.027370 0.081481
1 0.855816 0.489352 0.040078 0.071296
0 0.808407 0.206481 0.155425 0.248148
0 0.787390 0.061574 0.082111 0.123148
1 0.925220 0.288426 0.021505 0.041667
1 0.940616 0.275463 0.015152 0.039815
1 0.989736 0.345370 0.016618 0.031481
1 0.974340 0.412963 0.022972 0.072222
1 0.949902 0.693056 0.017107 0.030556
1 0.944282 0.933333 0.014663 0.033333
1 0.970674 0.982870 0.016618 0.019444
1 0.948925 0.748611 0.016129 0.030556