0 0.232405 0.058333 0.166667 0.116667
0 0.250733 0.196296 0.187683 0.168519
1 0.335044 0.241204 0.026882 0.091667
1 0.244868 0.311111 0.129032 0.196296
0 0.231916 0.491204 0.210655 0.217593
0 0.241202 0.625000 0.127566 0.246296
1 0.177175 0.614815 0.036657 0.116667
1 0.096530 0.623611 0.064027 0.089815
1 0.198436 0.817593 0.095797 0.112963
0 0.242669 0.904167 0.167644 0.186111
1 0.402737 0.875926 0.057674 0.064815
1 0.375611 0.750926 0.049365 0.083333
1 0.465543 0.588889 0.039589 0.081481
1 0.509042 0.624537 0.032747 0.041667
1 0.424487 0.170833 0.038612 0.032407
1 0.459189 0.025926 0.029814 0.051852
1 0.500978 0.057870 0.028348 0.026852
1 0.599218 0.145833 0.049853 0.060185
1 0.561339 0.358333 0.030792 0.051852
1 0.664712 0.262037 0.034213 0.062963
0 0.804497 0.050926 0.055718 0.101852
0 0.798143 0.149537 0.129032 0.263889
0 0.792278 0.331481 0.054741 0.224074
1 0.854350 0.339815 0.070381 0.075926
0 0.784702 0.460648 0.106061 0.258333
1 0.812561 0.609722 0.152981 0.160185
1 0.697458 0.614815 0.028348 0.050000
1 0.887097 0.436111 0.028348 0.081481
0 0.800342 0.884259 0.105083 0.209259