0 0.260508 0.154630 0.188661 0.237037
1 0.237781 0.324074 0.035679 0.048148
1 0.246579 0.273148 0.037634 0.048148
1 0.184506 0.278704 0.023949 0.046296
1 0.062317 0.304167 0.038612 0.069444
1 0.090909 0.392130 0.021505 0.036111
1 0.179130 0.504167 0.037634 0.043519
1 0.173265 0.572222 0.021017 0.048148
1 0.029326 0.569444 0.039101 0.055556
1 0.024438 0.621759 0.024438 0.041667
1 0.181085 0.771759 0.052297 0.063889
0 0.243402 0.622685 0.091887 0.332407
0 0.263441 0.798148 0.110459 0.212963
0 0.287146 0.944444 0.142229 0.101852
1 0.191349 0.900463 0.031769 0.049074
1 0.472385 0.767130 0.065982 0.125000
1 0.400782 0.856481 0.043988 0.061111
1 0.442082 0.556019 0.033724 0.073148
1 0.352395 0.616667 0.042033 0.053704
1 0.467986 0.493056 0.026882 0.052778
1 0.453812 0.150463 0.043500 0.091667
1 0.467498 0.230556 0.034702 0.081481
1 0.435973 0.248611 0.020528 0.041667
1 0.510753 0.227315 0.034213 0.052778
1 0.489980 0.031019 0.042522 0.062037
1 0.537390 0.056944 0.047410 0.102778
1 0.339443 0.024074 0.029814 0.046296
1 0.285435 0.027778 0.043011 0.055556
0 0.694282 0.144907 0.131476 0.230556
1 0.716520 0.279167 0.031281 0.050926
1 0.716276 0.225000 0.026882 0.031481
1 0.776149 0.043519 0.035191 0.081481
1 0.826735 0.025926 0.045455 0.050000
1 0.975318 0.329167 0.043500 0.086111
1 0.830156 0.439815 0.035679 0.068519
1 0.780792 0.446296 0.029814 0.059259
1 0.722630 0.423148 0.025904 0.038889
0 0.805718 0.587500 0.150049 0.226852
1 0.870235 0.723611 0.053275 0.102778
1 0.901515 0.779167 0.020039 0.078704
0 0.820870 0.810185 0.161779 0.370370
1 0.682307 0.909722 0.037146 0.052778
1 0.665934 0.658796 0.025904 0.065741
1 0.609726 0.623611 0.026882 0.049074