0 0.232893 0.473611 0.081623 0.241667
0 0.228250 0.747685 0.143695 0.254630
1 0.308162 0.806481 0.026882 0.061111
1 0.547654 0.829167 0.034702 0.062037
1 0.524438 0.770833 0.028348 0.045370
0 0.713099 0.644444 0.125122 0.298148
1 0.725318 0.516667 0.061584 0.064815
0 0.751711 0.784722 0.107527 0.128704
1 0.592620 0.844444 0.044477 0.088889
1 0.636608 0.088426 0.038612 0.058333
1 0.608749 0.175463 0.037634 0.073148
1 0.428886 0.216667 0.031769 0.048148
1 0.641740 0.150463 0.037146 0.054630
1 0.751711 0.218519 0.029326 0.061111
1 0.760753 0.413889 0.043500 0.050000
1 0.953812 0.738426 0.029814 0.054630
1 0.977761 0.187037 0.024927 0.040741
0 0.756354 0.072685 0.168622 0.139815