1 0.297654 0.971296 0.029326 0.055556
1 0.507576 0.951852 0.055230 0.075926
1 0.602395 0.931019 0.007331 0.019444
1 0.916911 0.899074 0.039101 0.059259
1 0.963099 0.888889 0.025904 0.057407
1 0.455279 0.879167 0.008309 0.017593
1 0.914467 0.861111 0.009775 0.068519
1 0.264663 0.884259 0.040567 0.062963
1 0.477517 0.826389 0.012708 0.030556
1 0.293011 0.813426 0.017107 0.021296
1 0.889541 0.790741 0.013685 0.031481
1 0.133431 0.765741 0.035191 0.042593
1 0.371457 0.748148 0.022483 0.037037
1 0.749022 0.736574 0.017107 0.045370
1 0.386364 0.711111 0.010264 0.011111
1 0.541544 0.564352 0.026393 0.032407
1 0.931574 0.473611 0.007820 0.017593
1 0.963099 0.432870 0.012219 0.017593
1 0.410557 0.388426 0.015640 0.028704
1 0.785679 0.259259 0.021017 0.048148
1 0.863636 0.009722 0.022483 0.019444
1 0.031281 0.442593 0.035191 0.050000
1 0.521505 0.043981 0.014663 0.039815
1 0.535924 0.010648 0.018084 0.021296
1 0.763685 0.090278 0.033724 0.054630
1 0.892473 0.230093 0.020528 0.043519
1 0.904936 0.681019 0.024927 0.039815
1 0.966520 0.771296 0.021994 0.051852
1 0.990469 0.768519 0.016129 0.037037
0 0.536413 0.599537 0.199902 0.423148
0 0.508309 0.253704 0.286413 0.355556