1 0.183040 0.321759 0.033724 0.091667
1 0.199658 0.155556 0.026882 0.042593
1 0.294966 0.045370 0.040567 0.072222
0 0.510264 0.146759 0.329423 0.293519
0 0.492913 0.435185 0.257576 0.635185
1 0.456256 0.413426 0.031769 0.067593
1 0.416667 0.459259 0.020039 0.037037
1 0.371212 0.519907 0.033724 0.043519
0 0.506354 0.811574 0.154448 0.367593
1 0.581867 0.500926 0.026882 0.046296
1 0.263441 0.464815 0.031281 0.053704
1 0.636119 0.789352 0.035679 0.047222
1 0.821359 0.544444 0.029814 0.061111
1 0.923754 0.264815 0.043988 0.070370
1 0.931818 0.662963 0.027859 0.035185
1 0.974829 0.666667 0.044477 0.081481
1 0.969697 0.802315 0.054741 0.182407
1 0.959189 0.050463 0.023949 0.041667
1 0.517595 0.027315 0.047898 0.049074
1 0.087488 0.325926 0.018573 0.061111
1 0.061339 0.112037 0.024927 0.033333
1 0.013441 0.050463 0.026882 0.073148
1 0.067449 0.981944 0.037146 0.030556
1 0.423754 0.971296 0.031281 0.048148
1 0.034213 0.707870 0.023460 0.045370
1 0.051564 0.201852 0.032747 0.046296