1 0.989247 0.565741 0.020528 0.055556
1 0.951857 0.575463 0.048387 0.086111
1 0.490225 0.464352 0.022483 0.041667
1 0.593597 0.447222 0.025904 0.024074
0 0.287146 0.536574 0.078690 0.234259
1 0.746823 0.373148 0.064516 0.103704
1 0.538856 0.311574 0.034702 0.082407
1 0.257331 0.259722 0.046432 0.076852
1 0.584800 0.144907 0.014174 0.034259
1 0.319159 0.250926 0.032258 0.059259
1 0.259286 0.033333 0.057185 0.066667
0 0.291789 0.131481 0.130010 0.262963
1 0.267107 0.696759 0.045455 0.123148
1 0.186950 0.916667 0.081623 0.164815
0 0.282747 0.854630 0.168622 0.264815
0 0.294966 0.958333 0.150049 0.081481
1 0.493891 0.351389 0.033724 0.049074
0 0.799365 0.898611 0.162757 0.200926
0 0.834311 0.793056 0.080156 0.141667
0 0.809873 0.668981 0.175953 0.187963
0 0.833578 0.534259 0.125611 0.187037
0 0.831134 0.322222 0.172532 0.253704
1 0.903226 0.065741 0.033236 0.053704
0 0.800831 0.052778 0.060117 0.105556
0 0.851173 0.119444 0.117791 0.238889