1 0.694770 0.987037 0.007331 0.016667
1 0.213099 0.984259 0.030303 0.029630
1 0.848485 0.973148 0.008798 0.018519
1 0.155670 0.980093 0.028837 0.037963
1 0.758553 0.967593 0.031281 0.053704
1 0.195503 0.856944 0.011730 0.034259
1 0.037390 0.819907 0.021017 0.045370
0 0.286168 0.890278 0.112903 0.217593
1 0.025415 0.780093 0.012708 0.021296
1 0.753421 0.769907 0.038612 0.069444
1 0.014907 0.665741 0.029814 0.040741
1 0.526393 0.567593 0.007820 0.025926
1 0.939394 0.581019 0.048876 0.097222
1 0.533236 0.516204 0.017595 0.030556
1 0.596285 0.513426 0.008798 0.028704
1 0.444770 0.458796 0.019550 0.034259
1 0.613881 0.438426 0.010753 0.012037
1 0.996579 0.403241 0.005865 0.026852
1 0.452102 0.393056 0.013685 0.021296
1 0.120723 0.357870 0.014663 0.025000
1 0.532747 0.353241 0.051808 0.087963
1 0.729472 0.286111 0.010264 0.022222
1 0.732405 0.218981 0.006354 0.017593
1 0.522727 0.105556 0.013196 0.025926
1 0.488759 0.100926 0.013685 0.037037
1 0.944282 0.009259 0.015640 0.018519
1 0.382209 0.025463 0.045943 0.050926
0 0.298876 0.054630 0.093353 0.109259
1 0.206256 0.806019 0.016618 0.045370
1 0.192571 0.812037 0.023460 0.033333
1 0.219697 0.897685 0.039589 0.045370
1 0.114858 0.981481 0.017595 0.033333
0 0.242669 0.789352 0.066960 0.260185
1 0.304252 0.766204 0.024927 0.025000
0 0.267840 0.571759 0.225806 0.387963
0 0.255621 0.336574 0.095797 0.325000
0 0.278104 0.151852 0.151515 0.187037
1 0.518084 0.153241 0.043988 0.086111
1 0.491691 0.166667 0.018573 0.024074
1 0.477517 0.346296 0.024438 0.061111
1 0.669110 0.356481 0.028348 0.042593
1 0.671310 0.255556 0.028837 0.035185
1 0.682063 0.101389 0.022972 0.028704
1 0.697947 0.254167 0.014663 0.037963
1 0.716031 0.251389 0.023460 0.037963
0 0.813783 0.800463 0.146628 0.325000
0 0.784946 0.563889 0.094819 0.122222
1 0.796188 0.511111 0.013685 0.037037
1 0.801808 0.538889 0.025904 0.018519
0 0.802297 0.367130 0.108016 0.334259
1 0.819648 0.248611 0.015640 0.032407
1 0.810117 0.262500 0.021017 0.043519
0 0.823069 0.115278 0.173021 0.230556
1 0.750244 0.075926 0.025415 0.055556
1 0.746579 0.136574 0.034702 0.045370
1 0.695015 0.016204 0.030303 0.032407
1 0.874145 0.016667 0.036657 0.031481
1 0.979717 0.172222 0.009286 0.046296
1 0.992424 0.212500 0.013196 0.052778
1 0.950635 0.228241 0.016618 0.034259
1 0.946725 0.268981 0.018573 0.054630