1 0.060117 0.310648 0.011730 0.015741
1 0.023949 0.437963 0.046921 0.103704
0 0.012463 0.636111 0.024927 0.064815
1 0.069648 0.677315 0.017107 0.028704
1 0.184018 0.754630 0.017107 0.035185
1 0.021261 0.905556 0.042522 0.029630
1 0.263196 0.680556 0.007331 0.016667
1 0.395650 0.512500 0.031769 0.025000
1 0.363392 0.940741 0.008309 0.016667
1 0.449169 0.806944 0.023460 0.039815
1 0.367058 0.364815 0.006843 0.020370
1 0.923509 0.336574 0.024927 0.050926
1 0.952590 0.615278 0.011730 0.028704
1 0.827468 0.965278 0.024438 0.041667
1 0.822092 0.947685 0.012708 0.015741
1 0.829423 0.968056 0.024438 0.045370
1 0.753177 0.835185 0.014663 0.024074
1 0.833822 0.718519 0.010753 0.024074
1 0.671310 0.129630 0.040567 0.066667
1 0.664467 0.624074 0.010264 0.022222
1 0.656403 0.789815 0.014663 0.022222
1 0.610704 0.847685 0.012219 0.034259
1 0.567693 0.899537 0.023949 0.056481
1 0.684262 0.988889 0.011730 0.020370
0 0.535435 0.793519 0.183284 0.409259
1 0.538368 0.818519 0.027859 0.109259
1 0.463343 0.650000 0.008798 0.020370
1 0.563783 0.068981 0.032747 0.075000
0 0.562561 0.197685 0.217009 0.226852
0 0.558651 0.479167 0.161290 0.419444
1 0.566716 0.496296 0.005376 0.018519