1 0.831378 0.894444 0.014663 0.038889
1 0.914956 0.820370 0.011730 0.027778
0 0.774438 0.848148 0.149071 0.211111
1 0.530792 0.697685 0.031281 0.050926
1 0.969208 0.555093 0.021505 0.021296
1 0.505865 0.469907 0.029326 0.062037
1 0.710166 0.415278 0.038123 0.054630
1 0.288123 0.371759 0.028837 0.060185
1 0.986559 0.284722 0.016129 0.041667
1 0.677908 0.273148 0.037146 0.061111
1 0.646628 0.247222 0.016618 0.037037
1 0.994379 0.115278 0.010264 0.028704
0 0.754888 0.144907 0.105083 0.191667
0 0.796432 0.022685 0.035679 0.045370
1 0.740958 0.008796 0.011730 0.017593
1 0.043011 0.232870 0.086022 0.280556
1 0.094575 0.516204 0.013196 0.021296
1 0.240469 0.770370 0.095797 0.112963
0 0.259775 0.887963 0.101173 0.222222
0 0.287634 0.631481 0.046432 0.103704
1 0.283724 0.675000 0.022972 0.044444
1 0.303763 0.704167 0.052297 0.030556
1 0.375855 0.558796 0.031281 0.047222
0 0.244868 0.474074 0.129032 0.211111
0 0.199169 0.322222 0.159824 0.209259
0 0.222874 0.142593 0.226784 0.285185
1 0.518817 0.077778 0.025904 0.068519
1 0.516618 0.194907 0.022483 0.041667
1 0.708700 0.120370 0.018573 0.037037
1 0.663245 0.235185 0.019550 0.031481
1 0.564272 0.297222 0.020039 0.020370
1 0.584066 0.275463 0.034213 0.045370
1 0.418622 0.213889 0.028837 0.072222
1 0.404448 0.252778 0.012219 0.027778
1 0.539834 0.536111 0.023949 0.046296
1 0.647361 0.543519 0.028837 0.051852
1 0.642962 0.480556 0.019062 0.024074
1 0.653226 0.744907 0.021017 0.054630
1 0.632942 0.815278 0.019550 0.032407
1 0.565005 0.412037 0.018573 0.037037
1 0.484360 0.408796 0.017595 0.030556
1 0.470919 0.391667 0.019062 0.027778
1 0.709433 0.813889 0.027859 0.057407
1 0.966520 0.103704 0.023949 0.044444
1 0.845797 0.264352 0.020039 0.032407
1 0.908602 0.412963 0.023460 0.042593
1 0.973851 0.379630 0.021017 0.048148
1 0.967009 0.442593 0.020039 0.029630
1 0.989980 0.568981 0.019062 0.036111
1 0.821848 0.140278 0.048387 0.112037
1 0.719941 0.406944 0.015640 0.063889
0 0.740469 0.298611 0.106549 0.150926
1 0.817449 0.467593 0.025904 0.040741
1 0.840909 0.486574 0.029814 0.023148
1 0.849218 0.519444 0.011241 0.016667
1 0.695992 0.774537 0.015640 0.049074
1 0.697947 0.752315 0.013685 0.030556
0 0.756843 0.662037 0.136364 0.187037
0 0.761241 0.563426 0.145161 0.128704
1 0.779081 0.501389 0.025415 0.032407
0 0.728495 0.444444 0.127566 0.194444