1 0.070870 0.048148 0.038123 0.042593
1 0.079668 0.088889 0.032258 0.051852
1 0.011730 0.175926 0.013685 0.024074
1 0.004888 0.234722 0.009775 0.025000
1 0.039589 0.331481 0.021505 0.037037
1 0.057185 0.298611 0.021505 0.076852
1 0.042766 0.380093 0.020039 0.047222
1 0.040078 0.423611 0.022483 0.036111
1 0.053275 0.484259 0.038123 0.070370
1 0.034946 0.502778 0.014174 0.024074
1 0.035191 0.535648 0.016618 0.026852
1 0.046432 0.527315 0.011730 0.028704
1 0.007331 0.561574 0.014663 0.050926
1 0.069404 0.575000 0.008798 0.031481
1 0.088465 0.558333 0.024438 0.044444
1 0.117058 0.581481 0.007331 0.033333
1 0.059140 0.601852 0.024438 0.038889
1 0.070381 0.581019 0.017595 0.026852
1 0.102884 0.643519 0.005376 0.018519
1 0.012219 0.904167 0.015640 0.023148
1 0.026882 0.879167 0.017595 0.043519
1 0.039834 0.869444 0.023949 0.055556
1 0.081134 0.839352 0.016618 0.032407
1 0.080645 0.878241 0.013685 0.025000
1 0.071848 0.899537 0.020528 0.023148
1 0.041789 0.907407 0.016129 0.042593
1 0.145894 0.818981 0.012219 0.060185
1 0.118524 0.308796 0.022972 0.025000
1 0.085777 0.343981 0.036657 0.041667
1 0.136119 0.337037 0.022972 0.022222
1 0.129032 0.261111 0.013685 0.024074
1 0.127077 0.361574 0.006843 0.015741
1 0.080645 0.396296 0.013685 0.016667
1 0.106305 0.398611 0.015152 0.032407
1 0.112659 0.412963 0.033724 0.061111
1 0.086510 0.429167 0.009775 0.010185
1 0.202346 0.838889 0.022483 0.027778
1 0.180108 0.781481 0.026882 0.046296
1 0.180841 0.779167 0.048876 0.032407
1 0.205034 0.667593 0.005376 0.022222
1 0.174976 0.567130 0.016618 0.023148
1 0.187439 0.595833 0.016129 0.036111
1 0.193548 0.471296 0.024438 0.033333
1 0.256109 0.494907 0.024438 0.034259
1 0.263930 0.412037 0.021505 0.031481
1 0.169355 0.241204 0.021994 0.043519
1 0.167400 0.214815 0.015152 0.027778
1 0.182551 0.220370 0.023949 0.031481
1 0.193304 0.147685 0.010264 0.013889
1 0.210166 0.005093 0.007820 0.010185
1 0.225806 0.069907 0.025415 0.065741
1 0.360459 0.374537 0.022972 0.041667
1 0.325513 0.579167 0.018573 0.030556
1 0.331134 0.695833 0.005376 0.019444
1 0.378543 0.715741 0.017107 0.038889
1 0.310606 0.828241 0.019062 0.030556
1 0.588710 0.029167 0.046432 0.058333
1 0.558162 0.118519 0.016618 0.024074
1 0.529814 0.468056 0.007820 0.015741
1 0.499756 0.649074 0.015152 0.029630
1 0.442571 0.616667 0.049365 0.051852
1 0.446237 0.793056 0.024438 0.034259
1 0.430596 0.836574 0.006843 0.008333
1 0.573803 0.914815 0.013685 0.033333
1 0.600196 0.941204 0.022483 0.041667
1 0.591398 0.878704 0.027370 0.068519
1 0.578201 0.951852 0.018573 0.027778
1 0.553030 0.712500 0.074780 0.080556
1 0.539834 0.673148 0.028837 0.022222
1 0.514663 0.620370 0.030303 0.024074
1 0.621701 0.665278 0.017595 0.041667
0 0.585044 0.841667 0.205279 0.314815
0 0.611681 0.604630 0.249756 0.214815
1 0.698680 0.435648 0.009286 0.019444
1 0.615347 0.356019 0.005865 0.028704
0 0.571114 0.184259 0.151026 0.368519
1 0.840909 0.199074 0.013196 0.029630
1 0.934262 0.237037 0.006354 0.024074
1 0.951613 0.253241 0.014663 0.032407
1 0.937928 0.256019 0.005865 0.017593
1 0.852395 0.261111 0.009775 0.027778
1 0.963343 0.465741 0.014663 0.048148
1 0.939638 0.581944 0.015152 0.037963
1 0.931818 0.770370 0.023949 0.044444
1 0.989492 0.335185 0.019062 0.037037
1 0.995112 0.337963 0.008798 0.072222
1 0.789101 0.147685 0.011241 0.025000
1 0.743157 0.314815 0.015152 0.037037
1 0.785679 0.326852 0.021017 0.038889
1 0.729472 0.743056 0.057185 0.080556
1 0.780303 0.775926 0.007331 0.020370
1 0.768084 0.842593 0.019062 0.027778
1 0.698436 0.976852 0.015640 0.033333
1 0.044233 0.293056 0.016129 0.026852