1 0.574291 0.918056 0.011730 0.034259
1 0.389296 0.906944 0.008309 0.026852
1 0.812317 0.864815 0.004888 0.022222
1 0.414223 0.858796 0.014174 0.013889
1 0.365347 0.854630 0.010264 0.025926
1 0.499511 0.775926 0.013685 0.012963
1 0.966031 0.768056 0.006354 0.019444
1 0.316227 0.819907 0.043988 0.076852
1 0.436217 0.611111 0.008309 0.027778
1 0.257331 0.475926 0.012219 0.011111
1 0.266862 0.387963 0.007820 0.022222
1 0.249756 0.355093 0.013685 0.013889
1 0.513196 0.287500 0.013685 0.012037
1 0.798631 0.289352 0.009775 0.028704
1 0.172532 0.289352 0.016618 0.028704
1 0.423509 0.280093 0.017107 0.037963
1 0.294721 0.243981 0.019550 0.026852
1 0.107283 0.253241 0.034702 0.065741
1 0.607038 0.181944 0.008798 0.023148
1 0.302786 0.184259 0.030792 0.057407
1 0.461388 0.118519 0.007820 0.018519
1 0.271994 0.099074 0.040567 0.074074
1 0.483627 0.066667 0.016129 0.038889
1 0.750733 0.009259 0.018573 0.018519
1 0.145161 0.006944 0.026393 0.013889
1 0.300587 0.032407 0.020528 0.018519
1 0.068182 0.543056 0.019062 0.037963
1 0.095064 0.063426 0.023949 0.036111
1 0.094086 0.109722 0.023949 0.017593
1 0.326735 0.772222 0.013196 0.027778
1 0.510753 0.194444 0.057674 0.116667
0 0.531036 0.770833 0.287879 0.456481
0 0.526393 0.950463 0.052786 0.097222
1 0.483871 0.969444 0.041056 0.057407
0 0.658358 0.988426 0.043011 0.021296
1 0.760997 0.988889 0.014663 0.020370
1 0.786657 0.908333 0.017107 0.040741
1 0.796188 0.762500 0.028348 0.062037
1 0.914467 0.925463 0.018573 0.036111
1 0.921065 0.889352 0.018084 0.034259
1 0.884409 0.753241 0.031769 0.041667
1 0.902737 0.795370 0.020528 0.031481
1 0.922043 0.808796 0.015152 0.026852
1 0.911779 0.557870 0.013196 0.043519
1 0.914223 0.447685 0.019062 0.050926
1 0.939150 0.411111 0.014174 0.012963
1 0.916178 0.159722 0.034702 0.093519
1 0.963832 0.174074 0.024438 0.046296
1 0.847996 0.266204 0.018573 0.037963
1 0.890762 0.072222 0.014174 0.022222
1 0.976540 0.155556 0.010753 0.033333
1 0.963099 0.070833 0.024927 0.054630
1 0.988759 0.072685 0.020528 0.039815
1 0.656158 0.319444 0.021994 0.046296