1 0.452346 0.895370 0.021017 0.042593
1 0.554741 0.883333 0.020528 0.050000
1 0.872923 0.862037 0.023460 0.038889
1 0.277370 0.800463 0.047410 0.089815
1 0.425220 0.741204 0.008798 0.021296
1 0.965787 0.700463 0.024438 0.047222
1 0.334066 0.667593 0.031769 0.051852
1 0.697947 0.656944 0.017595 0.034259
0 0.239247 0.700463 0.117791 0.113889
1 0.937928 0.590278 0.024438 0.037963
1 0.908358 0.531019 0.025904 0.026852
1 0.901760 0.401389 0.017595 0.030556
1 0.674731 0.376852 0.012219 0.024074
0 0.282258 0.419907 0.122678 0.193519
1 0.748778 0.333796 0.086999 0.056481
1 0.285435 0.309259 0.010753 0.022222
1 0.982160 0.306481 0.026882 0.040741
1 0.982893 0.244907 0.033236 0.052778
1 0.921554 0.195370 0.018084 0.025926
1 0.707234 0.048611 0.014663 0.023148
1 0.540567 0.021759 0.025415 0.043519
1 0.067449 0.049074 0.018573 0.035185
1 0.076002 0.198611 0.024927 0.047222
1 0.080890 0.245833 0.016129 0.028704
1 0.082356 0.279630 0.012219 0.044444
1 0.075269 0.311574 0.022483 0.026852
1 0.138563 0.983796 0.013196 0.030556
1 0.014907 0.938889 0.028837 0.042593
1 0.283236 0.257407 0.022972 0.029630
1 0.270039 0.203704 0.033724 0.027778
1 0.336999 0.296296 0.027859 0.040741
1 0.314516 0.264815 0.014174 0.022222
0 0.287634 0.109722 0.107038 0.108333
0 0.274682 0.024074 0.071359 0.048148
0 0.290323 0.872685 0.051808 0.112037
0 0.264174 0.987963 0.047410 0.018519
1 0.428152 0.353241 0.034213 0.049074
1 0.387586 0.499537 0.020528 0.039815
1 0.391496 0.530093 0.028348 0.034259
1 0.598729 0.347222 0.017595 0.053704
1 0.593353 0.220833 0.024438 0.067593
1 0.583578 0.632870 0.033236 0.050926
1 0.551075 0.652315 0.039589 0.069444
1 0.493157 0.935648 0.041056 0.062037
0 0.768084 0.086111 0.110948 0.172222
0 0.809384 0.162037 0.109482 0.283333
0 0.810362 0.582870 0.124145 0.428704
0 0.782014 0.855093 0.177908 0.223148
1 0.735826 0.533796 0.019062 0.037963
1 0.738270 0.470833 0.048387 0.082407
1 0.706500 0.414815 0.015152 0.025926
1 0.724096 0.883796 0.020039 0.026852
1 0.734360 0.862037 0.016129 0.031481
1 0.905181 0.869444 0.012708 0.025926
1 0.935973 0.853704 0.014663 0.035185
1 0.981672 0.854630 0.023949 0.027778
1 0.937439 0.266667 0.017595 0.031481
1 0.881720 0.119907 0.017595 0.045370