1 0.942571 0.897685 0.023949 0.037963
1 0.909335 0.868519 0.036657 0.088889
1 0.130010 0.810648 0.018573 0.025000
1 0.784946 0.807870 0.042033 0.058333
1 0.172287 0.751852 0.021994 0.053704
1 0.955767 0.755093 0.030792 0.063889
1 0.937928 0.734722 0.017595 0.049074
1 0.133920 0.687037 0.018573 0.055556
1 0.832356 0.684722 0.028348 0.060185
1 0.988270 0.705556 0.022483 0.055556
1 0.892473 0.637500 0.006843 0.019444
1 0.772483 0.614815 0.024927 0.048148
1 0.949902 0.621296 0.050342 0.111111
1 0.673265 0.567130 0.048387 0.078704
1 0.819648 0.536574 0.019550 0.034259
1 0.019306 0.527315 0.021994 0.047222
1 0.765152 0.535185 0.032747 0.068519
1 0.985093 0.514352 0.028837 0.073148
1 0.699658 0.438426 0.016129 0.015741
1 0.298143 0.461574 0.037146 0.073148
1 0.932796 0.393519 0.025904 0.027778
1 0.959433 0.387037 0.021505 0.014815
1 0.683040 0.393981 0.021017 0.043519
1 0.259042 0.399074 0.044966 0.070370
1 0.092375 0.382407 0.024438 0.042593
1 0.536901 0.359722 0.010264 0.013889
1 0.523949 0.361574 0.017595 0.058333
1 0.980938 0.356944 0.037146 0.047222
1 0.114858 0.256481 0.012708 0.016667
1 0.637341 0.267130 0.026393 0.043519
1 0.523705 0.268519 0.028837 0.055556
1 0.692815 0.259259 0.021994 0.048148
1 0.974585 0.252778 0.024438 0.051852
1 0.662512 0.255093 0.021017 0.056481
1 0.443793 0.233796 0.027370 0.069444
1 0.889052 0.145370 0.009775 0.018519
1 0.558407 0.151852 0.023949 0.044444
1 0.680108 0.110648 0.032747 0.045370
1 0.806940 0.111574 0.031281 0.062037
1 0.835533 0.106019 0.024927 0.063889
1 0.159824 0.092593 0.049853 0.057407
1 0.510020 0.071759 0.025904 0.037963
1 0.921310 0.076852 0.020528 0.062963
1 0.403959 0.023611 0.070870 0.043519
1 0.062317 0.184722 0.024927 0.028704
1 0.076491 0.214352 0.017107 0.041667
1 0.038368 0.007407 0.011241 0.014815
1 0.057918 0.121296 0.019062 0.044444
1 0.069159 0.117130 0.012219 0.030556
1 0.065982 0.057870 0.027370 0.060185
1 0.068915 0.517593 0.042033 0.081481
1 0.043988 0.443981 0.024438 0.054630
1 0.103617 0.529167 0.024438 0.052778
1 0.189883 0.567593 0.026882 0.048148
1 0.110459 0.461574 0.023460 0.043519
1 0.117791 0.411574 0.048876 0.052778
1 0.137341 0.452778 0.021505 0.044444
1 0.042033 0.725463 0.032258 0.071296
1 0.072336 0.777778 0.014663 0.037037
1 0.037879 0.222685 0.016129 0.039815
1 0.051808 0.244444 0.020528 0.051852
1 0.037390 0.944907 0.039589 0.100926
1 0.108504 0.893519 0.026393 0.051852
1 0.165445 0.888889 0.018084 0.046296
1 0.163245 0.838426 0.027370 0.047222
1 0.154448 0.931944 0.035191 0.062037
1 0.156158 0.984259 0.035679 0.025926
1 0.259775 0.950000 0.021994 0.087037
1 0.370479 0.575463 0.025415 0.050926
1 0.236559 0.412037 0.014663 0.024074
1 0.287634 0.314352 0.021017 0.056481
1 0.309873 0.275000 0.019550 0.053704
1 0.328690 0.256481 0.020039 0.031481
1 0.300098 0.196296 0.043988 0.094444
1 0.314761 0.180093 0.028348 0.026852
1 0.250244 0.075463 0.033236 0.067593
1 0.276637 0.052315 0.024438 0.034259
1 0.282747 0.081481 0.017107 0.038889
1 0.306940 0.091667 0.028348 0.072222
1 0.309873 0.017593 0.026393 0.027778
1 0.323314 0.044907 0.019062 0.032407
1 0.338954 0.013426 0.026882 0.026852
1 0.421310 0.522222 0.042033 0.057407
1 0.432307 0.489815 0.024927 0.046296
1 0.309873 0.565278 0.030303 0.028704
1 0.303275 0.531944 0.028837 0.036111
1 0.328690 0.509259 0.032747 0.042593
1 0.526882 0.164352 0.026393 0.021296
1 0.529081 0.195370 0.022972 0.031481
1 0.982160 0.972222 0.031769 0.042593
1 0.988759 0.649537 0.015640 0.052778
1 0.653226 0.357870 0.024927 0.043519
1 0.666911 0.333796 0.027859 0.041667
1 0.769795 0.356481 0.013685 0.044444
1 0.775171 0.300926 0.019550 0.046296
1 0.748534 0.474537 0.034702 0.052778
1 0.778592 0.467593 0.024438 0.072222
1 0.799365 0.436111 0.037634 0.075926
1 0.926931 0.147222 0.040567 0.072222
1 0.924731 0.203704 0.043011 0.075926
1 0.789834 0.192593 0.039101 0.059259
1 0.797898 0.146296 0.020039 0.024074
1 0.850196 0.203241 0.028837 0.067593
1 0.842375 0.256481 0.027859 0.061111
1 0.573069 0.226389 0.034702 0.058333
1 0.598240 0.211574 0.025415 0.045370
1 0.573803 0.076852 0.023460 0.055556
0 0.629277 0.093056 0.096285 0.186111
1 0.534213 0.443056 0.042033 0.060185
1 0.569892 0.483796 0.140762 0.263889
1 0.437683 0.802315 0.022972 0.060185
1 0.475806 0.843519 0.032747 0.050000
1 0.562805 0.801389 0.014174 0.030556
1 0.582600 0.776852 0.020528 0.027778
1 0.599462 0.791204 0.017107 0.032407
1 0.302542 0.636111 0.032258 0.035185
1 0.296676 0.891667 0.030303 0.053704
1 0.290323 0.844907 0.035191 0.063889
1 0.309873 0.812500 0.027370 0.058333
1 0.288368 0.749074 0.044966 0.048148
1 0.284457 0.798148 0.019550 0.035185
1 0.443793 0.645370 0.035191 0.035185
0 0.560850 0.684259 0.234115 0.153704
0 0.478983 0.837500 0.434995 0.323148