0 0.228983 0.071759 0.152004 0.143519
0 0.275171 0.181019 0.123167 0.180556
0 0.232160 0.323611 0.177908 0.232407
1 0.202102 0.565278 0.027859 0.058333
0 0.241935 0.639815 0.087977 0.229630
0 0.246090 0.777778 0.081623 0.112963
0 0.264663 0.883796 0.099218 0.225000
1 0.471652 0.727778 0.030303 0.038889
1 0.372434 0.492130 0.028348 0.062037
1 0.515152 0.821759 0.027370 0.056481
1 0.506354 0.606019 0.014663 0.052778
1 0.530792 0.590278 0.033236 0.054630
1 0.540567 0.625463 0.018573 0.039815
1 0.572092 0.555556 0.020039 0.046296
1 0.582111 0.444444 0.030303 0.064815
1 0.508553 0.730556 0.018084 0.038889
1 0.667644 0.574074 0.033236 0.066667
1 0.666911 0.838426 0.022972 0.049074
1 0.650049 0.532870 0.015640 0.039815
1 0.680596 0.508796 0.023949 0.058333
1 0.674487 0.750926 0.025415 0.040741
1 0.716520 0.904167 0.027370 0.054630
1 0.518328 0.489352 0.033724 0.056481
1 0.585044 0.199537 0.030303 0.052778
0 0.769795 0.060185 0.130987 0.120370
0 0.732649 0.456019 0.095797 0.119444
0 0.735337 0.589815 0.049365 0.122222
0 0.768817 0.744907 0.133920 0.206481
0 0.766862 0.958333 0.075269 0.077778
1 0.922043 0.310648 0.038612 0.060185
1 0.928152 0.458796 0.035191 0.050926
1 0.813783 0.407407 0.040078 0.064815
1 0.943548 0.164815 0.060117 0.062963
1 0.810117 0.874537 0.021994 0.039815
1 0.791544 0.900000 0.020039 0.044444
1 0.702590 0.103241 0.018084 0.039815
1 0.870479 0.023611 0.023460 0.032407
1 0.883431 0.203241 0.021994 0.036111
0 0.783480 0.333333 0.100684 0.170370
0 0.748289 0.203241 0.156403 0.262037