1 0.987781 0.049074 0.023460 0.033333
1 0.899804 0.029167 0.010753 0.041667
1 0.856061 0.031481 0.015152 0.038889
1 0.837488 0.098611 0.032747 0.095370
1 0.931329 0.463889 0.021994 0.075926
1 0.932307 0.613426 0.013196 0.019444
1 0.919110 0.752315 0.026882 0.041667
1 0.978495 0.828704 0.038123 0.112963
1 0.951369 0.104630 0.007331 0.020370
1 0.759531 0.458333 0.044966 0.057407
1 0.793011 0.467130 0.065005 0.097222
1 0.840665 0.460648 0.008798 0.019444
1 0.713343 0.004630 0.007331 0.009259
1 0.634653 0.126389 0.012219 0.017593
1 0.618768 0.162037 0.035191 0.040741
1 0.582600 0.117130 0.024438 0.047222
1 0.586510 0.152778 0.013685 0.035185
1 0.546432 0.213426 0.038123 0.058333
1 0.591398 0.316667 0.018573 0.033333
1 0.564516 0.381019 0.020528 0.021296
1 0.565982 0.105556 0.015640 0.024074
0 0.588465 0.185648 0.109482 0.210185
1 0.611681 0.524074 0.023949 0.037037
1 0.601906 0.536574 0.016129 0.037963
1 0.604350 0.573611 0.018084 0.032407
0 0.552542 0.514352 0.088465 0.086111
1 0.612170 0.892130 0.017107 0.045370
1 0.635386 0.927778 0.008798 0.018519
1 0.597996 0.915741 0.020039 0.033333
1 0.535191 0.986574 0.020528 0.025000
0 0.569892 0.949074 0.119257 0.100000
0 0.576735 0.824537 0.133920 0.232407
0 0.563294 0.673611 0.144184 0.241667
1 0.555474 0.660648 0.008309 0.032407
1 0.664712 0.649537 0.015640 0.036111
1 0.395406 0.931481 0.007820 0.011111
1 0.384164 0.920370 0.020528 0.029630
1 0.441349 0.847222 0.029326 0.051852
1 0.381232 0.755556 0.013685 0.020370
1 0.400538 0.512500 0.020039 0.026852
1 0.432551 0.560648 0.025415 0.060185
1 0.512219 0.346759 0.021505 0.023148
1 0.472141 0.151389 0.014663 0.050926
1 0.475073 0.161574 0.027370 0.039815
1 0.450147 0.110648 0.012708 0.039815
1 0.435484 0.037963 0.026393 0.061111
1 0.375367 0.005556 0.010753 0.011111
1 0.354839 0.033796 0.050831 0.067593
1 0.315005 0.096296 0.013196 0.033333
1 0.262219 0.079167 0.142229 0.158333
1 0.358016 0.215278 0.007331 0.017593
1 0.290811 0.243056 0.021505 0.034259
1 0.346285 0.376389 0.008309 0.050926
1 0.362659 0.488889 0.050831 0.098148
1 0.338954 0.547685 0.021994 0.041667
1 0.360948 0.559722 0.021994 0.037963
1 0.323314 0.589815 0.006354 0.018519
1 0.326979 0.659259 0.035191 0.112963
1 0.306696 0.559259 0.024927 0.061111
1 0.301564 0.567130 0.029326 0.043519
1 0.282258 0.502315 0.014174 0.019444
1 0.289101 0.627778 0.036657 0.107407
1 0.225073 0.784722 0.008309 0.025000
1 0.257820 0.701852 0.017107 0.020370
1 0.170821 0.479167 0.024927 0.037963
1 0.191349 0.468519 0.012219 0.009259
1 0.230205 0.435185 0.056696 0.074074
1 0.248045 0.460185 0.024927 0.064815
1 0.202346 0.312037 0.035191 0.103704
1 0.125122 0.969444 0.013685 0.025926
1 0.135630 0.718056 0.010264 0.023148
1 0.170332 0.249074 0.016129 0.016667
1 0.121212 0.232870 0.017595 0.030556
1 0.078446 0.202315 0.007331 0.023148
1 0.102884 0.117593 0.076735 0.140741
1 0.120235 0.060185 0.034213 0.120370
1 0.043011 0.306944 0.025415 0.050926
0 0.065005 0.405556 0.130010 0.168519
0 0.034946 0.148148 0.069892 0.277778
0 0.061584 0.055093 0.091887 0.110185
1 0.083333 0.589352 0.056207 0.104630
0 0.057918 0.854630 0.115836 0.288889
0 0.034946 0.817593 0.069892 0.342593
0 0.043011 0.567593 0.086022 0.287037