1 0.126833 0.239815 0.036657 0.062963
1 0.167644 0.221759 0.052786 0.080556
1 0.141251 0.601852 0.059629 0.120370
1 0.245357 0.706944 0.032258 0.071296
1 0.032502 0.912963 0.037634 0.042593
1 0.202590 0.971296 0.033724 0.051852
1 0.039834 0.963889 0.021017 0.033333
1 0.426197 0.617593 0.111437 0.175926
1 0.396383 0.541204 0.086999 0.106481
1 0.312317 0.529167 0.071359 0.189815
1 0.327957 0.430093 0.070381 0.154630
1 0.259286 0.444444 0.025904 0.074074
1 0.368035 0.084722 0.027370 0.050926
1 0.277370 0.387037 0.013196 0.050000
1 0.301320 0.091204 0.034702 0.025000
0 0.510753 0.162037 0.290323 0.324074
0 0.545943 0.418056 0.249267 0.254630
1 0.578201 0.479167 0.129032 0.219444
1 0.647849 0.310185 0.056207 0.103704
0 0.500244 0.841667 0.236070 0.309259
0 0.519550 0.761111 0.178886 0.264815
1 0.640762 0.867130 0.067449 0.193519
1 0.893939 0.055093 0.060606 0.082407
1 0.779570 0.324537 0.027370 0.049074
1 0.905425 0.845370 0.027859 0.070370