1 0.141251 0.075000 0.042033 0.101852
1 0.123900 0.368519 0.053275 0.048148
1 0.060362 0.479630 0.048387 0.088889
1 0.133675 0.491667 0.033724 0.040741
1 0.034457 0.797685 0.029814 0.071296
1 0.031281 0.700463 0.028348 0.047222
1 0.278348 0.882407 0.063050 0.083333
1 0.376588 0.894907 0.066960 0.086111
1 0.153959 0.576389 0.035191 0.060185
1 0.290811 0.458796 0.052786 0.036111
1 0.273216 0.406019 0.034213 0.084259
1 0.363148 0.130093 0.012708 0.099074
1 0.188416 0.073148 0.025904 0.103704
0 0.537634 0.059722 0.128055 0.119444
0 0.521017 0.592593 0.104594 0.281481
0 0.548876 0.842130 0.082111 0.226852
0 0.560850 0.968519 0.115836 0.061111
1 0.609482 0.630093 0.030303 0.087963
1 0.580645 0.466204 0.036168 0.041667
1 0.655425 0.523611 0.041056 0.089815
1 0.561339 0.338889 0.042522 0.072222
1 0.563539 0.191204 0.018573 0.043519
1 0.573803 0.230093 0.023460 0.049074
1 0.594330 0.219444 0.016618 0.042593
1 0.649804 0.277778 0.030792 0.074074
1 0.888563 0.954630 0.046921 0.085185
1 0.743891 0.956944 0.043988 0.078704
1 0.754888 0.490278 0.042522 0.082407
1 0.818671 0.429167 0.032258 0.043519
1 0.672043 0.605556 0.017595 0.029630
1 0.680596 0.559722 0.023949 0.036111
1 0.767595 0.331481 0.025904 0.057407
1 0.787390 0.258796 0.036168 0.045370
1 0.675953 0.044907 0.021505 0.056481
1 0.832356 0.108333 0.031281 0.075926
1 0.890518 0.116667 0.032258 0.048148
1 0.663734 0.024537 0.030303 0.047222
1 0.729961 0.762037 0.009286 0.050000
1 0.702102 0.744444 0.018084 0.040741
1 0.678641 0.830093 0.027859 0.037963
1 0.656891 0.869907 0.021505 0.032407
0 0.966031 0.989352 0.059140 0.019444
0 0.965298 0.737963 0.068426 0.109259
0 0.973851 0.060648 0.049365 0.121296
0 0.971896 0.216667 0.055230 0.238889
1 0.959922 0.350926 0.038123 0.051852
1 0.937439 0.328704 0.020528 0.042593
1 0.971163 0.527778 0.055718 0.092593
1 0.929619 0.390741 0.037146 0.029630
1 0.966276 0.447222 0.028348 0.038889
1 0.989003 0.571296 0.020039 0.066667
1 0.710166 0.277315 0.033236 0.032407
1 0.552786 0.275926 0.023460 0.027778
1 0.960899 0.093056 0.021505 0.037963
1 0.059873 0.929167 0.024927 0.078704
1 0.201857 0.691204 0.038123 0.062037
1 0.123656 0.711574 0.031281 0.060185
1 0.123412 0.655556 0.012219 0.083333
1 0.188661 0.649074 0.023460 0.044444
1 0.152004 0.709259 0.020528 0.038889
1 0.159824 0.746759 0.018573 0.045370
1 0.141251 0.786574 0.037146 0.047222
1 0.103128 0.760185 0.020528 0.024074
1 0.347019 0.974537 0.018573 0.049074
1 0.386119 0.975926 0.021505 0.038889
1 0.696237 0.592593 0.042522 0.051852
1 0.457722 0.437963 0.020039 0.033333