1 0.845064 0.990278 0.009775 0.017593
1 0.527859 0.975463 0.014663 0.019444
1 0.986070 0.937037 0.020039 0.016667
1 0.625367 0.928241 0.019062 0.032407
1 0.993891 0.906481 0.011241 0.057407
1 0.886119 0.883796 0.018573 0.052778
1 0.966520 0.869444 0.014174 0.051852
1 0.991447 0.850926 0.016129 0.087037
1 0.638074 0.833333 0.016129 0.053704
1 0.909580 0.854630 0.036168 0.048148
1 0.619257 0.827778 0.021505 0.027778
1 0.077957 0.829167 0.022972 0.034259
1 0.190616 0.825926 0.016618 0.044444
1 0.511975 0.761574 0.013196 0.025000
1 0.928152 0.723148 0.019550 0.072222
1 0.489003 0.679167 0.026882 0.049074
1 0.980205 0.678241 0.011241 0.025000
1 0.051320 0.689815 0.021505 0.038889
1 0.838954 0.678241 0.015152 0.054630
1 0.189394 0.678241 0.014174 0.056481
1 0.767107 0.663426 0.032747 0.032407
1 0.588954 0.593519 0.022483 0.050000
1 0.972874 0.597685 0.018084 0.030556
1 0.347263 0.615278 0.030792 0.047222
1 0.760997 0.579167 0.026393 0.065741
1 0.527126 0.553241 0.026882 0.023148
1 0.293255 0.576852 0.064516 0.096296
1 0.714565 0.456019 0.018573 0.054630
1 0.466276 0.467593 0.017595 0.035185
1 0.095064 0.437963 0.020039 0.029630
1 0.945748 0.436574 0.009775 0.052778
1 0.899316 0.425926 0.024438 0.029630
1 0.622434 0.439352 0.032747 0.056481
1 0.174976 0.390278 0.024438 0.058333
1 0.903959 0.379630 0.026882 0.038889
1 0.697703 0.357870 0.015152 0.021296
1 0.577713 0.335648 0.026393 0.045370
1 0.919110 0.319907 0.025904 0.036111
1 0.184262 0.294907 0.016618 0.041667
1 0.954057 0.304167 0.023460 0.056481
1 0.511975 0.260185 0.011241 0.037037
1 0.275660 0.229630 0.022483 0.033333
1 0.772239 0.241667 0.040078 0.066667
1 0.572092 0.248611 0.024927 0.073148
1 0.183773 0.191204 0.029326 0.037963
1 0.490225 0.179630 0.039101 0.061111
1 0.184018 0.141204 0.017107 0.045370
1 0.579423 0.129167 0.014174 0.017593
1 0.430596 0.129167 0.036168 0.049074
1 0.951613 0.084259 0.027370 0.033333
1 0.114858 0.093981 0.049853 0.045370
1 0.989247 0.094907 0.020528 0.045370
1 0.441838 0.079630 0.014663 0.031481
1 0.872678 0.056944 0.027859 0.026852
1 0.077957 0.017593 0.031769 0.024074
1 0.671554 0.018981 0.028348 0.037963
1 0.558407 0.044907 0.043500 0.086111
1 0.471652 0.015278 0.040078 0.030556
1 0.343353 0.023148 0.027859 0.046296
0 0.236315 0.015741 0.045455 0.031481
1 0.189394 0.022222 0.014174 0.044444
1 0.060850 0.992130 0.023949 0.013889
1 0.051808 0.762963 0.027370 0.046296
1 0.015396 0.493981 0.021994 0.037963
1 0.057185 0.594444 0.040078 0.055556
1 0.154203 0.725926 0.036657 0.062963
1 0.078690 0.525000 0.068426 0.079630
1 0.269306 0.907407 0.021505 0.033333
0 0.243157 0.834722 0.049365 0.243519
1 0.203568 0.741667 0.037634 0.072222
1 0.271017 0.751852 0.024927 0.044444
1 0.258553 0.746759 0.014663 0.036111
1 0.225562 0.681481 0.030792 0.062963
0 0.265885 0.682407 0.064516 0.072222
1 0.159335 0.557870 0.048876 0.130556
1 0.354594 0.557407 0.037634 0.059259
1 0.410313 0.216204 0.059140 0.084259
1 0.432551 0.089815 0.012708 0.038889
1 0.445748 0.100926 0.013685 0.025926
1 0.601173 0.241667 0.022483 0.040741
1 0.291056 0.458333 0.021017 0.053704
0 0.235337 0.448148 0.104106 0.320370
1 0.220186 0.445833 0.021017 0.032407
1 0.211144 0.475926 0.024438 0.031481
1 0.190127 0.492130 0.014663 0.023148
0 0.228006 0.240278 0.051320 0.147222
1 0.225806 0.254630 0.022483 0.027778
1 0.196725 0.201852 0.014174 0.037037
1 0.211144 0.173611 0.023460 0.037963
1 0.302786 0.335648 0.033724 0.052778
1 0.316960 0.358333 0.024927 0.053704
1 0.656647 0.292593 0.028837 0.035185
1 0.673021 0.318981 0.023460 0.047222
1 0.957234 0.734722 0.032747 0.069444
1 0.913978 0.642130 0.023460 0.019444
1 0.278104 0.138889 0.070381 0.140741
1 0.242424 0.156019 0.011730 0.039815
1 0.249267 0.084259 0.030303 0.077778
1 0.284946 0.040278 0.045943 0.078704
0 0.278837 0.008796 0.028837 0.017593
1 0.321603 0.075463 0.022483 0.030556
1 0.352395 0.193056 0.018573 0.030556
0 0.773949 0.055093 0.075758 0.110185
1 0.721896 0.024537 0.030303 0.049074
1 0.474829 0.109259 0.021994 0.029630
1 0.468964 0.137037 0.026882 0.046296
1 0.560362 0.161574 0.021017 0.080556
1 0.565982 0.161574 0.038123 0.028704
1 0.913245 0.294444 0.051320 0.111111
1 0.932796 0.330093 0.021017 0.034259
1 0.963099 0.347685 0.021994 0.015741
1 0.919844 0.112500 0.050831 0.184259
1 0.922287 0.177778 0.025415 0.059259
1 0.936217 0.150463 0.052297 0.078704
1 0.836266 0.021759 0.058651 0.037963
1 0.690371 0.112500 0.032747 0.056481
1 0.655181 0.112963 0.029814 0.081481
1 0.617302 0.103241 0.035191 0.063889
1 0.627810 0.117130 0.016129 0.080556
1 0.673509 0.390741 0.032258 0.040741
1 0.652248 0.392130 0.021017 0.063889
1 0.923021 0.921296 0.026882 0.037037
1 0.853372 0.845833 0.032258 0.089815
1 0.792033 0.714815 0.027859 0.062963
0 0.763196 0.884722 0.154936 0.226852
1 0.674976 0.896296 0.017595 0.040741
1 0.702590 0.931019 0.032747 0.058333
1 0.725073 0.917593 0.021017 0.038889
1 0.670821 0.940741 0.012219 0.025926
1 0.432307 0.911111 0.020039 0.037037
1 0.443304 0.934722 0.023460 0.032407
1 0.476540 0.762500 0.031281 0.056481
1 0.534946 0.742593 0.029814 0.070370
1 0.531036 0.706481 0.019062 0.027778
1 0.488514 0.624537 0.057185 0.102778
1 0.489247 0.548148 0.022483 0.055556
1 0.463343 0.561574 0.017595 0.052778
1 0.456256 0.524074 0.048387 0.083333
0 0.749511 0.760648 0.062072 0.152778
1 0.782991 0.752315 0.030303 0.045370
1 0.601662 0.567130 0.015640 0.032407
1 0.607038 0.547222 0.016618 0.027778
1 0.675953 0.623611 0.017595 0.036111
1 0.660068 0.575000 0.017107 0.038889
1 0.627810 0.564352 0.024927 0.037963
1 0.648338 0.629630 0.076735 0.125926
1 0.732405 0.284259 0.035679 0.053704
1 0.824780 0.281481 0.026882 0.024074
1 0.857283 0.267130 0.015640 0.034259
0 0.776149 0.362500 0.110459 0.169444
0 0.782991 0.459722 0.119257 0.184259