1 0.987048 0.895370 0.024927 0.055556
1 0.707722 0.881944 0.024438 0.050926
1 0.552053 0.870833 0.026882 0.058333
1 0.447214 0.883333 0.033236 0.046296
1 0.568671 0.779630 0.023949 0.044444
1 0.932796 0.815278 0.026882 0.069444
0 0.309873 0.834259 0.078201 0.131481
0 0.770283 0.863889 0.125122 0.211111
1 0.481427 0.753704 0.035191 0.066667
0 0.222874 0.850000 0.120235 0.225926
1 0.574291 0.711574 0.013685 0.026852
1 0.605083 0.688889 0.017595 0.035185
1 0.739980 0.657407 0.032258 0.024074
0 0.781769 0.699074 0.072825 0.125926
1 0.235337 0.524074 0.025904 0.046296
1 0.648094 0.509722 0.022483 0.032407
1 0.991935 0.502778 0.015152 0.048148
1 0.324536 0.486574 0.054741 0.062037
1 0.747556 0.461574 0.015152 0.032407
1 0.691838 0.434259 0.015152 0.044444
0 0.784702 0.487500 0.065982 0.195370
1 0.668866 0.383333 0.025904 0.044444
1 0.802786 0.311111 0.016129 0.018519
1 0.855816 0.291204 0.013685 0.050926
1 0.478739 0.242130 0.026882 0.054630
1 0.500733 0.175463 0.014174 0.047222
0 0.254399 0.242130 0.146139 0.269444
1 0.563294 0.113889 0.019062 0.037037
1 0.673998 0.116204 0.022483 0.049074
1 0.945748 0.093519 0.015640 0.027778
1 0.701369 0.072685 0.016618 0.052778
1 0.229717 0.051389 0.029326 0.026852
0 0.787146 0.100926 0.125611 0.153704
1 0.727028 0.011574 0.019062 0.023148
1 0.558895 0.023611 0.025904 0.047222
1 0.272727 0.379630 0.077224 0.175926
1 0.265885 0.587037 0.034213 0.053704
1 0.271994 0.511111 0.019062 0.031481
1 0.529814 0.326389 0.021505 0.058333
1 0.592620 0.310648 0.035679 0.063889
1 0.622923 0.149537 0.023949 0.050926
1 0.680596 0.335185 0.033724 0.059259
1 0.709922 0.239815 0.036657 0.055556
1 0.658113 0.050926 0.029814 0.048148
1 0.983138 0.106944 0.029814 0.075000
1 0.849462 0.046296 0.027370 0.037037
1 0.873412 0.123148 0.020528 0.048148
1 0.914956 0.121759 0.020528 0.058333
1 0.944037 0.231944 0.019062 0.043519
1 0.967498 0.289815 0.027859 0.033333
1 0.981183 0.318981 0.028837 0.050926
1 0.989736 0.281944 0.013685 0.056481
1 0.804497 0.372685 0.033236 0.041667
1 0.747556 0.229167 0.018084 0.036111
1 0.803519 0.229630 0.015640 0.029630
1 0.719941 0.361574 0.016618 0.049074
1 0.742424 0.391204 0.022483 0.049074
1 0.742913 0.354630 0.043988 0.059259
1 0.848485 0.423148 0.016618 0.038889
1 0.715054 0.591667 0.023460 0.046296
1 0.778104 0.618056 0.028348 0.030556
1 0.806452 0.593981 0.020528 0.037963
1 0.701124 0.754630 0.018084 0.040741
1 0.686950 0.711574 0.024927 0.041667
1 0.711877 0.718981 0.027859 0.054630
1 0.987048 0.645833 0.021017 0.047222
1 0.976295 0.978704 0.037634 0.037037
1 0.977761 0.807870 0.040567 0.073148