1 0.081867 0.030093 0.060117 0.058333
1 0.108749 0.149074 0.035679 0.055556
1 0.079668 0.291204 0.045943 0.097222
1 0.294477 0.258796 0.037634 0.078704
1 0.186950 0.143981 0.049365 0.069444
1 0.119501 0.243519 0.035679 0.068519
1 0.132698 0.199537 0.022972 0.056481
1 0.170821 0.082870 0.024927 0.050926
1 0.166667 0.014815 0.035191 0.027778
1 0.313294 0.100926 0.033236 0.090741
1 0.330156 0.086574 0.029814 0.045370
1 0.278104 0.071296 0.042033 0.096296
1 0.299365 0.040278 0.040567 0.080556
1 0.178886 0.821759 0.071359 0.113889
1 0.259775 0.922222 0.024927 0.037037
1 0.282747 0.881944 0.030792 0.091667
1 0.039345 0.960185 0.039589 0.072222
1 0.124633 0.636574 0.037146 0.076852
1 0.169355 0.595370 0.060117 0.101852
1 0.010508 0.346296 0.021017 0.074074
1 0.120235 0.509722 0.042033 0.060185
1 0.165689 0.468056 0.046921 0.069444
1 0.320626 0.566204 0.025415 0.058333
1 0.278837 0.606019 0.031769 0.052778
1 0.217253 0.521296 0.032747 0.068519
1 0.138563 0.547222 0.046432 0.125926
1 0.100196 0.453241 0.034213 0.071296
1 0.289834 0.493981 0.036168 0.058333
0 0.518573 0.225000 0.484848 0.450000
1 0.436461 0.232870 0.058651 0.076852
1 0.516129 0.221759 0.030303 0.052778
1 0.429863 0.188426 0.029814 0.060185
1 0.434751 0.052315 0.025904 0.062037
1 0.425953 0.150000 0.042522 0.027778
1 0.530059 0.096759 0.030792 0.063889
1 0.509042 0.090278 0.021017 0.050926
1 0.760020 0.059722 0.028348 0.056481
1 0.794477 0.069444 0.036657 0.050000
1 0.785679 0.027315 0.035679 0.052778
1 0.423021 0.847222 0.046432 0.053704
1 0.645894 0.697685 0.033724 0.052778
1 0.563050 0.535185 0.088954 0.161111
0 0.480205 0.636111 0.363148 0.425926
1 0.670577 0.827315 0.029326 0.047222
1 0.510020 0.815741 0.027859 0.079630
0 0.558407 0.821759 0.510753 0.349074
1 0.940371 0.819444 0.027370 0.061111
1 0.946237 0.789352 0.027370 0.054630
1 0.878299 0.546296 0.034213 0.046296
1 0.955034 0.086111 0.035191 0.064815
1 0.817693 0.192130 0.020528 0.054630
1 0.951124 0.368519 0.024438 0.040741
1 0.983138 0.267593 0.026882 0.048148
1 0.945015 0.304630 0.026882 0.040741
1 0.982160 0.811111 0.025904 0.046296
1 0.739980 0.595370 0.033236 0.020370