1 0.138074 0.990741 0.034702 0.014815
1 0.136852 0.921296 0.008798 0.020370
1 0.895161 0.920370 0.021994 0.042593
1 0.308162 0.911574 0.045455 0.065741
1 0.723607 0.902778 0.009286 0.025926
0 0.249511 0.945833 0.068915 0.078704
1 0.036657 0.893056 0.012708 0.021296
1 0.593597 0.883333 0.024927 0.070370
1 0.425464 0.868981 0.030792 0.060185
1 0.478983 0.851389 0.009775 0.025000
1 0.629765 0.811111 0.021994 0.037037
1 0.920577 0.731944 0.014174 0.026852
1 0.120723 0.718519 0.013685 0.025926
1 0.988759 0.649537 0.015640 0.032407
0 0.759775 0.797685 0.066960 0.315741
1 0.029081 0.645833 0.008309 0.019444
1 0.160068 0.653704 0.018084 0.050000
1 0.409824 0.643056 0.013196 0.034259
1 0.255865 0.660648 0.032747 0.141667
1 0.782747 0.555093 0.024927 0.071296
1 0.718719 0.407407 0.035679 0.059259
0 0.214565 0.447222 0.094819 0.146296
1 0.949169 0.278241 0.024438 0.037963
0 0.242424 0.257870 0.043988 0.126852
1 0.994624 0.140741 0.009775 0.031481
1 0.964321 0.137963 0.025415 0.042593
1 0.544477 0.098148 0.027370 0.044444
1 0.367791 0.071296 0.017107 0.046296
1 0.340420 0.045833 0.031769 0.034259
0 0.263196 0.025463 0.016129 0.050926
1 0.009286 0.967593 0.016618 0.037037
1 0.230205 0.006481 0.090909 0.012963
1 0.547410 0.511574 0.021505 0.067593
1 0.556940 0.533796 0.026882 0.054630
1 0.625611 0.732407 0.026393 0.050000
1 0.986559 0.837500 0.024927 0.045370
0 0.755621 0.496759 0.041056 0.062037
1 0.708456 0.320370 0.021994 0.051852
1 0.707722 0.280093 0.028348 0.073148
0 0.759286 0.051852 0.058162 0.103704
1 0.946481 0.205556 0.020039 0.033333
1 0.950391 0.188426 0.017107 0.039815
0 0.752933 0.149074 0.080645 0.150000