1 0.547898 0.948611 0.016618 0.023148
0 0.593842 0.939352 0.085044 0.119444
1 0.124145 0.869907 0.013685 0.019444
1 0.339687 0.726389 0.007820 0.021296
1 0.425220 0.720370 0.017595 0.020370
1 0.427664 0.579630 0.007820 0.018519
1 0.347263 0.540278 0.012219 0.013889
1 0.616325 0.525000 0.013685 0.014815
1 0.541789 0.456944 0.012219 0.030556
1 0.093597 0.231019 0.006354 0.025000
1 0.975562 0.066667 0.013685 0.037037
0 0.597019 0.049537 0.025904 0.099074
1 0.541056 0.011111 0.013685 0.022222
1 0.153959 0.209722 0.019550 0.050926
1 0.164712 0.214352 0.027370 0.047222
1 0.115836 0.410648 0.013685 0.041667
1 0.126833 0.650463 0.012219 0.023148
1 0.177419 0.693056 0.021505 0.034259
1 0.161046 0.868056 0.034702 0.036111
1 0.073803 0.075463 0.043011 0.147222
0 0.688172 0.665278 0.263930 0.589815
0 0.647361 0.231019 0.169599 0.450926
1 0.774438 0.133796 0.012219 0.030556
1 0.737781 0.133796 0.012219 0.019444
1 0.865591 0.215278 0.018573 0.028704
1 0.972141 0.217593 0.022483 0.040741
1 0.832111 0.710648 0.008309 0.030556
1 0.862903 0.656944 0.020039 0.032407
1 0.976295 0.836574 0.022972 0.058333
1 0.993157 0.748611 0.011730 0.043519
1 0.936461 0.774074 0.014663 0.016667