1 0.873900 0.985648 0.017595 0.026852
0 0.370968 0.977778 0.064516 0.042593
1 0.607771 0.974537 0.017107 0.037963
1 0.294966 0.934259 0.027859 0.064815
1 0.610215 0.906019 0.008309 0.025000
1 0.077468 0.881481 0.016129 0.027778
1 0.017595 0.834722 0.009775 0.025000
1 0.372434 0.831019 0.040078 0.119444
1 0.580156 0.750463 0.027370 0.060185
1 0.346285 0.680093 0.021994 0.082407
1 0.660557 0.621759 0.018084 0.049074
1 0.067693 0.562037 0.029814 0.031481
1 0.350929 0.435185 0.023460 0.031481
1 0.202590 0.448611 0.036657 0.062037
1 0.824047 0.331481 0.012708 0.027778
1 0.258553 0.325926 0.029326 0.088889
1 0.048631 0.327778 0.038612 0.100000
1 0.063294 0.230556 0.009286 0.022222
1 0.230938 0.254630 0.044477 0.072222
0 0.023705 0.220370 0.047410 0.255556
1 0.979228 0.082870 0.014174 0.025000
1 0.932796 0.010648 0.019062 0.021296
0 0.545455 0.044444 0.118280 0.088889
0 0.047654 0.071759 0.095308 0.143519
1 0.093597 0.082407 0.009286 0.035185
0 0.033480 0.390741 0.066960 0.185185
1 0.203324 0.516204 0.031281 0.049074
1 0.013196 0.655556 0.025415 0.090741
1 0.320870 0.502778 0.025904 0.050000
1 0.274438 0.555093 0.060117 0.145370
1 0.235826 0.558333 0.066960 0.114815
0 0.020528 0.951389 0.040078 0.093519
1 0.071603 0.965278 0.023949 0.043519
1 0.078935 0.926389 0.031769 0.039815
1 0.042278 0.913426 0.034702 0.087963
1 0.346530 0.818981 0.027370 0.052778
1 0.457967 0.909722 0.030303 0.032407
0 0.521994 0.924537 0.100684 0.145370
0 0.524682 0.812037 0.152981 0.218519
0 0.513685 0.617130 0.213099 0.308333
1 0.464321 0.681481 0.026393 0.075926
1 0.421799 0.682407 0.058651 0.148148
0 0.540078 0.439352 0.179863 0.112037
0 0.527859 0.169444 0.173021 0.209259
1 0.598240 0.245833 0.048876 0.032407
1 0.804741 0.674537 0.026882 0.060185