1 0.072336 0.139352 0.010753 0.060185
1 0.088221 0.326852 0.030792 0.033333
1 0.136119 0.422685 0.026882 0.054630
1 0.031036 0.448148 0.034702 0.038889
1 0.162268 0.655093 0.027370 0.039815
1 0.010020 0.671296 0.018084 0.027778
1 0.283236 0.434722 0.012219 0.052778
1 0.290078 0.333333 0.018084 0.042593
1 0.181085 0.536111 0.015152 0.053704
1 0.321114 0.798611 0.070381 0.099074
1 0.061828 0.893981 0.055230 0.045370
1 0.215787 0.958333 0.021017 0.048148
1 0.235337 0.950926 0.023949 0.038889
1 0.159824 0.793981 0.023460 0.041667
1 0.172776 0.822222 0.025904 0.048148
1 0.089198 0.908333 0.026882 0.024074
1 0.393451 0.194444 0.013685 0.053704
1 0.400049 0.454167 0.042522 0.069444
1 0.429619 0.517130 0.014663 0.056481
1 0.469941 0.712500 0.029814 0.093519
1 0.375367 0.731481 0.020528 0.031481
1 0.495357 0.937963 0.025904 0.075926
1 0.490469 0.236111 0.009286 0.035185
1 0.461877 0.444444 0.017595 0.040741
1 0.463832 0.799537 0.023460 0.045370
1 0.411779 0.825463 0.034702 0.071296
1 0.316716 0.942593 0.090909 0.112963
1 0.387341 0.881944 0.040567 0.093519
1 0.519306 0.771296 0.022972 0.038889
1 0.559629 0.023611 0.034213 0.043519
0 0.607283 0.034259 0.065982 0.068519
1 0.598974 0.081019 0.029814 0.045370
1 0.613636 0.116667 0.031769 0.038889
0 0.608016 0.160648 0.149560 0.132407
1 0.756843 0.059722 0.014174 0.032407
1 0.745357 0.247685 0.046921 0.071296
1 0.779326 0.216204 0.024927 0.043519
1 0.728250 0.089815 0.012708 0.037037
1 0.796432 0.256944 0.025904 0.039815
1 0.688905 0.297685 0.025904 0.056481
1 0.765152 0.570833 0.063050 0.076852
1 0.578935 0.304167 0.068915 0.113889
0 0.637830 0.319444 0.088954 0.212963
1 0.558407 0.240278 0.018084 0.032407
0 0.584311 0.499074 0.129521 0.211111
1 0.597263 0.614815 0.042033 0.122222
1 0.560606 0.695833 0.016618 0.041667
1 0.599707 0.676852 0.015640 0.040741
1 0.622434 0.630093 0.040567 0.093519
0 0.605572 0.758333 0.113392 0.275926
1 0.657869 0.772222 0.028348 0.029630
1 0.670577 0.861111 0.033236 0.066667
1 0.692815 0.849074 0.017107 0.035185
0 0.610215 0.888426 0.115836 0.221296
1 0.818671 0.016667 0.016618 0.031481
1 0.914223 0.048611 0.021017 0.030556
1 0.893451 0.266204 0.012708 0.026852
1 0.841153 0.291204 0.016618 0.026852
1 0.860459 0.434259 0.031769 0.027778
1 0.869746 0.587963 0.026882 0.027778
1 0.770772 0.784259 0.024438 0.040741
1 0.750489 0.885185 0.017107 0.038889
1 0.781281 0.922685 0.023949 0.052778
1 0.815494 0.922685 0.014174 0.071296
1 0.846285 0.921296 0.056207 0.079630
1 0.872923 0.949537 0.029326 0.026852
1 0.814027 0.511111 0.010264 0.025926
1 0.919599 0.492130 0.059140 0.143519
1 0.917889 0.618056 0.052786 0.065741
1 0.949902 0.652315 0.040567 0.080556
1 0.988514 0.605556 0.010264 0.070370
1 0.974340 0.029167 0.018084 0.058333
1 0.995601 0.085648 0.007820 0.078704
1 0.957234 0.263426 0.022972 0.110185
1 0.991202 0.256481 0.016618 0.061111
1 0.986070 0.872685 0.025904 0.030556
1 0.984848 0.787963 0.029326 0.050000
1 0.967986 0.760648 0.014174 0.025000
1 0.994379 0.921296 0.009286 0.057407
1 0.978983 0.840278 0.015640 0.049074
1 0.988514 0.084259 0.016129 0.029630