1 0.063783 0.262963 0.018084 0.038889
0 0.246090 0.145833 0.161779 0.284259
1 0.259042 0.032407 0.051808 0.064815
1 0.365347 0.023611 0.022972 0.032407
1 0.356061 0.095833 0.030792 0.108333
1 0.344575 0.163889 0.033236 0.057407
0 0.258065 0.442593 0.139785 0.222222
0 0.259286 0.319444 0.211632 0.140741
1 0.113636 0.544907 0.071848 0.123148
1 0.136852 0.651389 0.049853 0.115741
1 0.205279 0.932870 0.011730 0.030556
0 0.264174 0.948611 0.111926 0.097222
0 0.270283 0.797685 0.128055 0.237963
0 0.256354 0.658796 0.136364 0.186111
1 0.172532 0.592130 0.017595 0.087963
1 0.211388 0.884722 0.019062 0.045370
1 0.374633 0.946296 0.033724 0.033333
1 0.408358 0.958333 0.035679 0.066667
1 0.365347 0.661574 0.026882 0.054630
1 0.513196 0.609259 0.036168 0.064815
1 0.474096 0.593519 0.031281 0.044444
1 0.521994 0.650000 0.019550 0.044444
1 0.514907 0.667593 0.025904 0.090741
1 0.466764 0.808333 0.065494 0.100000
1 0.528104 0.772685 0.057185 0.112037
1 0.505132 0.926852 0.035679 0.081481
1 0.510264 0.856481 0.021505 0.051852
1 0.470919 0.969907 0.031769 0.054630
1 0.554741 0.966204 0.036168 0.065741
1 0.584555 0.924537 0.046921 0.080556
0 0.764418 0.908333 0.098729 0.177778
1 0.676197 0.717130 0.066960 0.154630
0 0.783724 0.722685 0.088465 0.143519
0 0.775660 0.583796 0.151515 0.158333
0 0.777126 0.382870 0.102639 0.269444
1 0.670821 0.379167 0.033724 0.075000
1 0.672776 0.228704 0.025904 0.057407
1 0.748778 0.156944 0.021505 0.049074
1 0.961877 0.211574 0.048876 0.104630
1 0.992669 0.271759 0.011730 0.075000
1 0.955034 0.123611 0.051808 0.093519
1 0.893206 0.049074 0.065982 0.098148
0 0.788368 0.083796 0.133920 0.167593
1 0.685484 0.118056 0.025904 0.052778
1 0.440371 0.048148 0.052786 0.096296
1 0.507087 0.294907 0.025904 0.047222