1 0.422287 0.989815 0.014663 0.018519
1 0.794477 0.983796 0.014174 0.030556
1 0.977028 0.952778 0.015640 0.016667
1 0.936950 0.931481 0.009775 0.024074
1 0.196237 0.937500 0.029814 0.041667
1 0.876833 0.931944 0.034213 0.025000
1 0.943548 0.910648 0.009286 0.026852
1 0.642717 0.883333 0.010753 0.014815
1 0.962121 0.887963 0.035679 0.035185
1 0.568915 0.881019 0.016618 0.026852
1 0.300098 0.835185 0.035191 0.062963
1 0.442571 0.789815 0.011241 0.012963
0 0.005865 0.805556 0.011730 0.038889
1 0.880254 0.773611 0.013685 0.063889
1 0.689150 0.764815 0.036168 0.055556
1 0.280059 0.766667 0.028348 0.057407
1 0.980205 0.768519 0.038612 0.046296
1 0.398094 0.715741 0.014174 0.025926
1 0.313783 0.655556 0.024438 0.048148
1 0.886119 0.643519 0.015640 0.022222
1 0.872190 0.643981 0.019062 0.082407
1 0.259042 0.614352 0.014663 0.026852
1 0.212854 0.562037 0.053275 0.046296
1 0.368280 0.566667 0.027859 0.083333
1 0.960166 0.533796 0.017107 0.023148
1 0.294721 0.443981 0.020528 0.034259
0 0.024682 0.446296 0.049365 0.074074
1 0.481916 0.408333 0.031281 0.040741
1 0.693060 0.370370 0.022483 0.038889
1 0.050342 0.350926 0.013685 0.022222
1 0.884897 0.300463 0.020039 0.023148
1 0.737781 0.235185 0.015152 0.018519
1 0.625367 0.233333 0.014174 0.053704
1 0.991447 0.215278 0.016129 0.050926
1 0.948680 0.167593 0.023460 0.035185
1 0.021017 0.158796 0.016618 0.028704
1 0.964321 0.106019 0.029326 0.045370
1 0.988759 0.032870 0.021505 0.065741
1 0.718964 0.027315 0.034213 0.054630
0 0.495357 0.051852 0.123656 0.103704
1 0.028592 0.091204 0.021017 0.037963
1 0.028837 0.118056 0.027370 0.025000
1 0.060362 0.993056 0.008309 0.010185
1 0.049853 0.992593 0.004888 0.012963
1 0.058651 0.746759 0.031281 0.054630
1 0.101173 0.765741 0.008798 0.031481
1 0.027126 0.590741 0.054252 0.094444
1 0.151515 0.080093 0.033236 0.089815
1 0.166422 0.771759 0.016129 0.073148
1 0.218719 0.722685 0.043500 0.032407
1 0.907869 0.485648 0.018084 0.050926
1 0.923509 0.414815 0.152004 0.144444
1 0.326246 0.748611 0.044477 0.102778
1 0.233382 0.474074 0.022972 0.037037
1 0.252933 0.455556 0.034702 0.044444
1 0.273216 0.206019 0.036168 0.058333
1 0.326246 0.072222 0.035679 0.083333
0 0.482649 0.575463 0.094330 0.219444
1 0.564272 0.355556 0.036657 0.088889
1 0.296432 0.944444 0.032747 0.109259
1 0.492913 0.943981 0.042522 0.073148
1 0.554741 0.752778 0.028348 0.059259
0 0.509775 0.776389 0.108504 0.378704
1 0.915934 0.323148 0.027370 0.046296
1 0.958211 0.252315 0.046432 0.086111
1 0.973118 0.300463 0.038123 0.086111
1 0.973118 0.367593 0.026393 0.050000
1 0.974096 0.385185 0.050831 0.146296
1 0.972141 0.631481 0.044966 0.029630
1 0.986070 0.663426 0.018084 0.050926
1 0.926442 0.557407 0.021017 0.050000