1 0.093842 0.165278 0.019550 0.041667
1 0.178397 0.318056 0.021505 0.049074
1 0.010997 0.543519 0.021994 0.038889
1 0.247556 0.785648 0.018084 0.043519
1 0.267107 0.636111 0.023949 0.042593
1 0.153470 0.696759 0.020528 0.028704
1 0.145650 0.479167 0.018573 0.030556
1 0.281036 0.100000 0.022483 0.040741
1 0.256109 0.047685 0.022483 0.043519
1 0.471896 0.391667 0.021017 0.048148
0 0.538856 0.072222 0.044477 0.144444
1 0.564272 0.018519 0.017107 0.027778
0 0.521017 0.230556 0.213099 0.190741
1 0.876100 0.425463 0.020039 0.047222
1 0.747067 0.155093 0.021994 0.050926
1 0.749511 0.364815 0.022972 0.033333
0 0.542766 0.543519 0.237048 0.135185
1 0.604839 0.740741 0.020039 0.040741
1 0.638074 0.687963 0.020039 0.051852
1 0.531769 0.586111 0.082111 0.159259
1 0.566227 0.809259 0.079668 0.064815
1 0.831867 0.784722 0.021505 0.045370
1 0.855083 0.857407 0.021994 0.031481
0 0.538123 0.897222 0.259042 0.201852
1 0.967009 0.867593 0.023949 0.035185
1 0.964565 0.930093 0.031769 0.036111
1 0.870723 0.582407 0.050342 0.072222
1 0.943304 0.243981 0.026393 0.041667
1 0.984848 0.203241 0.028348 0.063889
1 0.978739 0.399074 0.027859 0.040741
1 0.977028 0.336574 0.023460 0.041667
1 0.902004 0.371296 0.022972 0.064815
1 0.912268 0.319907 0.017107 0.032407
1 0.949169 0.147222 0.021505 0.044444
1 0.977761 0.183333 0.025904 0.040741
1 0.985582 0.137037 0.023949 0.029630
1 0.980694 0.113426 0.023949 0.039815