0 0.629765 0.953241 0.034702 0.091667
1 0.544966 0.785648 0.019550 0.025000
1 0.263685 0.687500 0.013196 0.026852
1 0.273216 0.660185 0.009775 0.033333
1 0.318671 0.562037 0.019550 0.038889
1 0.041789 0.542130 0.035679 0.067593
1 0.101662 0.429630 0.026393 0.035185
1 0.965054 0.426389 0.038612 0.049074
1 0.486804 0.399074 0.021505 0.035185
1 0.648338 0.204630 0.018084 0.044444
1 0.235826 0.187037 0.026882 0.051852
1 0.556696 0.176389 0.024438 0.041667
1 0.044233 0.086574 0.027859 0.049074
1 0.010020 0.009259 0.010264 0.018519
1 0.093109 0.026852 0.028837 0.046296
1 0.070626 0.037037 0.015152 0.024074
1 0.010508 0.110185 0.017107 0.033333
1 0.009531 0.181481 0.018084 0.022222
1 0.127077 0.782407 0.015640 0.033333
1 0.023460 0.240741 0.022483 0.044444
1 0.037634 0.218519 0.037146 0.059259
1 0.035191 0.184722 0.019550 0.034259
1 0.109726 0.177315 0.016129 0.141667
1 0.107771 0.166204 0.026882 0.041667
1 0.126833 0.200000 0.025904 0.050000
1 0.143939 0.593981 0.025904 0.030556
1 0.073069 0.912963 0.038612 0.066667
1 0.028837 0.380556 0.031281 0.027778
1 0.010264 0.359722 0.020528 0.062037
1 0.282991 0.180093 0.020528 0.043519
1 0.230450 0.079167 0.022972 0.037963
1 0.262952 0.391667 0.033236 0.066667
1 0.276882 0.447685 0.023949 0.052778
1 0.396383 0.943519 0.025415 0.044444
1 0.359726 0.979167 0.038123 0.039815
1 0.383920 0.689815 0.033724 0.061111
1 0.387341 0.574074 0.012219 0.029630
1 0.412023 0.577778 0.023460 0.038889
1 0.376100 0.576852 0.011241 0.027778
1 0.393939 0.434722 0.024438 0.034259
1 0.420332 0.430093 0.026393 0.032407
1 0.477028 0.932870 0.032258 0.050926
1 0.515152 0.882870 0.015640 0.026852
1 0.560362 0.623148 0.024927 0.053704
1 0.513441 0.318981 0.025904 0.050926
1 0.539101 0.419444 0.032258 0.048148
1 0.644428 0.498148 0.039589 0.083333
1 0.685484 0.500000 0.025904 0.035185
1 0.771750 0.559259 0.029326 0.025926
1 0.756843 0.640741 0.057185 0.057407
1 0.750978 0.679630 0.021017 0.048148
0 0.608016 0.843981 0.274682 0.310185
0 0.655670 0.977315 0.024927 0.043519
1 0.644917 0.806481 0.018084 0.046296
1 0.671065 0.843981 0.021505 0.060185
0 0.530547 0.565741 0.342620 0.500000
1 0.408358 0.486111 0.014174 0.037037
1 0.490714 0.510185 0.021505 0.031481
1 0.662023 0.315278 0.029814 0.028704
0 0.612170 0.279167 0.357283 0.558333
1 0.532747 0.207870 0.025415 0.021296
1 0.541300 0.225000 0.018084 0.012963
1 0.516862 0.126852 0.024927 0.044444
0 0.523216 0.012037 0.108016 0.024074
1 0.529570 0.065741 0.049365 0.101852
1 0.543500 0.065741 0.026393 0.057407
1 0.553763 0.080093 0.015640 0.017593
1 0.524194 0.071296 0.012219 0.033333
1 0.636852 0.066667 0.029326 0.044444
1 0.744624 0.108796 0.027859 0.041667
1 0.803275 0.144907 0.020039 0.032407
1 0.749511 0.023611 0.012219 0.047222
1 0.757331 0.015741 0.035679 0.031481
1 0.775415 0.014815 0.021994 0.029630
1 0.806940 0.006944 0.012708 0.013889
1 0.871212 0.081944 0.016129 0.032407
1 0.882209 0.256481 0.014663 0.029630
1 0.916178 0.164352 0.019062 0.041667
1 0.925220 0.187963 0.018573 0.040741
1 0.964076 0.209259 0.007331 0.027778
1 0.972141 0.229630 0.022483 0.038889
1 0.979961 0.162037 0.039101 0.051852
1 0.961632 0.124537 0.021994 0.041667
1 0.968475 0.085648 0.027859 0.054630
1 0.943304 0.096759 0.018573 0.045370
1 0.956989 0.081019 0.017595 0.030556
1 0.915200 0.109259 0.015152 0.040741
1 0.923509 0.143056 0.017107 0.041667
1 0.955279 0.044444 0.019062 0.033333
1 0.976295 0.052315 0.021994 0.036111
1 0.922043 0.056019 0.028837 0.058333
1 0.913245 0.020833 0.017107 0.036111
1 0.947947 0.011574 0.017107 0.023148
1 0.764418 0.318981 0.018573 0.071296
1 0.765396 0.331944 0.033236 0.025000
1 0.761975 0.437037 0.011730 0.029630
1 0.756843 0.394907 0.042522 0.069444
1 0.807185 0.460185 0.022972 0.051852
1 0.812561 0.624537 0.023949 0.045370
1 0.826491 0.624537 0.023460 0.043519
1 0.824047 0.654630 0.020528 0.046296
1 0.877810 0.638889 0.020528 0.042593
1 0.892473 0.664815 0.025415 0.042593
1 0.876588 0.720833 0.037634 0.075000
1 0.859238 0.685185 0.029326 0.064815
1 0.851417 0.338889 0.021505 0.083333
1 0.892229 0.331481 0.026882 0.042593
1 0.859971 0.384722 0.020039 0.041667
1 0.841642 0.352778 0.032258 0.031481
1 0.891496 0.364815 0.020528 0.055556
1 0.914467 0.480093 0.021505 0.036111
1 0.921065 0.485648 0.020039 0.036111
1 0.936217 0.489815 0.011241 0.053704
1 0.922532 0.540278 0.026882 0.067593
1 0.978006 0.485185 0.016618 0.018519
1 0.977273 0.516204 0.014174 0.037963
1 0.972874 0.597685 0.014174 0.060185
1 0.981916 0.578704 0.022483 0.042593
1 0.983382 0.548148 0.017595 0.033333
1 0.929619 0.681019 0.023460 0.049074
1 0.957967 0.715741 0.024438 0.031481
1 0.990225 0.704167 0.017595 0.041667
1 0.945992 0.960185 0.030792 0.050000
1 0.973851 0.967593 0.020039 0.033333
1 0.959922 0.984259 0.012708 0.027778
1 0.955767 0.878241 0.030792 0.049074
1 0.855816 0.776852 0.018573 0.024074
1 0.873412 0.775926 0.012708 0.029630
1 0.863392 0.833333 0.024927 0.022222
1 0.872678 0.875000 0.021994 0.046296
1 0.828446 0.807870 0.013685 0.021296
1 0.774194 0.768981 0.023460 0.034259
1 0.754154 0.792593 0.016618 0.059259
1 0.740958 0.784259 0.015640 0.035185
1 0.759042 0.922685 0.021505 0.058333
1 0.742424 0.929630 0.015640 0.044444
1 0.909335 0.866204 0.021017 0.025000