1 0.845797 0.987037 0.010264 0.012963
1 0.286168 0.986574 0.033724 0.025000
1 0.238759 0.978241 0.011241 0.023148
1 0.436950 0.987037 0.026393 0.024074
1 0.675709 0.970370 0.015152 0.014815
1 0.342131 0.943056 0.018573 0.032407
1 0.610704 0.943981 0.016129 0.041667
1 0.682551 0.918056 0.017107 0.017593
1 0.917644 0.915278 0.022972 0.032407
1 0.590909 0.914352 0.023460 0.045370
1 0.676442 0.864352 0.012708 0.017593
1 0.590420 0.856481 0.016618 0.050000
1 0.911046 0.878704 0.020528 0.061111
1 0.159091 0.885648 0.063050 0.089815
1 0.797654 0.849074 0.049853 0.044444
1 0.403470 0.812500 0.025904 0.023148
1 0.569159 0.813889 0.021994 0.033333
1 0.373412 0.800000 0.018573 0.024074
1 0.438905 0.796759 0.010753 0.026852
1 0.909824 0.770833 0.018084 0.050926
1 0.827713 0.722685 0.039589 0.075000
1 0.733382 0.674074 0.008309 0.016667
1 0.298631 0.681944 0.053763 0.050926
1 0.832111 0.635648 0.027859 0.050926
1 0.091398 0.659259 0.054741 0.103704
1 0.588465 0.589352 0.028348 0.034259
1 0.616080 0.586111 0.015152 0.031481
1 0.542033 0.598611 0.029326 0.080556
1 0.752444 0.522222 0.010264 0.024074
1 0.695748 0.530556 0.049365 0.059259
1 0.005132 0.493981 0.009286 0.013889
1 0.021994 0.487037 0.019550 0.038889
1 0.043011 0.463426 0.020528 0.067593
1 0.612170 0.502778 0.046432 0.133333
1 0.752444 0.460185 0.026882 0.055556
1 0.099218 0.436574 0.017595 0.021296
1 0.196970 0.426389 0.038123 0.080556
1 0.013441 0.388426 0.024927 0.030556
1 0.088954 0.373148 0.026393 0.029630
1 0.060850 0.365278 0.012219 0.021296
1 0.600929 0.344907 0.011241 0.034259
1 0.282991 0.325000 0.026393 0.046296
1 0.326735 0.304167 0.032747 0.067593
1 0.754399 0.269444 0.021017 0.020370
1 0.636608 0.221759 0.010264 0.026852
1 0.675464 0.217130 0.022483 0.025000
1 0.683040 0.195370 0.028837 0.037037
1 0.588465 0.182870 0.023460 0.025000
1 0.754888 0.158796 0.046432 0.065741
1 0.650782 0.172222 0.054252 0.068519
1 0.828690 0.144907 0.021017 0.050926
1 0.341398 0.158796 0.036657 0.084259
1 0.759042 0.008333 0.034213 0.016667
0 0.450391 0.031481 0.046432 0.062963
1 0.006598 0.084722 0.013196 0.015741
1 0.071359 0.025926 0.009775 0.022222
1 0.113636 0.249074 0.043500 0.031481
1 0.196237 0.281019 0.039589 0.025000
1 0.159091 0.505556 0.026882 0.059259
1 0.348729 0.310648 0.020039 0.052778
1 0.352395 0.361574 0.042033 0.091667
1 0.372190 0.332407 0.015152 0.029630
1 0.379277 0.356019 0.011730 0.039815
0 0.532258 0.061574 0.070381 0.123148
1 0.588465 0.641204 0.013685 0.034259
1 0.776393 0.960648 0.019062 0.062037
1 0.735093 0.974074 0.022483 0.050000
1 0.747312 0.952315 0.021505 0.089815
1 0.819648 0.968981 0.021505 0.058333
1 0.760753 0.784259 0.047410 0.068519
1 0.774438 0.798148 0.028837 0.046296
1 0.767107 0.568981 0.014174 0.026852
1 0.763196 0.597685 0.035679 0.043519
1 0.810850 0.435185 0.023460 0.048148
0 0.521017 0.189815 0.106549 0.275926
1 0.482649 0.058333 0.012219 0.024074
0 0.496090 0.952315 0.085044 0.093519
0 0.473363 0.897685 0.126588 0.125000
0 0.507820 0.797222 0.084066 0.153704
0 0.457234 0.681019 0.144184 0.158333
0 0.460166 0.248148 0.079668 0.114815
0 0.480205 0.355556 0.083578 0.109259
0 0.488514 0.566667 0.079668 0.118519
0 0.492180 0.424537 0.168133 0.176852
1 0.529814 0.510648 0.022483 0.049074
0 0.966520 0.812500 0.065005 0.237963
1 0.792522 0.067130 0.054252 0.075000
1 0.839932 0.015741 0.035679 0.031481
1 0.828935 0.055093 0.050831 0.073148
1 0.801808 0.200926 0.017107 0.050000
1 0.792766 0.187037 0.015640 0.046296
1 0.793500 0.150926 0.015152 0.025926
1 0.822336 0.187963 0.020039 0.020370
1 0.805718 0.159722 0.011241 0.021296
1 0.822092 0.317593 0.051808 0.112963
1 0.936461 0.009722 0.021505 0.015741
0 0.951613 0.217130 0.078201 0.180556
0 0.965787 0.125463 0.066471 0.162037
1 0.865347 0.179630 0.015152 0.011111
1 0.876100 0.140278 0.006354 0.015741
0 0.875611 0.280093 0.111926 0.226852
1 0.884409 0.181019 0.033724 0.110185
0 0.910557 0.658796 0.107527 0.165741
0 0.884409 0.507870 0.118768 0.184259
1 0.934018 0.462963 0.070381 0.096296
0 0.962121 0.466667 0.074780 0.333333