1 0.031525 0.261111 0.015152 0.048148
1 0.136364 0.643056 0.047898 0.047222
1 0.186461 0.592130 0.020039 0.052778
0 0.472630 0.192593 0.537634 0.383333
0 0.427908 0.650926 0.370968 0.688889
1 0.631720 0.286111 0.009286 0.053704
0 0.456745 0.848611 0.465787 0.299074
1 0.911779 0.114815 0.023949 0.046296
1 0.894428 0.517130 0.036168 0.049074
1 0.921310 0.616204 0.050831 0.141667
1 0.728983 0.981019 0.054252 0.034259
1 0.762952 0.955556 0.033236 0.083333
1 0.099707 0.820370 0.021505 0.066667
1 0.884164 0.384722 0.024438 0.047222
1 0.964809 0.273611 0.021505 0.026852