1 0.543988 0.834722 0.035191 0.039815
1 0.987292 0.816667 0.016618 0.027778
1 0.450147 0.787037 0.017595 0.035185
1 0.437195 0.759722 0.032747 0.045370
1 0.506598 0.756481 0.019062 0.044444
0 0.207967 0.881944 0.135386 0.158333
1 0.922532 0.542130 0.033724 0.043519
1 0.702835 0.456944 0.027370 0.037963
1 0.983871 0.374074 0.012708 0.022222
1 0.799120 0.315278 0.023460 0.043519
1 0.915445 0.279630 0.026393 0.059259
1 0.522972 0.222222 0.025415 0.057407
1 0.685239 0.192130 0.021505 0.036111
1 0.892717 0.182870 0.024927 0.049074
1 0.124633 0.153704 0.014663 0.024074
1 0.927664 0.132870 0.025415 0.036111
1 0.457478 0.070833 0.020528 0.039815
1 0.473363 0.035648 0.027859 0.026852
1 0.944526 0.019444 0.022972 0.024074
1 0.269550 0.089352 0.044477 0.175000
0 0.225806 0.118056 0.118280 0.226852
0 0.214076 0.292130 0.139785 0.225000
0 0.254888 0.492593 0.182307 0.216667
1 0.177908 0.646759 0.015640 0.052778
1 0.235093 0.725463 0.086999 0.180556
1 0.236070 0.764352 0.046921 0.076852
1 0.363392 0.831019 0.020039 0.037963
1 0.518817 0.789815 0.016129 0.053704
1 0.516129 0.853241 0.014663 0.049074
1 0.549609 0.231019 0.024927 0.049074
1 0.465054 0.318519 0.015152 0.031481
1 0.639296 0.429630 0.033236 0.050000
1 0.687195 0.762500 0.028348 0.273148
0 0.748045 0.882407 0.108993 0.166667
0 0.773949 0.690741 0.194037 0.277778
0 0.745846 0.361574 0.070381 0.212037
0 0.784457 0.503241 0.153470 0.206481
1 0.825758 0.143056 0.017107 0.039815
1 0.952102 0.089352 0.048876 0.067593
1 0.969208 0.124537 0.034213 0.069444
1 0.900782 0.233333 0.014663 0.035185
0 0.712366 0.274074 0.134409 0.140741
0 0.750489 0.027315 0.093353 0.054630
0 0.742669 0.133333 0.110948 0.151852
1 0.705767 0.043519 0.024438 0.081481
1 0.661290 0.059259 0.027370 0.098148
1 0.479717 0.433796 0.014174 0.036111
1 0.565005 0.515741 0.016618 0.038889
1 0.530059 0.618981 0.021017 0.041667
1 0.519306 0.676852 0.017107 0.025926
1 0.478739 0.553704 0.024927 0.037037
1 0.915200 0.034722 0.022972 0.039815
1 0.945748 0.055556 0.030303 0.044444