1 0.057185 0.206019 0.019550 0.039815
1 0.098485 0.331019 0.038612 0.041667
1 0.194037 0.475463 0.054741 0.069444
1 0.219941 0.177778 0.022483 0.048148
1 0.181085 0.114352 0.022972 0.047222
1 0.149804 0.013889 0.013196 0.027778
1 0.152981 0.635648 0.029326 0.032407
1 0.255376 0.769907 0.062072 0.084259
1 0.278837 0.702778 0.054252 0.055556
1 0.361926 0.586574 0.017107 0.045370
1 0.414223 0.374537 0.024927 0.041667
1 0.424242 0.633333 0.025415 0.042593
1 0.466764 0.023611 0.033236 0.041667
1 0.538612 0.043981 0.018573 0.028704
1 0.517351 0.083796 0.064027 0.078704
1 0.518084 0.031019 0.027370 0.039815
1 0.447458 0.233796 0.044477 0.054630
1 0.518328 0.362037 0.036657 0.050000
1 0.546188 0.470833 0.017107 0.039815
1 0.576735 0.544444 0.022483 0.027778
1 0.569404 0.472685 0.017595 0.026852
1 0.464076 0.730556 0.028837 0.037037
1 0.467009 0.772222 0.020039 0.029630
1 0.315249 0.807870 0.014663 0.032407
1 0.500978 0.883796 0.028348 0.043519
0 0.540567 0.805556 0.203324 0.385185
0 0.561584 0.545370 0.162268 0.524074
1 0.576735 0.412963 0.026393 0.042593
0 0.632698 0.187963 0.111926 0.375926
1 0.545210 0.279167 0.021994 0.047222
1 0.652248 0.134722 0.021017 0.062037
1 0.806940 0.128241 0.022483 0.043519
1 0.850196 0.244444 0.023949 0.038889
1 0.938172 0.411574 0.020039 0.041667
1 0.786168 0.429630 0.057185 0.061111
1 0.797898 0.377315 0.013196 0.032407
1 0.903959 0.747222 0.024927 0.040741
1 0.893939 0.705093 0.024438 0.026852
1 0.808895 0.727315 0.025415 0.056481
1 0.839687 0.633333 0.022483 0.044444
1 0.847263 0.561574 0.024927 0.050926
1 0.802053 0.588426 0.027370 0.043519
1 0.926686 0.600463 0.016618 0.034259
1 0.913245 0.584259 0.017107 0.040741
1 0.966520 0.586111 0.024927 0.038889
1 0.968475 0.728241 0.019062 0.039815
1 0.988270 0.705556 0.018573 0.035185
1 0.929863 0.314815 0.031769 0.066667
1 0.723363 0.065278 0.025415 0.032407
1 0.907625 0.228704 0.023460 0.040741
1 0.990469 0.394444 0.011241 0.033333
1 0.932307 0.368056 0.016129 0.028704
1 0.800587 0.896296 0.027370 0.040741
1 0.792766 0.856481 0.027370 0.031481
1 0.895406 0.861111 0.030303 0.046296
1 0.897605 0.908333 0.019062 0.040741
1 0.696237 0.872685 0.019062 0.034259
1 0.666422 0.067130 0.019062 0.030556