0 0.586999 0.267593 0.271750 0.535185
0 0.473851 0.681944 0.305474 0.530556
0 0.504643 0.890278 0.243891 0.215741
1 0.771505 0.858796 0.063050 0.102778
1 0.727517 0.848148 0.033724 0.125926
1 0.757820 0.774537 0.043500 0.067593
1 0.914467 0.801389 0.062561 0.069444
1 0.958211 0.449537 0.037634 0.067593
1 0.773949 0.126389 0.034702 0.084259
1 0.629521 0.110648 0.028348 0.067593
1 0.361681 0.075926 0.121212 0.151852
1 0.284457 0.539352 0.040078 0.080556
1 0.288123 0.624074 0.028837 0.077778
1 0.411535 0.375000 0.040078 0.090741
1 0.168133 0.561111 0.037146 0.061111
1 0.249022 0.163889 0.046432 0.066667
1 0.486070 0.601389 0.041544 0.069444
1 0.487781 0.528704 0.032258 0.070370
1 0.725806 0.734722 0.042033 0.047222
1 0.633675 0.644444 0.048387 0.079630