1 0.020039 0.755556 0.030303 0.053704
1 0.030792 0.787037 0.016618 0.033333
1 0.083333 0.826389 0.035679 0.036111
1 0.118280 0.805093 0.016618 0.058333
1 0.045455 0.698148 0.048876 0.040741
1 0.027370 0.712037 0.015640 0.022222
1 0.029814 0.651389 0.021505 0.063889
1 0.060362 0.608333 0.023949 0.050000
1 0.104350 0.606019 0.021017 0.026852
1 0.100929 0.637500 0.007331 0.052778
1 0.118768 0.657407 0.015640 0.014815
1 0.141740 0.635648 0.016618 0.036111
1 0.081134 0.651852 0.010753 0.033333
1 0.005132 0.861574 0.010264 0.056481
1 0.029570 0.927315 0.021017 0.037963
1 0.054741 0.897685 0.016618 0.032407
1 0.123900 0.922222 0.019062 0.024074
1 0.056696 0.869907 0.007820 0.023148
1 0.144428 0.980556 0.023949 0.033333
1 0.166667 0.969444 0.021505 0.042593
1 0.216764 0.860185 0.025904 0.031481
1 0.296676 0.822222 0.039101 0.042593
1 0.174487 0.780556 0.016618 0.033333
1 0.126344 0.534722 0.016129 0.063889
1 0.148583 0.547685 0.032258 0.037963
1 0.209433 0.521296 0.047410 0.059259
1 0.265640 0.533796 0.012219 0.065741
1 0.311584 0.538889 0.019062 0.029630
1 0.321359 0.436574 0.027859 0.045370
1 0.198925 0.421296 0.035191 0.055556
1 0.141007 0.411574 0.039589 0.049074
1 0.107283 0.380093 0.019062 0.062037
1 0.083089 0.379167 0.020528 0.028704
1 0.037390 0.366667 0.017107 0.055556
1 0.201613 0.710185 0.038612 0.057407
1 0.237048 0.713426 0.020528 0.028704
1 0.222874 0.764815 0.029326 0.077778
1 0.255132 0.747685 0.022483 0.036111
1 0.261975 0.660648 0.035191 0.073148
1 0.256354 0.624537 0.018084 0.060185
1 0.293255 0.608796 0.025415 0.058333
1 0.314516 0.685185 0.017107 0.053704
1 0.313294 0.714352 0.024438 0.030556
1 0.361437 0.637500 0.024927 0.034259
1 0.252199 0.600000 0.020528 0.050000
1 0.223363 0.624074 0.021505 0.053704
1 0.214076 0.602778 0.012708 0.050000
1 0.203324 0.628704 0.034213 0.040741
1 0.204057 0.660185 0.028837 0.031481
1 0.220674 0.708796 0.014174 0.026852
1 0.013930 0.178704 0.027859 0.037037
1 0.068426 0.154630 0.018573 0.024074
1 0.076246 0.195370 0.024438 0.042593
1 0.067937 0.110648 0.015640 0.030556
1 0.039101 0.067130 0.009775 0.039815
1 0.044477 0.010185 0.009775 0.020370
1 0.105816 0.069444 0.011241 0.068519
1 0.111437 0.021759 0.030303 0.043519
1 0.145894 0.045833 0.019062 0.052778
1 0.211144 0.025000 0.034213 0.050000
1 0.197214 0.076389 0.019062 0.030556
1 0.263685 0.089815 0.030792 0.031481
1 0.252199 0.111574 0.014663 0.041667
1 0.250978 0.135648 0.017107 0.030556
1 0.147849 0.141204 0.033724 0.023148
1 0.187439 0.207870 0.019062 0.036111
1 0.249511 0.269907 0.018084 0.043519
1 0.262219 0.291204 0.025904 0.047222
1 0.208944 0.324074 0.030792 0.035185
1 0.229472 0.366667 0.024927 0.059259
1 0.212610 0.366667 0.029326 0.024074
1 0.226540 0.265278 0.017107 0.067593
1 0.246823 0.180093 0.044966 0.075000
1 0.222385 0.161574 0.032258 0.045370
1 0.197703 0.158333 0.014174 0.044444
1 0.366813 0.225000 0.012219 0.048148
1 0.331867 0.216667 0.021505 0.022222
1 0.341398 0.264352 0.008309 0.030556
1 0.326002 0.011574 0.031281 0.021296
1 0.354350 0.013426 0.018573 0.026852
1 0.386119 0.075463 0.046921 0.100926
1 0.392473 0.175000 0.030303 0.048148
1 0.446970 0.159722 0.014174 0.032407
1 0.435728 0.250926 0.037634 0.042593
1 0.478739 0.237500 0.022972 0.023148
1 0.473607 0.203704 0.027370 0.022222
1 0.398094 0.344907 0.035679 0.036111
1 0.401026 0.358796 0.013196 0.015741
1 0.473363 0.305093 0.042522 0.036111
1 0.460411 0.458333 0.020528 0.059259
1 0.449658 0.447222 0.019550 0.018519
1 0.508553 0.472685 0.018084 0.063889
1 0.521017 0.468056 0.014663 0.049074
1 0.531525 0.184259 0.030792 0.038889
1 0.453568 0.095833 0.014663 0.056481
1 0.454057 0.043056 0.028348 0.047222
1 0.488025 0.013889 0.023949 0.027778
1 0.521994 0.032407 0.022483 0.064815
1 0.505132 0.076389 0.021994 0.034259
1 0.572581 0.208333 0.037634 0.048148
1 0.597996 0.218056 0.009286 0.056481
1 0.600929 0.138426 0.029814 0.043519
1 0.638563 0.134722 0.025904 0.032407
1 0.602151 0.102778 0.016618 0.053704
1 0.598729 0.060648 0.025415 0.054630
0 0.596530 0.035185 0.058162 0.070370
1 0.555474 0.081944 0.016129 0.049074
1 0.581134 0.079630 0.031281 0.075926
1 0.567204 0.147222 0.017107 0.042593
1 0.559140 0.399074 0.030303 0.038889
1 0.594575 0.396759 0.015152 0.021296
1 0.543500 0.460185 0.023460 0.046296
1 0.565249 0.518056 0.021994 0.076852
1 0.517107 0.297222 0.010753 0.027778
1 0.471896 0.577778 0.041544 0.044444
1 0.456745 0.597222 0.032747 0.042593
1 0.383187 0.578704 0.017595 0.040741
1 0.399071 0.663426 0.024927 0.043519
1 0.537879 0.603241 0.021017 0.039815
1 0.557918 0.592593 0.024927 0.018519
1 0.574291 0.619444 0.012708 0.051852
1 0.530059 0.672222 0.036657 0.061111
1 0.481427 0.663889 0.024438 0.064815
1 0.494624 0.721759 0.036168 0.087963
1 0.521505 0.787037 0.021505 0.053704
1 0.534946 0.731481 0.018084 0.051852
1 0.560850 0.782870 0.021994 0.037963
1 0.475806 0.720370 0.016129 0.044444
1 0.442082 0.786111 0.026882 0.029630
1 0.481672 0.797222 0.015152 0.037037
1 0.485582 0.768519 0.024927 0.014815
1 0.415445 0.761574 0.015640 0.036111
1 0.377810 0.793056 0.022483 0.026852
1 0.467498 0.881019 0.045455 0.043519
1 0.490714 0.952778 0.024438 0.050000
1 0.445259 0.974074 0.029326 0.035185
1 0.403959 0.930093 0.011241 0.017593
1 0.666422 0.655556 0.022972 0.062963
1 0.721408 0.597685 0.015640 0.028704
1 0.738270 0.549537 0.014174 0.041667
1 0.725073 0.506481 0.011241 0.018519
1 0.719941 0.454167 0.039101 0.075000
1 0.792278 0.447685 0.018573 0.060185
1 0.651515 0.356944 0.012708 0.045370
1 0.703812 0.369907 0.017595 0.039815
1 0.689394 0.579630 0.032747 0.070370
1 0.740714 0.756019 0.027859 0.037963
1 0.712610 0.757870 0.022483 0.037963
1 0.665934 0.727778 0.014174 0.057407
1 0.677419 0.701852 0.015640 0.048148
1 0.668133 0.550000 0.022483 0.025926
1 0.715054 0.406019 0.016618 0.039815
1 0.733382 0.418056 0.020039 0.034259
1 0.781281 0.878704 0.043500 0.050000
1 0.782991 0.984259 0.018573 0.027778
1 0.827957 0.940278 0.029326 0.049074
1 0.848974 0.911111 0.018573 0.037037
1 0.867058 0.915741 0.013685 0.070370
1 0.871945 0.878241 0.018573 0.028704
1 0.907869 0.886574 0.039589 0.062037
1 0.917400 0.971759 0.022483 0.052778
1 0.933773 0.943981 0.014174 0.032407
1 0.944770 0.869444 0.034213 0.061111
1 0.928641 0.836111 0.021505 0.072222
1 0.975806 0.865278 0.026882 0.039815
1 0.980938 0.915741 0.017595 0.053704
1 0.970186 0.886574 0.026393 0.039815
1 0.845064 0.708796 0.019550 0.026852
1 0.861437 0.703241 0.022972 0.039815
1 0.832845 0.770833 0.025415 0.056481
1 0.852395 0.748148 0.043011 0.070370
1 0.846041 0.612037 0.037146 0.061111
1 0.913245 0.605556 0.014174 0.029630
1 0.907136 0.654167 0.036168 0.060185
1 0.985826 0.643056 0.010753 0.030556
1 0.977517 0.570370 0.022483 0.061111
1 0.957967 0.538426 0.027370 0.036111
1 0.907380 0.486574 0.020039 0.028704
1 0.955523 0.457407 0.025415 0.035185
1 0.840420 0.560185 0.029814 0.081481
1 0.848729 0.525000 0.020039 0.051852
1 0.799365 0.514352 0.031769 0.030556
1 0.784702 0.562963 0.020039 0.038889
1 0.809873 0.590278 0.042033 0.063889
1 0.822581 0.554167 0.017595 0.028704
1 0.784702 0.589815 0.038612 0.037037
1 0.875122 0.442593 0.042522 0.085185
1 0.803275 0.802778 0.027859 0.079630
1 0.981916 0.805556 0.014663 0.051852
1 0.765396 0.673148 0.017595 0.033333
1 0.896383 0.711574 0.006843 0.032407
1 0.779570 0.368519 0.019550 0.031481
1 0.852395 0.335648 0.026393 0.028704
1 0.892473 0.389815 0.034213 0.070370
1 0.992424 0.387963 0.012219 0.040741
1 0.976784 0.382407 0.017107 0.027778
1 0.960655 0.218981 0.035679 0.086111
1 0.958456 0.165741 0.033236 0.050000
1 0.834555 0.198148 0.029814 0.053704
1 0.837977 0.250463 0.034702 0.097222
1 0.861437 0.225000 0.010264 0.031481
1 0.838954 0.367593 0.039589 0.031481
1 0.849462 0.390741 0.032258 0.038889
1 0.787390 0.276852 0.019550 0.042593
1 0.739736 0.324074 0.026882 0.072222
1 0.741447 0.371759 0.018573 0.039815
1 0.693304 0.454630 0.011241 0.016667
1 0.789101 0.200000 0.027859 0.085185
1 0.778348 0.163889 0.033724 0.024074
1 0.811584 0.122685 0.021994 0.039815
1 0.826002 0.066667 0.015640 0.053704
1 0.866813 0.079630 0.021994 0.048148
1 0.899316 0.117593 0.014663 0.062963
1 0.901760 0.045833 0.027370 0.069444
1 0.909091 0.089815 0.027370 0.033333
1 0.910802 0.133333 0.004399 0.048148
1 0.938905 0.111111 0.030303 0.070370
1 0.950147 0.113889 0.016618 0.033333
1 0.925464 0.110185 0.020039 0.042593
1 0.979228 0.115741 0.016129 0.044444
1 0.991935 0.106019 0.014174 0.067593
1 0.974340 0.027315 0.032747 0.054630
1 0.946237 0.034722 0.012708 0.043519
1 0.953812 0.044444 0.016129 0.040741
1 0.957722 0.008333 0.021017 0.016667
1 0.821359 0.010185 0.018084 0.020370
1 0.835533 0.012963 0.021017 0.024074
1 0.759531 0.204167 0.016618 0.054630
1 0.747556 0.180556 0.017107 0.040741
1 0.743402 0.198148 0.008798 0.050000
1 0.707234 0.213426 0.020528 0.036111
1 0.752444 0.009722 0.016129 0.019444
1 0.695748 0.022685 0.036657 0.045370
1 0.667400 0.010648 0.011241 0.021296
1 0.740714 0.084722 0.018084 0.039815
1 0.719208 0.074537 0.036657 0.104630
1 0.702102 0.092593 0.027859 0.024074
1 0.695015 0.074537 0.014663 0.036111
1 0.712854 0.043056 0.020039 0.043519
1 0.681818 0.107407 0.012708 0.024074
1 0.010508 0.412963 0.020039 0.177778
1 0.071359 0.569907 0.019550 0.047222
1 0.024194 0.554167 0.048387 0.062037
0 0.647116 0.326389 0.245357 0.269444
0 0.652004 0.754167 0.418377 0.489815