1 0.303275 0.980093 0.020039 0.026852
1 0.253910 0.940741 0.023949 0.044444
1 0.602639 0.768519 0.016618 0.016667
1 0.238514 0.768056 0.012708 0.013889
1 0.630499 0.797685 0.077224 0.089815
1 0.748534 0.781481 0.050342 0.083333
1 0.791544 0.670370 0.036657 0.062963
1 0.159091 0.646759 0.008309 0.030556
1 0.758798 0.648611 0.026882 0.032407
1 0.055230 0.642593 0.029326 0.029630
1 0.858016 0.592593 0.009286 0.018519
1 0.932551 0.585648 0.033236 0.049074
1 0.790323 0.579630 0.035191 0.044444
1 0.860215 0.561574 0.016618 0.019444
1 0.750733 0.532870 0.042033 0.071296
1 0.718231 0.494444 0.022972 0.079630
1 0.771017 0.479630 0.013196 0.024074
1 0.666911 0.456944 0.060117 0.089815
1 0.887830 0.420833 0.014174 0.036111
1 0.963832 0.435648 0.024438 0.073148
1 0.845064 0.421296 0.017595 0.068519
1 0.786168 0.425000 0.078690 0.146296
1 0.628055 0.334722 0.020528 0.021296
1 0.392473 0.333796 0.009775 0.026852
1 0.045455 0.312037 0.018573 0.016667
1 0.079423 0.323611 0.019062 0.050926
1 0.599707 0.268981 0.015640 0.017593
1 0.100440 0.256944 0.010264 0.012037
1 0.922287 0.226389 0.025415 0.030556
1 0.734115 0.193519 0.012708 0.018519
1 0.719941 0.173611 0.017595 0.036111
1 0.003666 0.121296 0.007331 0.020370
1 0.782258 0.116204 0.007331 0.017593
1 0.874145 0.120833 0.036657 0.058333
1 0.343109 0.088426 0.041056 0.065741
1 0.810117 0.051852 0.035679 0.096296
1 0.044721 0.037037 0.024927 0.061111
1 0.923265 0.009259 0.025415 0.018519
1 0.864370 0.037963 0.036657 0.070370
1 0.388807 0.016204 0.022972 0.032407
1 0.092864 0.017130 0.027370 0.034259
1 0.024194 0.010648 0.022972 0.021296
1 0.284946 0.211574 0.035191 0.073148
1 0.272972 0.362500 0.032747 0.054630
1 0.273949 0.437037 0.049365 0.088889
1 0.249267 0.409722 0.022483 0.069444
1 0.395161 0.302315 0.031769 0.058333
1 0.397849 0.560648 0.039101 0.099074
1 0.336022 0.589352 0.062072 0.099074
1 0.466276 0.482870 0.019550 0.028704
0 0.470919 0.538889 0.359238 0.592593
1 0.638807 0.543056 0.020528 0.025000
0 0.515640 0.699074 0.217986 0.353704
1 0.644917 0.867593 0.023949 0.066667
1 0.554252 0.911574 0.038123 0.063889
0 0.479717 0.915741 0.400293 0.166667
1 0.408602 0.676389 0.015640 0.037963
1 0.399804 0.719907 0.022483 0.030556
1 0.741447 0.736574 0.015640 0.026852
1 0.698436 0.257870 0.023460 0.056481
1 0.720919 0.273148 0.031281 0.031481
1 0.897361 0.504630 0.028348 0.053704
1 0.917889 0.525000 0.044966 0.042593
1 0.941593 0.776389 0.018084 0.028704
1 0.913245 0.753704 0.021017 0.042593
1 0.951613 0.099074 0.024438 0.031481
1 0.979961 0.069907 0.031281 0.080556
1 0.985826 0.031481 0.026393 0.059259
1 0.622678 0.165741 0.037146 0.037037
0 0.560850 0.081944 0.263441 0.163889
1 0.581867 0.047222 0.017107 0.024074