1 0.007331 0.485648 0.014663 0.043519
1 0.464809 0.363426 0.013685 0.026852
1 0.461388 0.537500 0.066471 0.071296
1 0.331378 0.855093 0.029326 0.028704
1 0.401026 0.254630 0.009286 0.022222
1 0.376833 0.262500 0.006843 0.025000
1 0.670088 0.287963 0.010753 0.020370
1 0.687439 0.394907 0.010264 0.015741
1 0.852395 0.873148 0.011730 0.020370
1 0.865836 0.861574 0.008309 0.021296
1 0.802542 0.198611 0.007820 0.017593
1 0.812072 0.192130 0.009286 0.012037
0 0.464076 0.105556 0.318182 0.211111
1 0.498534 0.221296 0.035191 0.061111
1 0.460166 0.256481 0.044477 0.050000
0 0.483871 0.444444 0.130010 0.357407
1 0.518328 0.560648 0.025904 0.041667
1 0.580156 0.862037 0.017595 0.040741
1 0.508309 0.698611 0.031281 0.034259
1 0.486804 0.502778 0.009775 0.018519
0 0.473607 0.737037 0.167155 0.355556
1 0.474340 0.867593 0.035679 0.020370
1 0.358504 0.951389 0.065005 0.087963
0 0.470186 0.891667 0.252199 0.214815
1 0.761975 0.604630 0.013685 0.027778
1 0.714321 0.754630 0.027859 0.012963
1 0.961877 0.390278 0.007820 0.010185
1 0.988514 0.373611 0.007331 0.013889
1 0.907869 0.064352 0.010264 0.021296
1 0.969453 0.013889 0.010264 0.009259
1 0.100440 0.265741 0.019062 0.031481