1 0.016373 0.981944 0.025904 0.034259
1 0.591642 0.963889 0.031769 0.057407
1 0.951857 0.903241 0.044477 0.076852
1 0.972874 0.842593 0.034702 0.048148
1 0.714565 0.855556 0.013685 0.038889
1 0.630010 0.841204 0.031281 0.019444
0 0.767351 0.799074 0.121212 0.192593
1 0.456012 0.720370 0.040078 0.061111
1 0.850929 0.685648 0.045943 0.065741
1 0.733382 0.685648 0.015152 0.026852
1 0.130254 0.682407 0.032747 0.064815
1 0.451613 0.649074 0.041056 0.040741
1 0.920088 0.648148 0.023949 0.037037
1 0.802297 0.647685 0.037634 0.102778
1 0.752933 0.581944 0.018084 0.037963
1 0.651271 0.585648 0.056207 0.099074
1 0.513685 0.537963 0.026393 0.062963
1 0.421799 0.485648 0.042033 0.075000
1 0.795699 0.457407 0.023460 0.070370
1 0.482405 0.410648 0.039101 0.041667
1 0.237048 0.358796 0.029326 0.049074
1 0.018817 0.318056 0.020039 0.039815
1 0.385142 0.342130 0.055718 0.100926
1 0.948192 0.276852 0.020528 0.024074
1 0.784213 0.125463 0.033724 0.062037
1 0.635630 0.134259 0.043500 0.061111
1 0.946725 0.115741 0.034213 0.031481
0 0.246823 0.194907 0.185728 0.204630
1 0.774194 0.093519 0.033236 0.050000
1 0.669599 0.084722 0.030303 0.032407
1 0.824047 0.098611 0.032258 0.067593
1 0.139541 0.074074 0.023949 0.038889
1 0.296921 0.054167 0.022972 0.054630
1 0.019062 0.035185 0.031281 0.029630
1 0.747801 0.066667 0.077224 0.133333
1 0.233871 0.053704 0.053275 0.103704
0 0.264418 0.462037 0.152493 0.272222
0 0.235093 0.636574 0.073314 0.125000
0 0.254399 0.791204 0.115836 0.273148
0 0.234115 0.922222 0.171065 0.153704
1 0.401515 0.749074 0.030792 0.079630
1 0.378788 0.884722 0.043011 0.056481
1 0.394917 0.848611 0.038123 0.162037
1 0.470919 0.881944 0.060117 0.078704
1 0.655670 0.930556 0.028837 0.079630
1 0.705767 0.942130 0.040078 0.043519
1 0.543988 0.513426 0.035191 0.080556
1 0.582111 0.417130 0.078201 0.150926
1 0.478495 0.081481 0.049853 0.081481
1 0.531525 0.047685 0.033724 0.062037
1 0.449902 0.143056 0.042522 0.073148
1 0.467498 0.270370 0.055230 0.050000
1 0.505132 0.207870 0.026882 0.039815
1 0.640762 0.331481 0.047898 0.079630
1 0.669355 0.249074 0.036657 0.050000
1 0.743646 0.246296 0.120723 0.138889
1 0.728739 0.178704 0.042033 0.087037
0 0.774927 0.385185 0.100196 0.203704
1 0.836022 0.456944 0.041544 0.110185
1 0.886852 0.443519 0.027859 0.125926
1 0.901515 0.212037 0.059140 0.157407
1 0.896628 0.048148 0.051320 0.087037