1 0.302297 0.768519 0.102151 0.192593
1 0.243157 0.891667 0.058162 0.137037
1 0.227517 0.984259 0.040567 0.022222
1 0.014907 0.857870 0.026882 0.037963
1 0.008309 0.596296 0.016618 0.035185
1 0.248778 0.051389 0.016618 0.034259
1 0.310117 0.034259 0.021994 0.068519
1 0.460166 0.150926 0.039589 0.081481
1 0.503421 0.081019 0.025415 0.050926
1 0.589198 0.263426 0.018084 0.041667
1 0.539345 0.312963 0.029814 0.048148
1 0.483138 0.422685 0.040567 0.065741
1 0.596774 0.387963 0.056696 0.092593
1 0.695992 0.543981 0.039101 0.043519
1 0.681818 0.591667 0.030303 0.037037
1 0.744135 0.043519 0.087488 0.077778
0 0.846530 0.030093 0.089932 0.060185
0 0.837977 0.436574 0.113881 0.228704
0 0.806452 0.606944 0.145650 0.186111
1 0.903959 0.639815 0.012219 0.033333
1 0.735093 0.929167 0.036168 0.058333
1 0.789834 0.980093 0.024438 0.030556
1 0.801075 0.844444 0.026393 0.029630
1 0.825513 0.815278 0.017595 0.052778
1 0.676197 0.465278 0.014174 0.026852
1 0.951613 0.042593 0.018573 0.038889
1 0.990714 0.349537 0.012708 0.037963
1 0.762219 0.447222 0.022972 0.057407
1 0.366080 0.881019 0.030303 0.039815
1 0.305718 0.965278 0.036657 0.060185
1 0.793744 0.633333 0.018573 0.029630
1 0.958456 0.307870 0.020528 0.037963
0 0.304008 0.530093 0.196481 0.380556
0 0.330890 0.387500 0.110459 0.245370
0 0.831378 0.122685 0.091887 0.156481
1 0.844819 0.341204 0.032747 0.036111
0 0.823069 0.208796 0.159335 0.221296
0 0.773949 0.724074 0.081623 0.118519
1 0.820137 0.770370 0.030303 0.066667
0 0.845552 0.943519 0.117302 0.111111
1 0.863392 0.854167 0.051320 0.200926