1 0.585533 0.987963 0.013685 0.022222
1 0.032014 0.981944 0.018084 0.034259
1 0.923265 0.959722 0.007820 0.021296
0 0.281769 0.954630 0.067937 0.088889
1 0.918866 0.870833 0.012708 0.030556
1 0.273949 0.873148 0.019062 0.035185
1 0.988514 0.818981 0.019062 0.045370
1 0.362903 0.802778 0.025904 0.025926
1 0.683529 0.773611 0.013196 0.039815
1 0.352639 0.711574 0.014174 0.021296
1 0.456745 0.683333 0.010264 0.016667
1 0.240714 0.638889 0.029814 0.059259
1 0.418866 0.616204 0.021505 0.037963
0 0.283236 0.726389 0.078690 0.265741
1 0.583578 0.565741 0.011730 0.012963
1 0.989980 0.513426 0.007331 0.023148
1 0.732405 0.471296 0.013196 0.035185
1 0.466276 0.483796 0.029326 0.071296
1 0.698436 0.438889 0.017595 0.035185
1 0.547165 0.438889 0.028837 0.053704
1 0.191838 0.444444 0.018084 0.024074
1 0.354594 0.436111 0.019062 0.027778
1 0.684018 0.418519 0.018084 0.016667
1 0.600684 0.335185 0.015640 0.035185
1 0.696237 0.193056 0.021994 0.037963
1 0.096530 0.190278 0.008309 0.017593
1 0.450880 0.151852 0.014174 0.027778
1 0.324047 0.102315 0.027370 0.049074
1 0.313050 0.088426 0.015152 0.037963
1 0.914467 0.088889 0.009775 0.027778
1 0.374389 0.020833 0.025415 0.037963
1 0.307918 0.927778 0.028348 0.079630
1 0.477517 0.146296 0.026393 0.046296
1 0.317449 0.163889 0.013196 0.029630
1 0.739003 0.092130 0.041056 0.054630
0 0.306940 0.158796 0.175953 0.317593
1 0.305963 0.502315 0.050831 0.175000
0 0.278837 0.349074 0.153959 0.250000
0 0.815249 0.900000 0.110459 0.198148
0 0.827468 0.715278 0.131965 0.234259
1 0.853128 0.853241 0.067937 0.187963
1 0.902004 0.899074 0.016129 0.029630
1 0.693793 0.911574 0.022972 0.030556
1 0.722385 0.710648 0.025415 0.026852
1 0.785924 0.697685 0.015640 0.026852
0 0.820381 0.361574 0.182307 0.212037
0 0.835288 0.533333 0.144673 0.229630