1 0.843842 0.924537 0.118768 0.149074
1 0.344086 0.823148 0.021505 0.046296
1 0.497312 0.625000 0.019062 0.033333
1 0.538856 0.553241 0.015152 0.026852
1 0.076002 0.524074 0.020039 0.046296
1 0.899316 0.512963 0.007820 0.024074
1 0.598485 0.503704 0.015152 0.038889
1 0.075024 0.484259 0.008309 0.018519
1 0.713832 0.463426 0.021994 0.047222
1 0.045210 0.452778 0.024927 0.066667
1 0.485093 0.409722 0.030792 0.034259
1 0.448925 0.312500 0.020039 0.017593
1 0.994624 0.316204 0.009775 0.043519
1 0.494379 0.311574 0.028837 0.073148
1 0.922776 0.214352 0.010753 0.023148
1 0.529081 0.200000 0.014174 0.027778
1 0.644673 0.141667 0.018573 0.025926
1 0.354839 0.115278 0.026393 0.052778
1 0.710655 0.084722 0.013685 0.043519
1 0.004154 0.028704 0.008309 0.024074
0 0.798387 0.088889 0.129521 0.177778
1 0.113148 0.755093 0.009286 0.019444
1 0.102639 0.765741 0.015640 0.029630
1 0.183040 0.746759 0.073803 0.173148
0 0.297165 0.840741 0.157380 0.283333
1 0.234360 0.843519 0.052297 0.142593
1 0.348240 0.545833 0.023949 0.052778
1 0.294477 0.679167 0.025904 0.030556
0 0.273216 0.622222 0.128055 0.166667
1 0.233138 0.568056 0.098729 0.100926
1 0.216520 0.455556 0.045943 0.174074
1 0.257820 0.464815 0.021994 0.053704
1 0.218475 0.345833 0.050831 0.099074
0 0.309384 0.526389 0.044966 0.037963
0 0.256843 0.322222 0.176442 0.348148
1 0.190371 0.042593 0.080645 0.085185
0 0.276637 0.091204 0.189638 0.182407
0 0.830645 0.982870 0.017107 0.030556
1 0.987781 0.825926 0.022483 0.105556
1 0.990958 0.256481 0.014174 0.033333
0 0.828690 0.164815 0.097263 0.261111
0 0.833333 0.309259 0.107527 0.138889
0 0.806940 0.806944 0.173021 0.249074
0 0.819892 0.482870 0.084555 0.173148
0 0.808895 0.615278 0.140762 0.132407