1 0.772972 0.942130 0.062072 0.069444
0 0.429863 0.920370 0.145161 0.157407
1 0.238514 0.774074 0.056696 0.083333
1 0.130987 0.796759 0.053763 0.121296
0 0.452346 0.716204 0.154936 0.147222
1 0.159335 0.531019 0.010753 0.023148
1 0.515396 0.500000 0.009286 0.020370
0 0.429863 0.519907 0.146139 0.099074
1 0.152737 0.492130 0.036657 0.049074
1 0.729961 0.460185 0.016129 0.053704
1 0.434751 0.447222 0.020039 0.029630
1 0.960411 0.449537 0.022483 0.060185
1 0.486070 0.218981 0.019062 0.037963
1 0.603617 0.211574 0.016618 0.032407
1 0.608504 0.175926 0.009775 0.022222
1 0.449902 0.106944 0.016129 0.015741
1 0.885142 0.107407 0.009775 0.035185
1 0.854106 0.036574 0.020039 0.073148
0 0.441105 0.058333 0.085533 0.116667
0 0.431818 0.373148 0.119746 0.137037
0 0.438172 0.228241 0.101173 0.186111
1 0.556696 0.548148 0.012708 0.022222
1 0.342131 0.380093 0.040078 0.065741
1 0.394428 0.415278 0.047898 0.052778
1 0.351173 0.613426 0.012219 0.041667
1 0.293011 0.398148 0.010264 0.020370
1 0.270528 0.098611 0.105083 0.191667
1 0.349951 0.164815 0.082111 0.198148
1 0.228250 0.582870 0.061584 0.091667
1 0.176442 0.562963 0.038123 0.066667
1 0.104839 0.522222 0.019062 0.037037
1 0.061339 0.496759 0.045455 0.095370
1 0.181574 0.636574 0.015152 0.025000
1 0.025415 0.742593 0.028348 0.053704
1 0.072825 0.372685 0.023460 0.039815
1 0.126588 0.348611 0.017595 0.030556
1 0.034213 0.277778 0.040078 0.075926
1 0.031769 0.334259 0.020528 0.031481
1 0.534457 0.158333 0.039589 0.040741
1 0.744868 0.696296 0.028348 0.053704
1 0.706745 0.447685 0.013685 0.021296