1 0.005865 0.015278 0.011730 0.030556
1 0.090420 0.214815 0.042033 0.064815
1 0.076979 0.423611 0.013196 0.032407
1 0.042278 0.396759 0.036657 0.067593
1 0.052053 0.496296 0.037634 0.051852
1 0.079668 0.533333 0.022483 0.072222
1 0.023216 0.538426 0.046432 0.108333
1 0.034946 0.523148 0.013196 0.024074
1 0.038856 0.548148 0.013196 0.014815
1 0.057429 0.666667 0.018084 0.040741
1 0.054741 0.815278 0.030303 0.084259
1 0.097507 0.859259 0.049365 0.057407
1 0.143939 0.978704 0.061095 0.040741
1 0.169844 0.890278 0.024927 0.050926
1 0.180352 0.846759 0.028348 0.047222
1 0.130254 0.938426 0.033724 0.056481
1 0.152493 0.589815 0.025415 0.083333
1 0.175953 0.619444 0.061584 0.085185
1 0.171799 0.671759 0.051320 0.084259
1 0.191349 0.640741 0.033724 0.024074
1 0.121945 0.525000 0.019062 0.040741
1 0.134409 0.507407 0.029326 0.044444
1 0.171554 0.539352 0.069404 0.091667
1 0.218231 0.447222 0.025904 0.051852
1 0.183284 0.389815 0.042033 0.096296
1 0.141251 0.032870 0.026393 0.041667
1 0.164223 0.010648 0.018573 0.021296
1 0.218719 0.821759 0.039589 0.073148
1 0.300342 0.596296 0.031769 0.059259
0 0.343842 0.100000 0.172532 0.200000
1 0.311828 0.047685 0.012708 0.037963
1 0.387586 0.200463 0.023460 0.037963
1 0.443304 0.312500 0.057674 0.095370
1 0.456500 0.531019 0.014663 0.021296
1 0.464809 0.523148 0.014663 0.033333
1 0.449413 0.883796 0.029814 0.045370
1 0.445259 0.966204 0.034213 0.063889
1 0.342131 0.920370 0.017595 0.059259
1 0.289589 0.887963 0.053275 0.105556
0 0.381965 0.960185 0.155914 0.077778
0 0.371212 0.892130 0.057185 0.165741
0 0.365347 0.744444 0.234115 0.218519
0 0.377810 0.468519 0.079179 0.203704
0 0.380254 0.596296 0.162268 0.175926
1 0.498289 0.586574 0.021017 0.026852
1 0.549365 0.598148 0.011730 0.033333
1 0.525904 0.456944 0.024438 0.021296
1 0.567693 0.223148 0.010264 0.022222
0 0.355083 0.296759 0.152981 0.178704
1 0.567693 0.135185 0.022972 0.046296
1 0.646139 0.201852 0.029326 0.042593
1 0.643939 0.249537 0.034702 0.075000
1 0.620723 0.193056 0.014663 0.010185
1 0.779570 0.831481 0.018573 0.027778
1 0.739736 0.527778 0.021994 0.050000
1 0.752933 0.506481 0.016129 0.042593
1 0.730450 0.464352 0.010264 0.039815
1 0.696725 0.433796 0.022972 0.047222
1 0.690127 0.410185 0.026393 0.031481
1 0.683040 0.336574 0.014174 0.015741
1 0.720430 0.330093 0.017595 0.021296
1 0.787390 0.147222 0.015640 0.024074
1 0.677908 0.010185 0.012708 0.020370
1 0.685973 0.014352 0.008309 0.028704
1 0.965298 0.309259 0.021505 0.074074
1 0.904936 0.277315 0.012219 0.045370
1 0.843353 0.368519 0.021994 0.035185
1 0.932796 0.983796 0.007331 0.030556
1 0.970430 0.605093 0.057185 0.063889
1 0.991202 0.287037 0.016618 0.025926
1 0.977517 0.208333 0.043988 0.074074
1 0.956989 0.107870 0.085044 0.095370
1 0.098974 0.406481 0.020039 0.035185