1 0.978250 0.960185 0.042522 0.077778
1 0.657380 0.775000 0.005865 0.031481
1 0.673021 0.422222 0.007820 0.025926
1 0.686217 0.056944 0.013685 0.021296
1 0.031769 0.864352 0.039101 0.089815
1 0.094819 0.543056 0.022483 0.054630
1 0.383187 0.093056 0.024438 0.052778
0 0.500733 0.160648 0.247801 0.321296
1 0.469453 0.126852 0.015152 0.025926
0 0.455034 0.434722 0.210166 0.699074
1 0.506109 0.682407 0.025904 0.107407
0 0.579179 0.946296 0.090909 0.105556
0 0.456500 0.877315 0.121212 0.243519
0 0.532502 0.809722 0.271261 0.341667
0 0.624633 0.980556 0.029326 0.037037
1 0.678152 0.126389 0.013196 0.010185
1 0.925709 0.836111 0.021505 0.053704
1 0.915689 0.851852 0.021017 0.035185
1 0.929619 0.329630 0.029326 0.037037
1 0.923265 0.355093 0.017595 0.025000
1 0.965787 0.368056 0.019550 0.037963
1 0.966764 0.137963 0.020528 0.042593