1 0.312805 0.506944 0.061584 0.106481
1 0.211877 0.306944 0.019062 0.060185
1 0.181818 0.061111 0.014663 0.033333
1 0.231672 0.767130 0.027370 0.063889
1 0.046188 0.933796 0.030792 0.099074
1 0.011975 0.875463 0.021017 0.089815
1 0.074536 0.462500 0.146139 0.506481
1 0.611193 0.554167 0.046432 0.100926
0 0.612414 0.720833 0.275660 0.293519
0 0.578935 0.880093 0.302542 0.232407
1 0.877566 0.958333 0.036657 0.022222
1 0.803275 0.238889 0.105083 0.185185
1 0.763441 0.280556 0.022483 0.020370
0 0.624145 0.225000 0.443793 0.448148
0 0.626100 0.079630 0.078201 0.157407
1 0.972141 0.816204 0.042033 0.091667