1 0.392717 0.229167 0.086510 0.123148
1 0.359971 0.517593 0.040567 0.094444
1 0.444526 0.388889 0.027859 0.031481
1 0.459189 0.415278 0.020039 0.056481
1 0.270528 0.375000 0.064027 0.092593
1 0.253177 0.441667 0.060606 0.118519
1 0.451369 0.648611 0.031769 0.067593
1 0.390029 0.918056 0.020528 0.045370
1 0.261730 0.866667 0.047410 0.094444
1 0.287634 0.856019 0.014174 0.025000
1 0.310850 0.968056 0.032258 0.050926
1 0.537879 0.741667 0.039589 0.051852
1 0.561584 0.826389 0.012708 0.058333
1 0.532258 0.730556 0.023460 0.033333
1 0.579423 0.376389 0.008309 0.021296
1 0.695748 0.327315 0.027859 0.056481
1 0.697703 0.233796 0.017107 0.025000
1 0.738270 0.395833 0.023949 0.028704
1 0.679130 0.400926 0.014174 0.025926
1 0.881476 0.636574 0.036657 0.043519
1 0.897605 0.632407 0.023949 0.046296
1 0.993646 0.687500 0.011730 0.013889
1 0.959922 0.629167 0.025415 0.039815
1 0.771017 0.381481 0.011241 0.012963
0 0.786168 0.471296 0.113881 0.305556
0 0.786413 0.908333 0.112414 0.181481
1 0.182796 0.044907 0.010753 0.021296
1 0.264174 0.232407 0.018084 0.025926
1 0.182063 0.736574 0.081623 0.173148
1 0.208211 0.737500 0.037146 0.082407
0 0.244135 0.967593 0.047410 0.061111
0 0.271994 0.802315 0.115836 0.091667
0 0.277859 0.705093 0.144184 0.162037
1 0.179374 0.559722 0.009775 0.025000
1 0.129032 0.184259 0.011730 0.012963
0 0.276637 0.100000 0.106549 0.200000
0 0.264174 0.018981 0.162757 0.037963