1 0.675953 0.940741 0.010753 0.020370
0 0.779570 0.932407 0.099707 0.133333
1 0.338710 0.856019 0.015640 0.032407
1 0.130254 0.743056 0.009286 0.017593
1 0.499267 0.713426 0.022972 0.062037
1 0.590909 0.691204 0.015640 0.015741
1 0.877810 0.662963 0.027370 0.055556
1 0.191838 0.654167 0.016129 0.047222
1 0.579668 0.633333 0.019550 0.051852
1 0.464076 0.504167 0.032747 0.050926
1 0.587977 0.505093 0.018573 0.067593
1 0.417155 0.404630 0.049365 0.044444
0 0.811339 0.402315 0.119257 0.139815
1 0.528104 0.369444 0.024927 0.090741
1 0.511730 0.312500 0.009775 0.034259
1 0.484848 0.288889 0.046921 0.038889
1 0.150782 0.284259 0.027859 0.035185
1 0.819404 0.248611 0.028837 0.049074
1 0.091642 0.205093 0.011241 0.023148
1 0.212366 0.198148 0.025904 0.046296
1 0.600684 0.039352 0.019550 0.041667
0 0.258553 0.742130 0.178886 0.197222
0 0.254643 0.540741 0.148583 0.277778
0 0.263441 0.365278 0.102639 0.143519
0 0.296921 0.142130 0.112903 0.182407
0 0.237048 0.069907 0.083089 0.137963
1 0.371701 0.078241 0.016129 0.049074
1 0.385386 0.065741 0.020039 0.055556
1 0.696481 0.700463 0.023460 0.054630
1 0.707722 0.681019 0.021505 0.041667
1 0.707478 0.527778 0.016129 0.048148
1 0.706989 0.143981 0.013196 0.045370
0 0.791544 0.066667 0.041544 0.133333
0 0.857283 0.057407 0.106549 0.114815
1 0.724585 0.418056 0.026882 0.063889
1 0.827224 0.280093 0.018084 0.036111
1 0.897605 0.075463 0.025904 0.039815
1 0.904692 0.118056 0.042033 0.073148
1 0.913978 0.190278 0.031281 0.052778
1 0.913734 0.237963 0.025904 0.057407
1 0.918377 0.280556 0.023460 0.050000
1 0.925464 0.306019 0.017107 0.039815
1 0.957234 0.353241 0.021994 0.041667
1 0.908358 0.429167 0.034702 0.054630
1 0.913490 0.481481 0.031281 0.050000
1 0.988025 0.520370 0.020039 0.074074
1 0.927664 0.819907 0.023460 0.039815
1 0.801320 0.839815 0.028837 0.055556
0 0.803030 0.781944 0.109482 0.119444
0 0.805718 0.640278 0.136364 0.271296