1 0.823803 0.991204 0.012219 0.015741
1 0.854594 0.957407 0.008309 0.018519
0 0.306452 0.963889 0.017595 0.070370
1 0.676686 0.899537 0.009286 0.017593
1 0.901026 0.852778 0.025904 0.022222
1 0.918133 0.842130 0.029814 0.043519
1 0.818671 0.843519 0.017595 0.051852
1 0.312805 0.808333 0.008798 0.018519
1 0.834555 0.757870 0.025904 0.037963
1 0.457967 0.686574 0.015640 0.023148
1 0.735093 0.669444 0.009775 0.051852
1 0.437195 0.636111 0.008309 0.018519
1 0.915445 0.631019 0.013685 0.026852
1 0.208700 0.600000 0.007820 0.024074
1 0.016129 0.466667 0.021505 0.042593
1 0.378543 0.447685 0.008309 0.019444
1 0.964076 0.430093 0.027859 0.052778
1 0.845064 0.398148 0.010753 0.024074
1 0.915200 0.387037 0.010264 0.024074
1 0.869257 0.360648 0.009286 0.021296
1 0.911779 0.368056 0.008309 0.013889
1 0.062317 0.340741 0.009286 0.018519
1 0.081378 0.322685 0.019062 0.030556
1 0.382209 0.320370 0.035191 0.064815
1 0.659091 0.320370 0.038612 0.081481
1 0.732405 0.271296 0.026882 0.064815
1 0.893451 0.231019 0.009775 0.025000
1 0.969208 0.182870 0.019550 0.045370
1 0.818915 0.140278 0.009286 0.025000
1 0.295210 0.073611 0.040078 0.075000
1 0.674487 0.057407 0.042033 0.057407
0 0.259042 0.048148 0.042033 0.096296
1 0.203812 0.239352 0.022483 0.019444
1 0.618768 0.753704 0.042033 0.081481
1 0.577468 0.946296 0.049365 0.090741
1 0.783236 0.426852 0.094330 0.137037
1 0.939150 0.718519 0.038612 0.094444
1 0.964321 0.754167 0.014663 0.076852
1 0.973851 0.787037 0.017107 0.044444
1 0.980938 0.748611 0.018573 0.034259
1 0.964565 0.299074 0.032747 0.070370
1 0.961632 0.365278 0.038612 0.073148
1 0.854594 0.541204 0.020039 0.041667
1 0.881476 0.514815 0.033724 0.053704
1 0.885386 0.561574 0.018084 0.032407
1 0.907380 0.492593 0.018084 0.057407
1 0.983871 0.146296 0.024438 0.031481
1 0.977028 0.119444 0.031281 0.062963
1 0.968231 0.088889 0.041056 0.046296
1 0.955034 0.034259 0.031281 0.053704
1 0.972141 0.029630 0.019550 0.050000
1 0.941593 0.008796 0.022972 0.017593
0 0.436217 0.897222 0.243891 0.203704
0 0.483138 0.612500 0.300587 0.678704
0 0.522483 0.133796 0.203324 0.267593
0 0.540811 0.343056 0.276149 0.515741
0 0.509531 0.481944 0.108993 0.141667