0 0.326002 0.992130 0.024438 0.013889
1 0.636364 0.976389 0.044966 0.045370
1 0.945748 0.978241 0.034213 0.041667
1 0.587732 0.971296 0.021994 0.055556
1 0.871701 0.965741 0.020039 0.050000
1 0.272239 0.930556 0.008798 0.040741
1 0.909091 0.954630 0.061584 0.088889
1 0.363881 0.942130 0.037634 0.080556
1 0.867791 0.918981 0.026882 0.039815
1 0.807918 0.927778 0.022483 0.066667
1 0.941838 0.900926 0.021505 0.037037
1 0.218964 0.898611 0.013685 0.032407
1 0.974096 0.838426 0.017595 0.043519
1 0.859726 0.813426 0.007820 0.025000
1 0.926197 0.809259 0.023460 0.059259
1 0.580156 0.767593 0.023460 0.044444
1 0.638807 0.747685 0.030303 0.050926
1 0.304741 0.754630 0.021017 0.048148
1 0.513196 0.722222 0.007820 0.027778
1 0.985337 0.726389 0.028348 0.047222
1 0.358504 0.720833 0.022972 0.076852
1 0.839443 0.667593 0.013196 0.040741
1 0.160068 0.667130 0.031769 0.049074
1 0.367791 0.630556 0.021994 0.018519
1 0.113881 0.615741 0.038123 0.042593
1 0.689638 0.616204 0.030303 0.075000
1 0.609238 0.592593 0.026882 0.064815
1 0.952346 0.585648 0.040567 0.097222
1 0.563294 0.431481 0.018084 0.046296
1 0.517595 0.478241 0.064516 0.147222
1 0.602395 0.420370 0.035679 0.057407
1 0.524194 0.362037 0.019062 0.025926
1 0.189150 0.333333 0.008798 0.018519
1 0.109238 0.344444 0.023949 0.042593
1 0.477273 0.351389 0.036657 0.069444
0 0.256354 0.376389 0.122678 0.236111
1 0.859971 0.226852 0.049365 0.051852
1 0.765396 0.199537 0.028348 0.045370
1 0.453812 0.169444 0.014174 0.050000
1 0.364858 0.151852 0.039589 0.074074
1 0.179619 0.099074 0.009286 0.024074
1 0.450391 0.076389 0.018084 0.039815
1 0.684262 0.079630 0.031281 0.053704
1 0.335044 0.052315 0.019062 0.032407
1 0.647116 0.049537 0.036168 0.063889
1 0.748534 0.037500 0.047410 0.065741
1 0.968719 0.068981 0.061584 0.137963
1 0.509531 0.019907 0.018084 0.039815
1 0.379765 0.041667 0.048876 0.083333
0 0.261486 0.084722 0.121212 0.169444
0 0.279326 0.172222 0.155914 0.201852
1 0.372190 0.208796 0.017107 0.049074
1 0.175953 0.243056 0.053763 0.078704
1 0.131965 0.149074 0.049853 0.053704
1 0.156403 0.412037 0.047898 0.100000
1 0.127077 0.375000 0.011730 0.053704
1 0.146139 0.317593 0.029326 0.066667
1 0.295210 0.597222 0.045943 0.094444
1 0.253177 0.906019 0.026393 0.060185
0 0.253910 0.747222 0.080645 0.314815
1 0.195259 0.733333 0.084555 0.135185
1 0.404203 0.853704 0.035191 0.050000
1 0.251955 0.955556 0.011241 0.031481
0 0.231183 0.970833 0.063539 0.056481
1 0.201124 0.974537 0.014174 0.015741
1 0.491935 0.751852 0.024927 0.037037
1 0.500978 0.784259 0.042033 0.090741
1 0.516862 0.912037 0.043500 0.085185
1 0.482649 0.929167 0.031769 0.058333
1 0.509286 0.300000 0.043011 0.072222
1 0.510753 0.190741 0.021505 0.070370
1 0.586022 0.356944 0.038123 0.084259
1 0.539101 0.267130 0.082111 0.187963
0 0.778348 0.316667 0.062072 0.183333
0 0.773949 0.485185 0.173509 0.201852
0 0.760508 0.714352 0.135875 0.265741
1 0.909091 0.866667 0.031281 0.081481
1 0.952346 0.834722 0.023949 0.034259
1 0.728250 0.227315 0.033236 0.052778
1 0.918377 0.256944 0.023460 0.050926
1 0.966276 0.390741 0.029326 0.079630
1 0.360459 0.337037 0.028837 0.040741
1 0.367302 0.281944 0.015152 0.025000
1 0.251711 0.534259 0.018573 0.024074
1 0.280547 0.519444 0.024438 0.027778
1 0.387586 0.509259 0.020528 0.038889
1 0.455034 0.459259 0.014663 0.042593
1 0.469941 0.567130 0.022972 0.037963
1 0.444282 0.568056 0.019550 0.034259
1 0.634897 0.473148 0.019550 0.050000
1 0.638319 0.601389 0.025415 0.075000
1 0.682063 0.743519 0.030792 0.040741
1 0.760020 0.981944 0.031281 0.032407
1 0.860704 0.512500 0.032258 0.071296
1 0.656647 0.131481 0.038612 0.077778
1 0.643206 0.140278 0.023460 0.054630
1 0.666178 0.017593 0.015640 0.029630
1 0.653470 0.018056 0.014663 0.036111
1 0.834800 0.733333 0.024438 0.040741
1 0.892962 0.676389 0.006843 0.045370
1 0.880987 0.694907 0.014174 0.036111
1 0.981427 0.563889 0.010753 0.053704
1 0.962610 0.499537 0.029814 0.076852
1 0.979961 0.416667 0.011730 0.031481
1 0.989247 0.442130 0.017595 0.021296
1 0.988759 0.477315 0.021505 0.054630
1 0.975562 0.527778 0.017595 0.031481