1 0.042033 0.560185 0.034213 0.059259
1 0.324536 0.859259 0.059629 0.118519
1 0.354594 0.889352 0.047410 0.126852
1 0.608504 0.878241 0.053763 0.128704
1 0.532014 0.801389 0.014174 0.054630
0 0.597996 0.852778 0.240958 0.290741
0 0.706256 0.864352 0.193548 0.263889
0 0.556696 0.673611 0.127077 0.375000
0 0.596774 0.398148 0.202346 0.690741
1 0.757087 0.510185 0.042033 0.118519
1 0.380499 0.012500 0.017107 0.023148
0 0.501222 0.015278 0.018084 0.030556
0 0.641007 0.093519 0.199902 0.187037
1 0.826735 0.727778 0.026882 0.046296
1 0.911535 0.706019 0.028348 0.054630
1 0.936217 0.724074 0.014174 0.031481
1 0.989003 0.678704 0.018084 0.035185
1 0.971896 0.962963 0.041544 0.062963
1 0.921065 0.237037 0.025904 0.033333
1 0.920332 0.322222 0.014663 0.042593
1 0.933529 0.319444 0.018573 0.033333
1 0.933284 0.355093 0.043500 0.034259
1 0.940616 0.366667 0.039589 0.053704
1 0.987292 0.230093 0.021505 0.050926
1 0.989492 0.200926 0.017107 0.038889
1 0.966276 0.119907 0.017595 0.050926
1 0.853617 0.012037 0.017107 0.024074
1 0.941349 0.050000 0.041056 0.094444
1 0.993891 0.604167 0.010264 0.034259