0 0.336266 0.986574 0.070381 0.025000
1 0.003666 0.914352 0.005376 0.026852
1 0.979228 0.771759 0.012219 0.025000
1 0.974340 0.688426 0.009286 0.028704
1 0.492913 0.551389 0.009286 0.023148
1 0.535924 0.198148 0.007331 0.040741
1 0.850440 0.201389 0.010753 0.013889
1 0.702590 0.138889 0.029814 0.037037
1 0.451124 0.047222 0.016618 0.014815
1 0.881232 0.960648 0.033236 0.076852
1 0.850684 0.854167 0.062072 0.289815
1 0.911535 0.978241 0.034213 0.039815
1 0.792766 0.986111 0.050831 0.024074
0 0.553763 0.761111 0.228739 0.407407
0 0.523705 0.847222 0.222385 0.303704
0 0.480205 0.297222 0.526393 0.424074
0 0.486315 0.118056 0.200391 0.236111
1 0.081134 0.155093 0.104594 0.117593
1 0.117058 0.734722 0.019062 0.065741
1 0.020772 0.571296 0.041544 0.074074
1 0.074047 0.370370 0.148094 0.200000
1 0.015885 0.468056 0.031769 0.017593