1 0.069892 0.128241 0.030303 0.036111
1 0.277126 0.030556 0.061584 0.059259
1 0.266862 0.101852 0.024438 0.057407
1 0.263930 0.150463 0.028348 0.043519
1 0.297165 0.115741 0.024438 0.033333
1 0.296432 0.260185 0.071848 0.109259
1 0.212854 0.222685 0.027859 0.036111
1 0.173021 0.305093 0.036168 0.041667
1 0.143206 0.455093 0.018573 0.073148
1 0.031769 0.412963 0.027370 0.055556
1 0.035191 0.568519 0.053763 0.083333
1 0.054985 0.653241 0.025904 0.054630
1 0.170821 0.560648 0.053275 0.067593
1 0.257087 0.528704 0.030303 0.040741
1 0.354106 0.440741 0.047410 0.075926
1 0.423509 0.356019 0.033724 0.050926
1 0.414712 0.556944 0.052297 0.078704
1 0.403470 0.230556 0.022972 0.051852
1 0.319159 0.641667 0.022483 0.046296
0 0.274682 0.744444 0.086022 0.198148
1 0.424242 0.705556 0.021505 0.037037
1 0.381965 0.733333 0.021994 0.061111
0 0.268573 0.945370 0.097263 0.094444
1 0.295455 0.624537 0.021017 0.028704
1 0.213343 0.363889 0.021994 0.048148
1 0.339443 0.219444 0.014174 0.033333
1 0.379765 0.016667 0.049853 0.033333
1 0.428641 0.074074 0.080156 0.148148
1 0.467742 0.149074 0.033236 0.062963
1 0.554741 0.128704 0.029326 0.057407
1 0.590665 0.077315 0.021994 0.039815
0 0.643939 0.355093 0.090420 0.167593
1 0.547898 0.438889 0.024438 0.050000
1 0.541544 0.527778 0.045943 0.081481
1 0.530547 0.623148 0.042522 0.079630
1 0.644428 0.498611 0.075758 0.121296
1 0.569892 0.768981 0.031281 0.052778
1 0.596530 0.771759 0.021994 0.060185
1 0.629765 0.725000 0.029814 0.048148
1 0.678641 0.804630 0.029814 0.042593
1 0.628788 0.876389 0.022972 0.052778
1 0.659335 0.923611 0.049853 0.093519
1 0.513685 0.891667 0.037146 0.053704
1 0.735093 0.769907 0.017595 0.032407
1 0.730450 0.457407 0.026882 0.068519
1 0.744624 0.404167 0.027859 0.054630
0 0.803030 0.460185 0.087977 0.242593
1 0.855572 0.477778 0.028837 0.061111
1 0.866813 0.550463 0.063050 0.078704
1 0.951857 0.669444 0.070870 0.111111
1 0.944037 0.809259 0.050342 0.161111
1 0.855083 0.795833 0.051320 0.073148
1 0.974585 0.935648 0.043988 0.113889
0 0.808651 0.885185 0.090420 0.214815
0 0.805963 0.707407 0.105572 0.222222
0 0.806452 0.135185 0.158358 0.268519
1 0.885630 0.200926 0.030303 0.061111
1 0.920088 0.196759 0.034702 0.100926
1 0.974340 0.124074 0.045455 0.079630
1 0.679130 0.088889 0.028837 0.061111
1 0.685239 0.028704 0.024438 0.051852
1 0.053275 0.306019 0.029326 0.087963
1 0.304497 0.358333 0.023460 0.027778
1 0.665200 0.598148 0.036168 0.050000