1 0.277370 0.988426 0.012219 0.021296
1 0.787879 0.979167 0.013685 0.019444
1 0.865591 0.958333 0.012708 0.016667
1 0.900538 0.962500 0.028837 0.073148
1 0.086022 0.963889 0.068426 0.070370
1 0.439394 0.924074 0.008798 0.020370
1 0.973363 0.916204 0.008309 0.015741
1 0.666422 0.924074 0.023949 0.061111
1 0.369501 0.905093 0.018573 0.021296
1 0.053519 0.885185 0.013196 0.029630
1 0.904203 0.848148 0.012708 0.029630
1 0.859971 0.835185 0.012219 0.035185
1 0.541056 0.821759 0.023460 0.015741
1 0.992424 0.817593 0.014174 0.020370
1 0.983382 0.772685 0.032258 0.021296
1 0.569648 0.769907 0.028837 0.087963
1 0.064516 0.766667 0.011730 0.027778
1 0.536901 0.763426 0.011241 0.030556
1 0.907136 0.734259 0.010753 0.012963
1 0.059629 0.697685 0.036168 0.058333
1 0.973851 0.694444 0.051320 0.022222
1 0.064027 0.615278 0.029326 0.047222
1 0.868280 0.615278 0.012219 0.026852
1 0.568426 0.611574 0.011730 0.021296
0 0.015152 0.631019 0.030303 0.080556
1 0.270772 0.594907 0.012708 0.017593
1 0.990469 0.589815 0.018084 0.044444
1 0.989247 0.562963 0.020528 0.016667
1 0.988025 0.524074 0.022972 0.031481
1 0.102639 0.507870 0.042033 0.047222
1 0.920088 0.504630 0.029814 0.050000
1 0.966031 0.476852 0.066960 0.050000
1 0.935973 0.440741 0.043011 0.061111
1 0.992424 0.415741 0.014174 0.014815
1 0.362170 0.415741 0.007820 0.018519
1 0.175464 0.409722 0.057674 0.082407
1 0.528837 0.414352 0.015640 0.028704
1 0.495112 0.364352 0.018573 0.036111
1 0.337243 0.359722 0.013685 0.034259
1 0.538368 0.370833 0.043500 0.091667
1 0.555230 0.296759 0.014663 0.028704
1 0.943304 0.292130 0.033236 0.060185
1 0.300342 0.300926 0.055230 0.112963
1 0.326246 0.206481 0.014174 0.031481
1 0.170088 0.207870 0.062561 0.071296
1 0.530547 0.195833 0.016129 0.056481
1 0.063294 0.149074 0.008309 0.020370
1 0.883187 0.120370 0.009775 0.024074
1 0.407380 0.104167 0.027859 0.091667
1 0.535679 0.062037 0.009775 0.025926
1 0.660802 0.067593 0.048876 0.098148
1 0.165445 0.042130 0.039589 0.052778
1 0.218719 0.036574 0.027859 0.065741
1 0.103372 0.030093 0.053275 0.060185
1 0.296676 0.099074 0.044966 0.087037
1 0.340665 0.055556 0.044966 0.100000
1 0.982649 0.573611 0.030792 0.091667
1 0.995112 0.074537 0.005865 0.023148
1 0.487537 0.398611 0.031769 0.069444
0 0.477028 0.077315 0.096774 0.154630
0 0.448925 0.252778 0.121701 0.268519
1 0.528837 0.596759 0.024438 0.060185
0 0.442082 0.469907 0.093353 0.189815
0 0.444282 0.698611 0.156403 0.365741
0 0.465543 0.923148 0.128543 0.151852
1 0.289101 0.829167 0.062072 0.152778
1 0.324536 0.812037 0.043988 0.066667