0 0.523949 0.127778 0.096774 0.255556
0 0.476784 0.284722 0.286901 0.562037
1 0.651026 0.141667 0.026393 0.038889
1 0.928397 0.273611 0.033724 0.073148
1 0.947458 0.212963 0.027859 0.046296
1 0.939638 0.180556 0.021017 0.042593
1 0.986315 0.275000 0.025415 0.035185
1 0.937439 0.506481 0.039101 0.079630
1 0.954545 0.901389 0.022483 0.039815
1 0.981916 0.860185 0.034213 0.081481
1 0.947703 0.794907 0.028348 0.050926
1 0.981916 0.733796 0.019550 0.056481
1 0.954057 0.447222 0.022483 0.035185
1 0.769306 0.385648 0.026393 0.045370
0 0.557429 0.570833 0.326979 0.480556
1 0.159091 0.071759 0.040567 0.065741
1 0.101662 0.330093 0.068426 0.080556
1 0.085777 0.234259 0.034702 0.062963
1 0.024682 0.258333 0.032747 0.062963
1 0.167155 0.214352 0.025415 0.062037
1 0.143939 0.206019 0.027859 0.063889
1 0.283724 0.293519 0.052297 0.059259
1 0.284946 0.249074 0.037146 0.050000
1 0.282747 0.381481 0.042522 0.072222
1 0.289834 0.604167 0.042033 0.075000
1 0.297898 0.450000 0.035679 0.088889
1 0.321603 0.571296 0.028348 0.053704
1 0.301808 0.505093 0.032747 0.065741
1 0.281525 0.529630 0.031281 0.051852
1 0.269795 0.889352 0.036168 0.065741
1 0.297165 0.924537 0.033236 0.060185
1 0.263685 0.783333 0.027859 0.055556
0 0.510753 0.895370 0.291300 0.207407
1 0.782502 0.190741 0.032258 0.070370
1 0.775904 0.297222 0.019062 0.062963
1 0.773705 0.852778 0.035191 0.057407
1 0.774927 0.791204 0.019062 0.058333
1 0.749022 0.772685 0.022972 0.056481