0 0.332111 0.046296 0.134409 0.092593
0 0.313050 0.189352 0.136364 0.210185
0 0.317937 0.338889 0.112903 0.135185
0 0.325513 0.494907 0.105572 0.178704
1 0.225318 0.528241 0.077224 0.163889
0 0.288612 0.778241 0.124633 0.189815
0 0.297654 0.864815 0.157380 0.266667
1 0.456745 0.812500 0.031769 0.050926
1 0.534702 0.810648 0.046921 0.065741
1 0.921799 0.935648 0.015640 0.047222
1 0.928152 0.832407 0.039101 0.066667
0 0.831378 0.907407 0.118280 0.181481
0 0.831134 0.763426 0.152981 0.223148
0 0.837488 0.637037 0.160802 0.198148
0 0.839198 0.541667 0.117302 0.146296
0 0.894428 0.381944 0.143695 0.269444
0 0.860948 0.205093 0.058162 0.158333
1 0.882698 0.237500 0.030303 0.069444
1 0.821114 0.194444 0.027370 0.061111
1 0.831623 0.261574 0.045455 0.062037
0 0.860459 0.074074 0.116813 0.148148
1 0.718719 0.499074 0.033724 0.046296
1 0.542033 0.486574 0.024438 0.041667
1 0.475318 0.579167 0.026882 0.043519