1 0.449658 0.984259 0.030303 0.029630
1 0.669844 0.980556 0.017107 0.035185
1 0.092131 0.980093 0.030792 0.037963
1 0.346285 0.968056 0.021017 0.062037
1 0.171310 0.938889 0.011241 0.055556
1 0.293500 0.933796 0.084555 0.130556
1 0.537879 0.876389 0.010264 0.023148
1 0.129277 0.861111 0.019062 0.038889
1 0.157136 0.821759 0.026882 0.078704
1 0.087243 0.747685 0.023949 0.050926
1 0.545455 0.692130 0.041056 0.106481
1 0.595797 0.634722 0.018573 0.026852
1 0.723363 0.623148 0.034213 0.055556
1 0.543500 0.607870 0.025415 0.047222
1 0.776393 0.555093 0.033724 0.037963
1 0.557185 0.518056 0.017595 0.045370
1 0.634897 0.484722 0.012708 0.025000
1 0.378299 0.487500 0.016618 0.047222
1 0.397361 0.476389 0.020528 0.034259
1 0.554252 0.455556 0.045943 0.077778
1 0.594575 0.413426 0.035679 0.039815
1 0.465298 0.416204 0.016618 0.028704
1 0.597996 0.456944 0.031769 0.060185
1 0.094819 0.362500 0.019550 0.047222
1 0.049120 0.345370 0.022972 0.061111
1 0.140518 0.334722 0.020039 0.049074
1 0.439883 0.289815 0.028348 0.050000
1 0.239492 0.192593 0.039101 0.046296
1 0.104839 0.169444 0.062072 0.046296
1 0.583822 0.134259 0.010264 0.027778
1 0.454301 0.108333 0.034702 0.044444
1 0.655670 0.056481 0.023949 0.038889
1 0.727028 0.020370 0.055230 0.040741
0 0.426442 0.062500 0.056207 0.125000
0 0.377077 0.018519 0.022972 0.037037
1 0.099951 0.009259 0.019062 0.018519
1 0.164712 0.391204 0.044966 0.080556
1 0.162512 0.456019 0.048387 0.089815
0 0.347019 0.699537 0.125122 0.226852
0 0.429374 0.810185 0.107038 0.303704
0 0.432796 0.581944 0.076735 0.278704
0 0.412757 0.263426 0.163734 0.163889
1 0.222141 0.670370 0.017107 0.033333
1 0.168622 0.709259 0.091887 0.125926
1 0.230205 0.028241 0.025415 0.056481
1 0.477273 0.056481 0.051320 0.053704
1 0.984848 0.771759 0.027370 0.063889
1 0.780059 0.225000 0.030303 0.044444
1 0.176197 0.133796 0.047410 0.076852
1 0.040078 0.511574 0.024438 0.049074
1 0.126344 0.919444 0.035679 0.038889
1 0.141251 0.962963 0.032258 0.050000