1 0.312072 0.071759 0.042522 0.076852
1 0.342375 0.013426 0.033724 0.026852
1 0.413245 0.033333 0.067937 0.066667
1 0.255621 0.205093 0.043988 0.049074
1 0.040078 0.200926 0.025415 0.061111
1 0.011975 0.226852 0.022972 0.057407
1 0.045455 0.316204 0.042033 0.045370
1 0.051075 0.395833 0.033724 0.067593
1 0.004154 0.388889 0.008309 0.062963
0 0.024194 0.526852 0.047410 0.127778
1 0.059384 0.582870 0.039589 0.086111
0 0.024438 0.654167 0.047898 0.097222
1 0.104106 0.545370 0.021505 0.042593
1 0.070626 0.715741 0.033724 0.087037
1 0.182551 0.312963 0.076735 0.096296
1 0.184506 0.389815 0.028837 0.044444
1 0.248289 0.294444 0.043011 0.111111
1 0.289101 0.365278 0.057185 0.084259
1 0.347752 0.503241 0.088465 0.115741
0 0.249511 0.597685 0.116813 0.195370
0 0.334311 0.716204 0.051808 0.158333
0 0.296921 0.778241 0.057185 0.108333
1 0.336022 0.834722 0.055230 0.097222
1 0.270283 0.847685 0.043011 0.071296
1 0.234360 0.762963 0.047410 0.068519
1 0.188905 0.834259 0.057185 0.057407
1 0.184995 0.666667 0.021017 0.027778
1 0.154692 0.657870 0.021017 0.041667
0 0.225806 0.947685 0.111437 0.102778
1 0.101417 0.942593 0.055230 0.096296
1 0.009042 0.016204 0.017107 0.026852
0 0.491202 0.842593 0.154448 0.305556
0 0.490714 0.522222 0.160313 0.338889
0 0.509775 0.225000 0.215054 0.405556
1 0.415445 0.223611 0.061584 0.156481
1 0.522972 0.053704 0.046921 0.061111
1 0.593842 0.217593 0.023460 0.050000
1 0.704790 0.217593 0.031281 0.055556
1 0.670332 0.319907 0.027859 0.052778
1 0.804985 0.275926 0.032258 0.057407
1 0.869990 0.314352 0.034213 0.045370
1 0.811095 0.424537 0.034702 0.125000
1 0.779814 0.547685 0.025904 0.073148
1 0.821603 0.585648 0.025415 0.056481
1 0.718231 0.577315 0.021017 0.052778
1 0.648583 0.513426 0.021505 0.039815
1 0.718964 0.681944 0.032258 0.050926
1 0.771261 0.720370 0.024438 0.048148
1 0.726295 0.759722 0.023460 0.039815
1 0.607771 0.766667 0.024927 0.035185
1 0.744135 0.878704 0.026882 0.057407
1 0.949902 0.738426 0.021994 0.041667
1 0.941593 0.686111 0.026882 0.059259
1 0.849951 0.914352 0.034213 0.041667
1 0.919110 0.888889 0.022972 0.059259
1 0.914956 0.140278 0.044966 0.045370
1 0.922043 0.058796 0.023949 0.037963
1 0.810117 0.187963 0.039589 0.048148
1 0.563539 0.174074 0.020528 0.044444
1 0.372678 0.721296 0.017107 0.042593