1 0.375611 0.911111 0.039589 0.050000
1 0.452346 0.872222 0.033724 0.087037
1 0.270772 0.830556 0.031281 0.046296
0 0.385630 0.819444 0.037146 0.107407
1 0.980205 0.831019 0.024927 0.045370
1 0.731916 0.836111 0.036657 0.087037
1 0.011241 0.794907 0.019550 0.025000
1 0.840909 0.762037 0.017107 0.022222
1 0.490225 0.773148 0.020528 0.048148
1 0.934018 0.748611 0.031281 0.069444
1 0.281281 0.702315 0.013196 0.025000
1 0.258553 0.679167 0.008798 0.017593
1 0.856794 0.690278 0.016618 0.047222
1 0.982405 0.629167 0.007820 0.021296
1 0.319648 0.634259 0.016618 0.055556
1 0.872434 0.635185 0.046921 0.068519
1 0.718475 0.605093 0.012708 0.023148
1 0.479717 0.594907 0.018084 0.056481
1 0.802786 0.565278 0.010264 0.049074
1 0.956012 0.541667 0.024438 0.025926
1 0.510997 0.538426 0.011241 0.019444
1 0.477028 0.546296 0.030303 0.075926
1 0.413001 0.502778 0.010753 0.022222
1 0.685973 0.470833 0.021994 0.054630
1 0.870968 0.463889 0.015640 0.042593
1 0.754888 0.445833 0.021017 0.073148
0 0.378543 0.435648 0.038612 0.073148
1 0.496334 0.405556 0.019062 0.027778
1 0.791544 0.387500 0.031769 0.086111
1 0.326002 0.337500 0.015640 0.028704
1 0.779570 0.339815 0.030303 0.070370
1 0.259531 0.299537 0.010753 0.021296
1 0.217498 0.302778 0.014663 0.038889
1 0.465787 0.323148 0.051808 0.083333
1 0.290078 0.307870 0.026882 0.050926
1 0.430352 0.256019 0.018084 0.047222
1 0.521505 0.250000 0.019550 0.044444
1 0.343597 0.221296 0.012708 0.050000
1 0.979717 0.187037 0.014174 0.022222
1 0.895161 0.128241 0.035679 0.037963
1 0.862903 0.097222 0.051320 0.068519
1 0.282258 0.031481 0.021994 0.059259
1 0.534457 0.039815 0.032747 0.064815
0 0.646139 0.052778 0.121212 0.105556
1 0.109971 0.142130 0.023460 0.052778
1 0.260508 0.056944 0.018573 0.015741
1 0.257576 0.200926 0.013685 0.022222
1 0.042033 0.525463 0.018573 0.039815
1 0.097752 0.919444 0.192571 0.159259
1 0.088221 0.935648 0.022972 0.017593
1 0.117546 0.948148 0.023949 0.025926
1 0.059873 0.832407 0.035679 0.022222
1 0.107527 0.520833 0.073314 0.658333
1 0.112414 0.844907 0.011730 0.036111
1 0.021261 0.639352 0.039589 0.147222
1 0.270528 0.502315 0.021017 0.025000
1 0.252933 0.532407 0.022972 0.024074
1 0.205034 0.533796 0.024927 0.017593
1 0.174487 0.573148 0.015640 0.031481
0 0.383431 0.342130 0.050342 0.078704
1 0.309140 0.181481 0.015152 0.037037
1 0.422776 0.296759 0.016618 0.039815
0 0.459189 0.077315 0.021017 0.075000
0 0.385386 0.076852 0.109971 0.153704
1 0.794233 0.181481 0.018573 0.055556
1 0.811339 0.084722 0.018573 0.032407
1 0.725318 0.010185 0.015640 0.020370
1 0.885630 0.333796 0.027370 0.039815
0 0.763196 0.635648 0.051320 0.126852
0 0.798143 0.661111 0.030303 0.101852
0 0.613881 0.865741 0.144673 0.266667
0 0.642717 0.366667 0.159335 0.209259
0 0.627077 0.230093 0.098729 0.212037
0 0.615103 0.548148 0.137341 0.144444
0 0.622190 0.683333 0.147605 0.225926
1 0.922532 0.973611 0.023949 0.017593
1 0.909580 0.918981 0.013685 0.030556