1 0.186461 0.225000 0.046432 0.057407
1 0.217498 0.415741 0.037146 0.037037
1 0.306940 0.514352 0.058651 0.117593
1 0.292278 0.640278 0.029326 0.050926
1 0.334800 0.655556 0.030303 0.037037
1 0.058407 0.733333 0.036657 0.066667
1 0.012952 0.521759 0.025904 0.043519
1 0.026882 0.463426 0.030303 0.060185
1 0.187195 0.803704 0.032258 0.064815
1 0.449658 0.971759 0.042033 0.037963
0 0.514174 0.906019 0.026393 0.182407
0 0.577224 0.918519 0.080156 0.150000
1 0.744868 0.888889 0.067449 0.094444
1 0.784213 0.307407 0.081623 0.151852
1 0.899804 0.271296 0.024438 0.053704
0 0.587977 0.081481 0.185728 0.162963
0 0.493891 0.304167 0.327957 0.330556