1 0.205767 0.281944 0.017595 0.091667
1 0.189883 0.467130 0.037634 0.089815
1 0.282258 0.037500 0.042522 0.056481
1 0.154936 0.609259 0.018573 0.085185
1 0.200880 0.827315 0.046921 0.067593
1 0.081378 0.978241 0.043500 0.039815
1 0.050098 0.029167 0.043500 0.058333
1 0.075513 0.021759 0.024927 0.041667
1 0.060850 0.128704 0.011241 0.068519
1 0.091398 0.126852 0.029326 0.062963
1 0.159580 0.489815 0.025904 0.044444
1 0.035435 0.164815 0.027859 0.037037
1 0.029570 0.196759 0.026882 0.060185
1 0.004888 0.086111 0.009775 0.046296
1 0.035435 0.287500 0.022972 0.025000
1 0.026882 0.378704 0.053763 0.418519
1 0.056207 0.485185 0.022483 0.042593
1 0.035924 0.515278 0.014174 0.030556
1 0.069159 0.357407 0.018084 0.035185
1 0.050587 0.390741 0.006354 0.025926
1 0.061095 0.387500 0.012708 0.056481
1 0.134164 0.395833 0.021017 0.034259
1 0.132942 0.360185 0.038123 0.035185
1 0.146383 0.568056 0.015152 0.037963
1 0.048387 0.792130 0.020528 0.047222
1 0.007576 0.849074 0.015152 0.018519
1 0.031281 0.882407 0.022483 0.022222
1 0.037634 0.688426 0.008798 0.041667
1 0.085288 0.643056 0.024927 0.047222
1 0.082845 0.675463 0.018084 0.021296
1 0.127322 0.967130 0.036657 0.063889
1 0.196970 0.873148 0.009775 0.022222
0 0.514418 0.058333 0.153959 0.116667
1 0.526637 0.053704 0.046432 0.081481
0 0.508798 0.213889 0.146628 0.387037
1 0.530303 0.164815 0.026393 0.059259
1 0.537390 0.322222 0.016129 0.020370
1 0.481672 0.464352 0.028837 0.071296
1 0.641740 0.097222 0.010753 0.031481
1 0.686461 0.031019 0.041544 0.039815
1 0.647116 0.484722 0.041056 0.076852
0 0.535679 0.618981 0.241447 0.456481
1 0.600196 0.548611 0.009775 0.019444
1 0.531281 0.516667 0.027370 0.046296
1 0.618524 0.815278 0.015152 0.028704
0 0.508309 0.925463 0.083089 0.145370
1 0.395650 0.980556 0.015152 0.027778
0 0.423509 0.950926 0.095308 0.096296
1 0.766618 0.872685 0.052297 0.110185
1 0.827468 0.844444 0.021505 0.092593
1 0.815249 0.732407 0.039101 0.061111
1 0.802297 0.583333 0.049365 0.079630
1 0.694526 0.901389 0.103617 0.195370
1 0.725318 0.668056 0.100684 0.152778
1 0.955034 0.392593 0.041056 0.057407
1 0.983871 0.375926 0.005865 0.027778
1 0.900538 0.512500 0.092375 0.184259
1 0.810117 0.668056 0.011241 0.032407
1 0.942815 0.141667 0.102639 0.181481
1 0.090176 0.350463 0.108016 0.589815
1 0.107527 0.582407 0.021505 0.042593
1 0.392229 0.628241 0.021017 0.043519
1 0.394428 0.652778 0.025415 0.018519