1 0.055474 0.380556 0.012219 0.055556
1 0.120968 0.275463 0.020039 0.026852
1 0.162268 0.269907 0.029326 0.071296
1 0.134653 0.593519 0.034702 0.053704
1 0.114614 0.831481 0.040567 0.044444
1 0.100196 0.992130 0.014663 0.013889
1 0.369746 0.107870 0.034702 0.075000
1 0.362903 0.121296 0.028837 0.027778
1 0.407625 0.150000 0.022483 0.042593
1 0.409335 0.025463 0.031769 0.047222
1 0.410313 0.306019 0.021994 0.047222
1 0.432063 0.301852 0.039101 0.031481
1 0.423998 0.275000 0.018084 0.042593
1 0.377566 0.241204 0.012219 0.030556
1 0.252688 0.035648 0.030303 0.071296
1 0.267107 0.065278 0.013196 0.032407
1 0.283724 0.075463 0.016129 0.028704
1 0.260264 0.029630 0.017107 0.031481
1 0.205523 0.110648 0.011241 0.015741
1 0.212854 0.141667 0.009286 0.031481
0 0.254888 0.183333 0.174487 0.333333
1 0.185239 0.388889 0.029326 0.050000
1 0.205523 0.365278 0.016129 0.026852
0 0.268817 0.456481 0.114370 0.227778
1 0.345552 0.460648 0.101662 0.221296
1 0.348485 0.462037 0.004888 0.044444
1 0.398338 0.495833 0.020528 0.034259
0 0.236070 0.557870 0.112414 0.321296
1 0.336755 0.810185 0.023460 0.040741
1 0.348485 0.712963 0.017595 0.040741
1 0.343842 0.902315 0.033724 0.063889
0 0.238270 0.986111 0.034702 0.025926
0 0.247801 0.875000 0.089932 0.183333
1 0.468231 0.155556 0.018573 0.033333
1 0.489003 0.099537 0.034702 0.060185
1 0.518573 0.067130 0.047898 0.075000
1 0.473607 0.008333 0.014663 0.016667
1 0.518328 0.114815 0.018084 0.031481
1 0.511975 0.220370 0.012219 0.016667
1 0.502933 0.222685 0.023460 0.052778
1 0.454790 0.407870 0.024927 0.041667
1 0.509775 0.382870 0.033236 0.043519
1 0.487537 0.328704 0.047410 0.074074
1 0.524682 0.335185 0.015152 0.025926
1 0.438172 0.517130 0.005376 0.036111
1 0.454301 0.549537 0.025904 0.065741
1 0.505132 0.551389 0.026882 0.049074
1 0.536168 0.553241 0.026393 0.032407
1 0.543011 0.604167 0.020528 0.025000
1 0.543255 0.671759 0.018084 0.013889
1 0.556207 0.688426 0.029326 0.037963
1 0.581623 0.634259 0.012708 0.037037
1 0.499756 0.737500 0.015152 0.025000
1 0.523949 0.750000 0.022483 0.044444
1 0.496334 0.825000 0.017107 0.033333
1 0.509286 0.810185 0.020528 0.042593
1 0.566471 0.750926 0.048876 0.064815
1 0.549120 0.856019 0.045455 0.087963
1 0.545699 0.892130 0.018084 0.026852
1 0.565005 0.820833 0.028348 0.039815
1 0.554741 0.795833 0.023460 0.045370
1 0.562317 0.521759 0.067937 0.100926
1 0.564761 0.463426 0.014174 0.028704
1 0.615347 0.475463 0.017595 0.037963
1 0.590665 0.395370 0.024927 0.024074
1 0.611926 0.396759 0.037146 0.065741
1 0.610948 0.424074 0.016618 0.016667
1 0.588710 0.146296 0.018084 0.048148
1 0.572336 0.217593 0.052786 0.083333
1 0.589932 0.175926 0.023460 0.038889
1 0.564516 0.225463 0.010753 0.019444
1 0.577957 0.240741 0.009286 0.031481
1 0.607283 0.572222 0.022972 0.031481
1 0.638563 0.579167 0.015152 0.028704
1 0.633431 0.603241 0.024438 0.028704
1 0.618035 0.685185 0.028837 0.079630
1 0.630987 0.665278 0.010753 0.032407
1 0.636364 0.700000 0.025415 0.072222
1 0.626588 0.787500 0.028348 0.050926
1 0.613148 0.848148 0.025904 0.050000
1 0.623900 0.862963 0.028837 0.066667
1 0.673998 0.880556 0.018573 0.044444
1 0.676686 0.842130 0.039589 0.050926
1 0.684262 0.839815 0.012708 0.024074
1 0.695259 0.728241 0.022972 0.071296
1 0.693548 0.755093 0.028348 0.030556
1 0.665689 0.414352 0.032258 0.099074
1 0.718719 0.331019 0.013196 0.023148
1 0.722874 0.451389 0.030303 0.041667
1 0.713343 0.454167 0.016129 0.050926
1 0.722874 0.481944 0.030303 0.028704
1 0.725806 0.552778 0.038123 0.079630
1 0.706256 0.554630 0.037146 0.057407
1 0.726051 0.598611 0.022972 0.041667
1 0.631720 0.160648 0.029814 0.047222
1 0.651760 0.175000 0.021994 0.048148
1 0.661535 0.211574 0.023949 0.054630
1 0.649316 0.205093 0.012219 0.030556
1 0.637341 0.238426 0.016618 0.030556
1 0.706012 0.140741 0.023949 0.031481
1 0.756598 0.186111 0.029326 0.055556
1 0.771505 0.182407 0.013196 0.022222
1 0.743891 0.005556 0.011730 0.011111
1 0.734360 0.084722 0.012219 0.023148
1 0.647605 0.117130 0.008798 0.021296
1 0.807185 0.043981 0.022972 0.049074
1 0.812317 0.121296 0.015640 0.055556
1 0.869013 0.136111 0.025415 0.040741
1 0.923265 0.026389 0.025415 0.052778
1 0.952346 0.056019 0.021994 0.037963
1 0.973607 0.061574 0.019550 0.041667
1 0.911046 0.086111 0.027370 0.075926
1 0.904936 0.092130 0.017107 0.013889
1 0.943304 0.121296 0.020528 0.031481
1 0.875367 0.179167 0.017595 0.050926
1 0.899560 0.152778 0.042522 0.046296
1 0.821114 0.295370 0.027370 0.070370
1 0.799120 0.316204 0.024438 0.045370
1 0.941593 0.286111 0.026882 0.053704
1 0.940860 0.203241 0.108504 0.147222
1 0.915445 0.287500 0.027370 0.062037
1 0.900782 0.363889 0.021505 0.018519
1 0.809873 0.404630 0.040078 0.087037
1 0.909091 0.406019 0.031281 0.026852
1 0.897849 0.384722 0.008798 0.030556
1 0.939638 0.414815 0.047410 0.075926
1 0.969453 0.420370 0.017107 0.050000
1 0.934506 0.459722 0.016618 0.032407
1 0.967498 0.573148 0.011241 0.061111
1 0.953568 0.636574 0.041056 0.082407
1 0.943548 0.735648 0.073803 0.112037
1 0.950635 0.748148 0.032258 0.033333
1 0.954545 0.889352 0.013685 0.043519
1 0.923998 0.968056 0.020039 0.025000
1 0.972385 0.931481 0.054252 0.105556
1 0.946237 0.993056 0.016618 0.012037
1 0.958700 0.989352 0.014174 0.017593
0 0.768817 0.516204 0.038123 0.075000
1 0.790567 0.510185 0.013196 0.031481
1 0.768328 0.558333 0.020528 0.027778
1 0.754888 0.534259 0.004399 0.022222
1 0.768573 0.601389 0.040567 0.058333
1 0.825024 0.622685 0.045943 0.080556
1 0.754888 0.689815 0.015152 0.037037
1 0.773460 0.700926 0.028837 0.057407
1 0.788856 0.673611 0.018573 0.039815
0 0.793988 0.756944 0.083578 0.165741
1 0.814516 0.859722 0.022972 0.039815
1 0.774438 0.852778 0.045455 0.057407
1 0.782991 0.861111 0.018573 0.025926
1 0.787879 0.893519 0.023460 0.048148
1 0.800098 0.920370 0.022483 0.042593
1 0.789834 0.776852 0.011730 0.027778
1 0.834311 0.932870 0.107527 0.132407
1 0.779326 0.968519 0.033724 0.061111
1 0.810362 0.957870 0.023460 0.052778
1 0.821114 0.946296 0.012708 0.024074
1 0.764418 0.936111 0.027370 0.018519
1 0.823069 0.569907 0.028348 0.071296
1 0.816471 0.652315 0.038612 0.056481
1 0.797654 0.625000 0.024438 0.029630
1 0.782258 0.623148 0.022972 0.051852
1 0.791789 0.641667 0.016618 0.029630
1 0.800098 0.575463 0.057674 0.080556
1 0.429863 0.968056 0.021994 0.037963
1 0.787879 0.304630 0.022483 0.018519