1 0.512952 0.490278 0.028837 0.047222
1 0.456745 0.600926 0.021017 0.048148
1 0.356794 0.522222 0.032258 0.051852
1 0.369501 0.381944 0.025415 0.041667
1 0.355816 0.295833 0.023460 0.043519
1 0.420577 0.294444 0.029814 0.033333
1 0.443548 0.377778 0.020039 0.046296
1 0.474096 0.336111 0.023460 0.042593
1 0.446481 0.256944 0.025904 0.047222
1 0.321114 0.188426 0.035191 0.073148
1 0.300587 0.656481 0.047898 0.079630
1 0.361681 0.737037 0.021505 0.046296
1 0.564516 0.800000 0.030303 0.068519
1 0.372434 0.929167 0.031281 0.078704
0 0.276637 0.709259 0.062561 0.214815
0 0.240225 0.866204 0.119746 0.262037
1 0.084555 0.833333 0.033236 0.055556
1 0.081623 0.502315 0.037146 0.043519
1 0.208211 0.345833 0.039101 0.062037
1 0.213099 0.494444 0.043988 0.059259
0 0.271994 0.481481 0.102151 0.212963
0 0.270283 0.174074 0.193548 0.348148
1 0.413001 0.762963 0.036168 0.050000
1 0.659091 0.053241 0.027859 0.039815
1 0.626833 0.090741 0.028837 0.053704
1 0.704790 0.023148 0.056696 0.035185
0 0.799609 0.043519 0.099707 0.085185
0 0.789589 0.141204 0.065982 0.110185
1 0.918622 0.120833 0.057185 0.076852
1 0.981916 0.379630 0.030303 0.081481
1 0.970186 0.528704 0.048876 0.101852
1 0.927175 0.627315 0.040078 0.097222
0 0.789834 0.495833 0.154448 0.154630
1 0.700391 0.492130 0.037146 0.054630
0 0.786168 0.707870 0.170577 0.249074
0 0.790567 0.900926 0.052297 0.185185
0 0.863881 0.910185 0.128543 0.148148
1 0.675220 0.370833 0.029814 0.052778
1 0.610459 0.640741 0.038123 0.048148
1 0.593353 0.884722 0.036168 0.065741
1 0.951857 0.028704 0.052297 0.057407
1 0.695503 0.942130 0.049853 0.110185
0 0.239003 0.030556 0.120235 0.057407
1 0.479472 0.506944 0.038123 0.091667
1 0.449413 0.537500 0.029814 0.047222
1 0.444770 0.123611 0.016618 0.043519
1 0.451369 0.158796 0.028837 0.049074
1 0.572336 0.075926 0.027370 0.051852
1 0.561584 0.036574 0.033236 0.063889