1 0.049853 0.183796 0.031281 0.076852
1 0.139052 0.215278 0.019062 0.030556
1 0.171554 0.143981 0.022483 0.037963
1 0.193304 0.073148 0.031769 0.022222
1 0.221896 0.115741 0.030303 0.055556
1 0.234848 0.020833 0.044477 0.041667
1 0.267351 0.148611 0.045943 0.100926
1 0.290323 0.171759 0.022483 0.071296
1 0.136119 0.355556 0.025904 0.031481
1 0.114370 0.428704 0.022483 0.038889
1 0.106305 0.542130 0.031769 0.091667
1 0.181818 0.575000 0.026393 0.033333
1 0.181818 0.597685 0.019550 0.023148
1 0.168377 0.650463 0.015152 0.067593
1 0.124878 0.685648 0.016129 0.067593
1 0.071603 0.782407 0.020039 0.031481
1 0.146628 0.807407 0.015640 0.038889
1 0.169110 0.927315 0.015640 0.037963
1 0.175464 0.962500 0.027370 0.041667
1 0.200635 0.968056 0.015152 0.015741
1 0.003910 0.802778 0.007820 0.044444
1 0.049853 0.896759 0.021505 0.036111
1 0.033969 0.858333 0.010264 0.016667
1 0.256598 0.976389 0.037146 0.045370
1 0.328201 0.929630 0.024927 0.035185
1 0.391740 0.896759 0.043500 0.062037
1 0.409824 0.830093 0.021994 0.034259
1 0.346285 0.776852 0.033724 0.075926
1 0.324780 0.750926 0.019062 0.033333
1 0.282258 0.766204 0.027859 0.067593
1 0.231427 0.688889 0.060117 0.137037
1 0.309384 0.610185 0.013685 0.066667
1 0.348729 0.404167 0.016129 0.036111
1 0.336510 0.540741 0.032747 0.066667
1 0.351906 0.506481 0.013685 0.014815
1 0.372190 0.200463 0.034702 0.049074
1 0.358504 0.225463 0.035679 0.052778
1 0.327713 0.315741 0.037634 0.098148
1 0.382942 0.364815 0.030792 0.062963
1 0.359726 0.319907 0.037146 0.054630
1 0.300587 0.352315 0.024438 0.039815
1 0.156403 0.430093 0.014663 0.030556
1 0.197703 0.457407 0.014174 0.033333
1 0.224585 0.463426 0.030792 0.067593
1 0.415445 0.145833 0.016618 0.028704
1 0.412757 0.109259 0.023949 0.064815
1 0.392962 0.088889 0.030303 0.044444
1 0.361193 0.084259 0.050831 0.133333
1 0.300587 0.058796 0.032258 0.067593
1 0.411046 0.592130 0.030303 0.056481
1 0.425953 0.572685 0.010264 0.032407
1 0.414956 0.506481 0.026393 0.042593
1 0.426197 0.392593 0.039101 0.070370
1 0.424487 0.471296 0.032747 0.135185
1 0.467986 0.496759 0.040567 0.082407
1 0.478495 0.581019 0.011730 0.030556
1 0.384409 0.662037 0.038612 0.081481
1 0.407625 0.670833 0.038123 0.056481
1 0.448680 0.734259 0.018573 0.037037
1 0.461632 0.786574 0.048387 0.060185
1 0.407380 0.744907 0.058162 0.100926
1 0.462366 0.888426 0.027370 0.078704
1 0.436217 0.967593 0.037634 0.061111
1 0.343109 0.962963 0.059629 0.070370
1 0.391984 0.961111 0.025415 0.075926
1 0.928886 0.033796 0.039589 0.058333
1 0.954790 0.034722 0.027859 0.045370
1 0.909824 0.094907 0.020039 0.050926
1 0.875122 0.112037 0.021017 0.022222
1 0.830156 0.024074 0.016129 0.029630
1 0.827468 0.076852 0.021505 0.075926
1 0.841398 0.072222 0.016129 0.033333
1 0.759286 0.010185 0.010264 0.009259
1 0.769795 0.028241 0.026393 0.043519
1 0.847507 0.412963 0.033236 0.072222
1 0.906891 0.393981 0.032747 0.050926
1 0.911290 0.425000 0.012219 0.018519
1 0.926686 0.411111 0.016618 0.064815
1 0.938172 0.503241 0.012219 0.060185
1 0.877810 0.778704 0.039101 0.105556
1 0.846530 0.727778 0.031281 0.024074
1 0.885875 0.712500 0.050342 0.067593
1 0.838710 0.657407 0.018573 0.053704
1 0.862414 0.842130 0.015152 0.025000
1 0.942571 0.893519 0.035679 0.048148
1 0.943548 0.922222 0.018084 0.050000
1 0.822336 0.987037 0.012219 0.024074
1 0.837732 0.961574 0.011730 0.034259
1 0.722385 0.947222 0.026393 0.053704
1 0.742669 0.960185 0.021017 0.035185
1 0.764174 0.890741 0.025904 0.068519
1 0.764418 0.925926 0.015640 0.014815
1 0.700635 0.947222 0.022972 0.037037
1 0.645894 0.913426 0.046432 0.149074
1 0.673021 0.859722 0.025415 0.063889
1 0.616080 0.851852 0.027859 0.070370
1 0.612170 0.710648 0.032747 0.050926
1 0.644673 0.463889 0.071359 0.111111
1 0.581378 0.463426 0.031769 0.067593
1 0.613392 0.330556 0.047898 0.037037
1 0.640518 0.353704 0.050342 0.074074
1 0.644917 0.269444 0.058162 0.081481
1 0.653226 0.220370 0.023949 0.040741
1 0.669355 0.241667 0.014174 0.016667
1 0.705279 0.352778 0.051808 0.088889
1 0.689150 0.537037 0.031281 0.101852
1 0.728983 0.631944 0.025904 0.052778
1 0.705034 0.600926 0.017107 0.029630
1 0.714321 0.819907 0.067937 0.137963
1 0.707234 0.868519 0.008798 0.042593
1 0.762952 0.717593 0.040078 0.118519
1 0.773460 0.623148 0.058162 0.116667
1 0.723851 0.461574 0.069404 0.154630
1 0.751466 0.380093 0.062072 0.078704
1 0.739980 0.257870 0.065494 0.139815
1 0.701369 0.032407 0.010753 0.035185
1 0.727517 0.066667 0.008309 0.016667
1 0.747801 0.817593 0.043011 0.107407
1 0.774682 0.808333 0.039101 0.096296
1 0.919355 0.187037 0.063539 0.127778
1 0.978983 0.282870 0.024438 0.037963
1 0.974340 0.431944 0.019062 0.034259
1 0.967742 0.486111 0.022483 0.040741
1 0.968719 0.785185 0.060606 0.114815
0 0.990225 0.484722 0.017595 0.260185
1 0.965787 0.611111 0.013685 0.033333
0 0.981427 0.729630 0.036168 0.155556
0 0.979961 0.098148 0.038123 0.196296
1 0.988025 0.189352 0.022972 0.063889
1 0.962366 0.211574 0.012708 0.023148
1 0.972141 0.694444 0.009775 0.011111
1 0.819159 0.533796 0.048876 0.130556
1 0.818671 0.541204 0.009775 0.021296
1 0.780059 0.512963 0.012708 0.037037
1 0.809140 0.432407 0.035679 0.051852
1 0.808895 0.362500 0.070381 0.137963
1 0.786413 0.162037 0.108504 0.277778
1 0.641496 0.604167 0.044477 0.121296
1 0.598729 0.580556 0.057674 0.077778
1 0.591153 0.537500 0.012219 0.026852
1 0.514663 0.526389 0.016618 0.026852
1 0.578201 0.081481 0.030303 0.033333
1 0.502688 0.031944 0.021017 0.032407
0 0.512463 0.012963 0.048387 0.025926
1 0.484115 0.003704 0.015152 0.007407
1 0.521750 0.658796 0.024927 0.037963
1 0.474340 0.717130 0.009286 0.015741
1 0.472141 0.735648 0.014663 0.030556
0 0.556207 0.962037 0.043988 0.072222
0 0.547165 0.829630 0.146139 0.301852
0 0.535679 0.588889 0.114370 0.109259
1 0.535924 0.574074 0.017107 0.024074
0 0.528104 0.464352 0.106061 0.213889
0 0.507576 0.332870 0.035679 0.113889
0 0.555230 0.285185 0.077224 0.272222
0 0.517107 0.173148 0.148583 0.172222