1 0.192326 0.992593 0.021017 0.012963
1 0.217986 0.990741 0.014663 0.016667
1 0.369257 0.933333 0.011241 0.029630
1 0.397849 0.911574 0.039101 0.067593
1 0.690127 0.921296 0.110459 0.081481
1 0.845064 0.884722 0.013685 0.036111
1 0.235582 0.844444 0.031281 0.087037
1 0.169599 0.924537 0.052786 0.149074
1 0.328690 0.835648 0.012219 0.019444
1 0.852151 0.836111 0.028837 0.048148
1 0.504399 0.810648 0.030303 0.087963
1 0.630010 0.790741 0.052786 0.066667
1 0.907625 0.721296 0.034213 0.059259
1 0.125122 0.668981 0.019550 0.019444
1 0.793255 0.605093 0.012708 0.026852
1 0.351662 0.590278 0.009286 0.021296
1 0.974829 0.618519 0.022972 0.090741
1 0.841398 0.575000 0.019062 0.027778
1 0.834800 0.493056 0.041056 0.043519
1 0.958211 0.431944 0.056207 0.087963
1 0.336266 0.400463 0.017595 0.030556
1 0.135142 0.371296 0.051320 0.062963
1 0.314761 0.177315 0.034213 0.008333
1 0.823069 0.105093 0.036168 0.039815
1 0.044721 0.068056 0.029814 0.065741
1 0.264418 0.066667 0.040078 0.083333
1 0.404203 0.024074 0.005865 0.029630
1 0.905181 0.916204 0.028348 0.071296
1 0.292033 0.990278 0.014174 0.013889
1 0.301564 0.616204 0.030303 0.030556