1 0.028592 0.024537 0.028837 0.049074
1 0.105816 0.018981 0.030792 0.032407
1 0.130743 0.020833 0.018084 0.032407
1 0.181574 0.059722 0.025904 0.028704
1 0.078935 0.144907 0.019062 0.060185
1 0.111681 0.141667 0.015152 0.029630
1 0.042278 0.222685 0.028837 0.034259
1 0.043011 0.257870 0.020528 0.036111
1 0.033480 0.301852 0.025904 0.031481
1 0.082600 0.327315 0.033236 0.065741
1 0.085777 0.368519 0.018084 0.035185
1 0.013196 0.410648 0.014663 0.049074
1 0.159335 0.247685 0.014663 0.045370
1 0.161046 0.347685 0.029814 0.093519
1 0.005132 0.551852 0.009286 0.044444
1 0.031769 0.629167 0.027370 0.034259
1 0.072825 0.601389 0.022483 0.058333
1 0.107038 0.606019 0.023460 0.067593
1 0.102884 0.738426 0.032747 0.071296
1 0.012219 0.734722 0.024438 0.062037
1 0.154936 0.743981 0.035191 0.047222
1 0.045943 0.904630 0.043988 0.055556
1 0.118035 0.909259 0.039589 0.074074
1 0.150538 0.932407 0.028348 0.035185
1 0.223118 0.969444 0.014174 0.055556
1 0.250978 0.131481 0.026882 0.083333
1 0.253910 0.235185 0.056207 0.105556
1 0.247556 0.453704 0.022972 0.037037
1 0.278348 0.553241 0.018084 0.037963
1 0.214565 0.396759 0.023460 0.043519
1 0.282747 0.719444 0.025904 0.038889
1 0.368768 0.093056 0.020039 0.037963
1 0.445748 0.131019 0.020528 0.041667
1 0.465543 0.066204 0.025904 0.043519
1 0.456500 0.005093 0.011730 0.008333
1 0.353617 0.270833 0.013196 0.073148
1 0.410068 0.278704 0.036168 0.037037
1 0.452590 0.296296 0.038123 0.044444
1 0.491447 0.324537 0.013196 0.060185
1 0.395406 0.409722 0.036168 0.063889
1 0.432796 0.536574 0.033724 0.069444
1 0.462854 0.569907 0.023460 0.043519
1 0.353372 0.617593 0.030303 0.048148
1 0.389296 0.614815 0.039589 0.050000
1 0.483627 0.661111 0.021994 0.055556
1 0.354106 0.748148 0.038612 0.061111
1 0.395894 0.825926 0.015640 0.037037
1 0.364614 0.914815 0.038123 0.059259
1 0.481916 0.206481 0.018573 0.057407
0 0.518084 0.119444 0.220919 0.238889
1 0.512952 0.050463 0.053275 0.100926
1 0.606794 0.192593 0.048387 0.072222
1 0.620723 0.097222 0.038123 0.074074
1 0.600440 0.138889 0.011241 0.042593
1 0.600196 0.366667 0.035191 0.083333
1 0.630010 0.360648 0.046921 0.062037
1 0.552053 0.437963 0.022972 0.083333
1 0.580645 0.466667 0.025415 0.046296
1 0.550831 0.460185 0.044966 0.057407
1 0.556207 0.579167 0.009775 0.028704
1 0.655914 0.037037 0.053763 0.074074
1 0.661535 0.120370 0.038612 0.079630
1 0.635142 0.120833 0.020039 0.043519
1 0.692326 0.057407 0.012219 0.029630
1 0.668622 0.266204 0.054741 0.130556
1 0.601662 0.558796 0.021505 0.034259
1 0.642473 0.813889 0.055230 0.085185
1 0.614614 0.862037 0.034702 0.024074
0 0.566227 0.509259 0.296676 0.603704
0 0.542522 0.803241 0.508309 0.389815
1 0.478739 0.711574 0.015152 0.062037
1 0.867302 0.029167 0.027859 0.056481
1 0.816471 0.013889 0.021017 0.027778
1 0.724829 0.135185 0.033236 0.055556
1 0.731672 0.109259 0.017595 0.035185
1 0.900293 0.127778 0.024438 0.079630
1 0.910068 0.106481 0.039101 0.062963
1 0.858260 0.193056 0.028348 0.065741
1 0.917400 0.181944 0.051808 0.069444
1 0.937439 0.183796 0.023460 0.071296
1 0.960899 0.246296 0.044966 0.061111
1 0.951613 0.225926 0.024438 0.027778
1 0.976295 0.057870 0.032747 0.075000
1 0.989980 0.023148 0.016129 0.046296
1 0.657136 0.488889 0.032747 0.040741
1 0.740225 0.383796 0.025904 0.043519
1 0.798387 0.463889 0.019062 0.040741
1 0.744379 0.133333 0.017595 0.029630
1 0.898827 0.608796 0.034213 0.075000
1 0.855572 0.680556 0.042522 0.107407
1 0.795210 0.768056 0.143695 0.221296
1 0.986804 0.731019 0.021505 0.062037
1 0.949902 0.729167 0.041544 0.058333
1 0.942326 0.922685 0.049853 0.086111
1 0.980450 0.926852 0.028348 0.040741
1 0.901760 0.983333 0.029326 0.031481
1 0.892962 0.799074 0.024438 0.037037
1 0.915934 0.818519 0.024438 0.066667
1 0.919599 0.812963 0.027859 0.081481
1 0.939638 0.818056 0.023949 0.050926
1 0.843109 0.925463 0.033236 0.036111
1 0.884164 0.828241 0.016618 0.045370
1 0.708700 0.759722 0.018573 0.037963
1 0.722141 0.789352 0.036657 0.060185
1 0.953079 0.287963 0.041056 0.050000
1 0.986559 0.364815 0.023949 0.068519
1 0.941349 0.343056 0.015640 0.047222
1 0.944770 0.302778 0.028348 0.057407
1 0.915934 0.473611 0.043011 0.065741
1 0.955523 0.462963 0.024438 0.085185
1 0.964321 0.477315 0.021505 0.091667
1 0.978495 0.487963 0.023460 0.050000
1 0.986559 0.457407 0.021994 0.040741
1 0.942815 0.501852 0.020528 0.051852
1 0.964809 0.522685 0.013685 0.030556
1 0.976540 0.577315 0.023460 0.045370
1 0.690127 0.431481 0.051808 0.107407
1 0.718231 0.561111 0.101173 0.198148
1 0.707722 0.502315 0.041056 0.084259
1 0.719697 0.465741 0.038612 0.075926
1 0.873412 0.377315 0.020528 0.054630
1 0.881232 0.536574 0.025415 0.054630
1 0.815982 0.450463 0.015152 0.041667
1 0.995357 0.520370 0.007331 0.018519
1 0.754888 0.414352 0.025904 0.030556