0 0.288368 0.452778 0.144673 0.161111
0 0.248778 0.182870 0.125122 0.308333
0 0.264907 0.697685 0.129032 0.237963
0 0.236315 0.930093 0.107038 0.137963
0 0.776149 0.583333 0.127077 0.268519
0 0.796432 0.867130 0.106061 0.263889
1 0.021750 0.340741 0.038612 0.055556
1 0.013685 0.248611 0.027370 0.054630
1 0.011486 0.149074 0.020039 0.064815
1 0.057429 0.030556 0.014174 0.042593
1 0.392229 0.698148 0.038612 0.114815
1 0.317937 0.673611 0.028837 0.052778
1 0.501466 0.838426 0.031281 0.052778
1 0.470186 0.831481 0.033236 0.059259
1 0.490469 0.721296 0.032747 0.077778
1 0.497312 0.663426 0.032747 0.075000
1 0.574780 0.723611 0.036168 0.063889
1 0.701124 0.733333 0.047410 0.070370
1 0.706500 0.804630 0.037634 0.055556
1 0.564272 0.821296 0.040567 0.051852
1 0.551075 0.872222 0.039589 0.044444
1 0.360215 0.844444 0.023460 0.055556
1 0.557918 0.587037 0.027859 0.050000
1 0.544477 0.381481 0.040078 0.079630
1 0.698436 0.613889 0.023460 0.068519
1 0.732649 0.406481 0.033236 0.072222
1 0.768084 0.718981 0.048387 0.047222
1 0.773705 0.781019 0.030303 0.050926
1 0.629277 0.853241 0.020039 0.034259
1 0.693548 0.342593 0.030303 0.050000
1 0.700391 0.287037 0.037146 0.057407
1 0.740714 0.279167 0.031769 0.060185
1 0.711388 0.469444 0.021017 0.048148
1 0.682796 0.498148 0.022483 0.044444
1 0.607283 0.358333 0.026882 0.033333
1 0.694037 0.055556 0.031281 0.038889
1 0.715298 0.015278 0.031769 0.028704
1 0.490958 0.042593 0.038612 0.057407
1 0.503666 0.468981 0.017107 0.043519
1 0.863392 0.431019 0.027859 0.086111
1 0.847996 0.373611 0.030303 0.067593
1 0.819648 0.353704 0.024438 0.046296
1 0.950880 0.608796 0.026882 0.060185
1 0.934751 0.695833 0.035679 0.052778
1 0.959922 0.791667 0.048876 0.055556
1 0.957234 0.877315 0.032747 0.063889
1 0.945259 0.836574 0.029326 0.049074
1 0.869501 0.818056 0.017595 0.058333
1 0.856061 0.898148 0.027859 0.079630
1 0.987537 0.857870 0.012219 0.041667
1 0.956745 0.975000 0.042522 0.044444
1 0.954545 0.510648 0.029326 0.065741
1 0.989247 0.275463 0.015640 0.052778
1 0.953812 0.247222 0.032747 0.061111
1 0.963099 0.142593 0.022972 0.037037
1 0.942815 0.103704 0.029326 0.048148
1 0.856061 0.179630 0.034702 0.046296
1 0.576491 0.030093 0.021017 0.032407
0 0.798143 0.084722 0.125122 0.167593
0 0.777859 0.218981 0.117791 0.147222