1 0.195503 0.269444 0.047898 0.079630
1 0.182063 0.590278 0.049365 0.082407
1 0.178886 0.498148 0.035191 0.088889
1 0.207234 0.362500 0.043988 0.058333
1 0.040323 0.834259 0.036657 0.064815
0 0.425220 0.154630 0.219941 0.300000
0 0.485337 0.547222 0.130987 0.700000
0 0.491447 0.835648 0.195015 0.295370
1 0.661046 0.579630 0.048387 0.050000
1 0.711632 0.647685 0.055718 0.075000
1 0.779081 0.685185 0.043011 0.077778
1 0.927664 0.533796 0.043011 0.049074
1 0.910313 0.575000 0.055230 0.061111
1 0.945748 0.632407 0.057674 0.033333
1 0.705034 0.897685 0.039589 0.060185
1 0.608016 0.753241 0.022483 0.050926
1 0.758309 0.850926 0.025904 0.085185
1 0.901271 0.891667 0.045943 0.037037
1 0.337977 0.687037 0.034702 0.096296
1 0.757820 0.132407 0.035679 0.087037
1 0.864125 0.417593 0.076246 0.150000
1 0.572825 0.062037 0.029326 0.048148
1 0.590665 0.378241 0.033724 0.052778
1 0.143206 0.163889 0.033236 0.053704
1 0.979228 0.363426 0.038612 0.060185