1 0.373167 0.455556 0.034702 0.053704
1 0.030059 0.865741 0.045455 0.053704
1 0.116325 0.744444 0.018573 0.046296
1 0.108016 0.789815 0.023460 0.035185
1 0.111681 0.609722 0.020039 0.056481
1 0.286901 0.084259 0.029326 0.040741
1 0.280547 0.055093 0.011730 0.037963
1 0.231672 0.059259 0.077224 0.070370
1 0.236804 0.461111 0.033724 0.059259
1 0.229961 0.494444 0.059140 0.081481
1 0.247556 0.535185 0.023949 0.029630
0 0.215787 0.730093 0.119746 0.212037
1 0.197458 0.630093 0.130987 0.150926
0 0.242180 0.204167 0.118768 0.249074
1 0.209433 0.124537 0.033724 0.043519
1 0.217009 0.095370 0.031281 0.077778
1 0.273705 0.021296 0.052786 0.042593
1 0.238514 0.365741 0.013685 0.022222
1 0.505376 0.350926 0.018573 0.037037
1 0.636119 0.556481 0.029814 0.066667
1 0.568671 0.606019 0.027859 0.039815
1 0.630743 0.609722 0.026882 0.034259
1 0.607771 0.624074 0.028837 0.040741
1 0.552297 0.946759 0.021505 0.039815
1 0.532991 0.075926 0.035679 0.087037
1 0.759531 0.272222 0.030303 0.044444
1 0.762952 0.375926 0.024438 0.038889
1 0.778592 0.476852 0.030303 0.044444
1 0.808162 0.406019 0.026882 0.026852
0 0.768573 0.216667 0.075758 0.114815
1 0.848485 0.185185 0.028348 0.053704
1 0.713587 0.657870 0.024438 0.075000
1 0.686461 0.568981 0.017107 0.036111
1 0.738759 0.600926 0.015152 0.031481
1 0.808407 0.572685 0.006843 0.017593
1 0.827224 0.663426 0.006354 0.015741
0 0.751222 0.096296 0.125122 0.192593
1 0.849218 0.926852 0.029814 0.029630
1 0.766373 0.936574 0.019550 0.032407
1 0.788123 0.926852 0.017107 0.035185
1 0.921310 0.867593 0.036168 0.062963
1 0.949169 0.811574 0.018573 0.036111
1 0.949658 0.783333 0.024438 0.031481
1 0.951124 0.775926 0.009775 0.050000
1 0.979472 0.779630 0.017595 0.031481
1 0.913001 0.449074 0.026393 0.051852
1 0.935484 0.468519 0.014663 0.022222
1 0.940127 0.402315 0.022972 0.043519
1 0.933773 0.364352 0.018084 0.047222
1 0.935239 0.479630 0.010264 0.012963
1 0.905425 0.411111 0.012219 0.025926
1 0.497067 0.694907 0.009775 0.017593
1 0.533724 0.782870 0.018573 0.032407
1 0.205767 0.372222 0.011730 0.018519
1 0.253177 0.374074 0.023460 0.103704
1 0.249267 0.914815 0.018573 0.033333
1 0.379521 0.087037 0.033724 0.022222
1 0.338710 0.764815 0.018573 0.044444