1 0.030792 0.793056 0.061584 0.191667
1 0.124633 0.732407 0.028348 0.040741
1 0.137341 0.626389 0.019550 0.028704
1 0.168133 0.763426 0.016618 0.049074
1 0.039101 0.114815 0.026393 0.024074
1 0.027615 0.128704 0.055230 0.257407
1 0.012708 0.359722 0.025415 0.089815
1 0.250733 0.386111 0.015640 0.025926
1 0.335777 0.253241 0.020528 0.069444
1 0.302542 0.204630 0.015640 0.025926
1 0.287146 0.111111 0.014174 0.027778
1 0.156891 0.148611 0.013685 0.039815
1 0.151026 0.024074 0.021505 0.022222
0 0.448436 0.785648 0.302542 0.421296
1 0.639541 0.983796 0.020039 0.017593
1 0.549609 0.950000 0.018084 0.031481
1 0.574291 0.736111 0.078201 0.096296
1 0.664223 0.750000 0.083089 0.107407
1 0.688661 0.713889 0.012708 0.020370
1 0.697947 0.579167 0.034213 0.073148
1 0.637830 0.432870 0.019550 0.039815
0 0.466520 0.546759 0.262463 0.323148
0 0.398583 0.238889 0.349462 0.477778
0 0.553763 0.095833 0.081134 0.189815
1 0.591398 0.037037 0.024438 0.072222
1 0.674487 0.042130 0.052786 0.080556
1 0.469453 0.455093 0.018084 0.039815
1 0.773949 0.584722 0.050342 0.082407
1 0.867546 0.421759 0.031281 0.060185
1 0.945503 0.327315 0.016129 0.036111
1 0.990225 0.577315 0.015640 0.056481
1 0.974340 0.885648 0.032747 0.069444
1 0.800342 0.416667 0.110948 0.212963
1 0.724829 0.431481 0.012708 0.033333
1 0.809629 0.056944 0.033724 0.058333