1 0.055718 0.100926 0.052786 0.037037
1 0.204057 0.108333 0.030792 0.051852
1 0.243646 0.073611 0.085533 0.082407
1 0.419599 0.191667 0.048387 0.068519
1 0.418622 0.229630 0.014174 0.037037
1 0.402981 0.314815 0.078690 0.161111
0 0.308162 0.348148 0.129521 0.355556
1 0.222141 0.450000 0.056207 0.120370
1 0.188661 0.440741 0.030303 0.048148
0 0.306696 0.558333 0.100196 0.144444
1 0.376100 0.553704 0.025904 0.022222
1 0.350196 0.608796 0.036657 0.032407
1 0.040078 0.752778 0.048876 0.116667
1 0.219208 0.788889 0.043500 0.092593
1 0.318671 0.685185 0.043988 0.046296
1 0.349462 0.717130 0.039101 0.082407
0 0.304985 0.857870 0.159335 0.184259
1 0.361926 0.809722 0.050342 0.126852
1 0.392962 0.881481 0.064516 0.129630
1 0.412757 0.971759 0.024927 0.041667
1 0.507331 0.039352 0.065494 0.075000
1 0.512952 0.111574 0.024927 0.041667
1 0.546188 0.089352 0.035679 0.099074
1 0.520528 0.180093 0.035191 0.069444
1 0.477761 0.238426 0.044477 0.106481
1 0.461632 0.350463 0.032747 0.058333
1 0.486070 0.327778 0.043500 0.029630
1 0.459677 0.493519 0.055230 0.107407
1 0.527126 0.421759 0.030792 0.102778
1 0.665689 0.076389 0.099707 0.149074
1 0.691838 0.285185 0.028837 0.055556
1 0.724340 0.373611 0.041056 0.089815
1 0.651515 0.529167 0.043988 0.082407
1 0.627810 0.454630 0.095308 0.116667
1 0.632209 0.382407 0.063050 0.122222
1 0.737537 0.456481 0.053763 0.085185
1 0.755865 0.243056 0.053275 0.043519
1 0.475318 0.625926 0.025904 0.055556
1 0.495846 0.661574 0.042522 0.067593
1 0.606794 0.750926 0.041544 0.074074
1 0.736804 0.598611 0.037634 0.087963
1 0.678886 0.847685 0.040078 0.065741
1 0.604106 0.937963 0.075269 0.111111
1 0.577468 0.879167 0.045455 0.073148
1 0.638807 0.825463 0.038123 0.152778
0 0.831867 0.923148 0.096774 0.151852
0 0.819404 0.730556 0.172532 0.325926
0 0.833089 0.501852 0.174487 0.218519
0 0.815005 0.140278 0.152981 0.167593
1 0.830401 0.243519 0.036168 0.064815
1 0.894917 0.158333 0.037146 0.061111
1 0.957234 0.199537 0.039589 0.095370
1 0.980450 0.144907 0.038123 0.095370
1 0.963587 0.118519 0.035679 0.083333
1 0.978006 0.208796 0.027370 0.082407
0 0.829912 0.353241 0.103617 0.195370
1 0.943060 0.527315 0.031769 0.065741
1 0.970186 0.456019 0.055718 0.113889