1 0.294477 0.500463 0.030792 0.041667
1 0.375611 0.481019 0.025904 0.028704
1 0.361926 0.417593 0.016129 0.029630
1 0.277370 0.110648 0.008309 0.013889
1 0.301075 0.012037 0.008798 0.012963
0 0.477517 0.064815 0.035191 0.129630
1 0.508553 0.021296 0.033724 0.042593
1 0.467253 0.834722 0.009775 0.028704
1 0.392473 0.937963 0.009775 0.009259
1 0.416911 0.908333 0.010753 0.020370
1 0.321114 0.518981 0.009775 0.012037
1 0.742180 0.875926 0.105083 0.175926
1 0.767595 0.693981 0.009286 0.021296
1 0.576979 0.058333 0.014174 0.050000
1 0.638563 0.036574 0.056207 0.073148
0 0.495601 0.236111 0.272727 0.238889
0 0.528104 0.481019 0.333822 0.532407
0 0.548631 0.870370 0.181329 0.255556
1 0.002444 0.841204 0.004888 0.015741
1 0.042278 0.868981 0.011241 0.019444