1 0.691349 0.990741 0.019062 0.016667
1 0.399316 0.984722 0.030303 0.028704
1 0.253666 0.975926 0.030303 0.046296
1 0.075513 0.901389 0.010264 0.015741
1 0.663490 0.876389 0.023949 0.049074
1 0.745846 0.850926 0.026393 0.029630
1 0.626588 0.856481 0.033236 0.059259
1 0.099462 0.822685 0.022972 0.049074
1 0.172776 0.810648 0.017107 0.028704
1 0.661535 0.793981 0.015152 0.032407
1 0.721896 0.801389 0.042033 0.071296
1 0.950880 0.737500 0.016129 0.032407
1 0.903715 0.678241 0.009775 0.013889
1 0.732160 0.683333 0.031281 0.031481
1 0.171554 0.668056 0.009775 0.021296
1 0.978739 0.682407 0.024927 0.066667
1 0.928886 0.676389 0.033724 0.060185
1 0.208456 0.638889 0.015152 0.029630
1 0.222385 0.623148 0.017595 0.027778
1 0.454545 0.588426 0.021505 0.041667
1 0.596041 0.557870 0.016129 0.017593
1 0.706500 0.581944 0.059140 0.078704
1 0.146872 0.547222 0.021017 0.038889
1 0.003666 0.526389 0.007331 0.030556
1 0.991691 0.531944 0.015640 0.056481
1 0.632698 0.512963 0.016129 0.040741
1 0.787146 0.487037 0.036657 0.055556
1 0.381232 0.424537 0.015640 0.032407
1 0.427908 0.419907 0.020039 0.054630
1 0.501466 0.417130 0.035191 0.060185
1 0.691838 0.406019 0.034702 0.062037
1 0.158113 0.373611 0.009286 0.028704
1 0.225806 0.342130 0.011730 0.026852
1 0.289101 0.314815 0.017107 0.022222
1 0.989736 0.320370 0.019550 0.053704
1 0.528348 0.304167 0.029326 0.043519
1 0.129765 0.294444 0.021994 0.051852
1 0.519550 0.249074 0.011730 0.033333
1 0.054008 0.240741 0.016129 0.025926
1 0.208944 0.244444 0.023949 0.044444
1 0.993157 0.244907 0.012708 0.047222
1 0.518573 0.109259 0.020528 0.031481
1 0.003177 0.096296 0.006354 0.035185
1 0.040567 0.079167 0.022483 0.030556
1 0.972141 0.108333 0.054741 0.090741
1 0.134409 0.065278 0.023460 0.045370
1 0.199902 0.040278 0.010753 0.012037
1 0.503177 0.044444 0.071848 0.088889
1 0.225318 0.005556 0.012708 0.011111
1 0.008065 0.184259 0.016129 0.024074
1 0.074780 0.325463 0.020528 0.037963
1 0.098974 0.319444 0.036657 0.046296
1 0.078935 0.390278 0.026882 0.028704
1 0.002933 0.591204 0.005865 0.026852
1 0.211877 0.084259 0.006354 0.016667
1 0.216520 0.088889 0.007820 0.024074
1 0.243891 0.347222 0.009775 0.018519
1 0.189394 0.487037 0.012219 0.022222
1 0.340909 0.841204 0.039589 0.073148
1 0.319159 0.801852 0.013685 0.020370
1 0.323314 0.637037 0.021017 0.055556
1 0.313539 0.614352 0.035679 0.026852
1 0.234115 0.523148 0.022483 0.053704
1 0.282258 0.142593 0.040567 0.096296
1 0.250978 0.177778 0.016129 0.027778
1 0.304985 0.071759 0.034213 0.069444
1 0.318426 0.080556 0.007331 0.007407
1 0.320137 0.010185 0.018573 0.020370
1 0.315738 0.027315 0.017595 0.025000
1 0.413490 0.442130 0.015640 0.030556
1 0.439150 0.388889 0.027859 0.037037
1 0.442082 0.455556 0.019062 0.042593
1 0.435728 0.538426 0.021017 0.049074
1 0.388074 0.610648 0.019550 0.039815
1 0.389296 0.782407 0.032747 0.062963
0 0.565494 0.061111 0.073314 0.122222
1 0.575269 0.111574 0.017595 0.036111
1 0.612414 0.028241 0.009775 0.023148
1 0.487048 0.984259 0.032747 0.020370
0 0.532991 0.864815 0.143206 0.229630
1 0.540078 0.531944 0.023460 0.075000
0 0.574291 0.605556 0.053763 0.240741
1 0.538123 0.693981 0.105572 0.215741
0 0.568426 0.220833 0.059629 0.108333
1 0.623167 0.296759 0.025415 0.039815
1 0.647361 0.325000 0.047410 0.062963
1 0.600196 0.297685 0.026393 0.065741
1 0.550342 0.340741 0.048876 0.116667
1 0.534213 0.431019 0.021505 0.065741
1 0.550098 0.443056 0.019062 0.037963
1 0.607038 0.391667 0.011730 0.042593
1 0.747556 0.716204 0.021994 0.039815
1 0.725562 0.975926 0.010264 0.037037
1 0.803519 0.824537 0.026393 0.063889
1 0.839932 0.748148 0.013196 0.025926
1 0.974829 0.444907 0.037634 0.060185
1 0.980694 0.405556 0.013196 0.027778
1 0.983138 0.425463 0.021017 0.025000
1 0.849707 0.575000 0.033724 0.109259
1 0.842375 0.693519 0.106061 0.203704
1 0.913245 0.821296 0.096285 0.198148
1 0.931329 0.803241 0.015152 0.047222
1 0.985093 0.943519 0.027859 0.111111
1 0.992669 0.425463 0.013685 0.073148