1 0.409091 0.963426 0.020528 0.036111
1 0.732893 0.954630 0.021017 0.048148
1 0.458944 0.883333 0.015640 0.027778
1 0.339687 0.862037 0.017595 0.031481
1 0.491202 0.813426 0.022483 0.045370
1 0.885386 0.756481 0.019062 0.022222
1 0.761975 0.629630 0.026393 0.051852
1 0.347507 0.624537 0.020528 0.036111
1 0.169599 0.625463 0.016618 0.041667
1 0.281281 0.621759 0.020039 0.037963
1 0.459922 0.618056 0.020528 0.045370
1 0.903226 0.599074 0.019550 0.059259
1 0.459922 0.568519 0.031281 0.044444
1 0.647849 0.518981 0.034702 0.039815
1 0.806207 0.558796 0.067937 0.119444
1 0.438416 0.491667 0.029326 0.061111
1 0.884409 0.423611 0.021994 0.062037
1 0.411779 0.454167 0.031769 0.056481
1 0.010997 0.406944 0.021994 0.034259
1 0.743157 0.361111 0.027859 0.061111
1 0.423998 0.224074 0.023949 0.066667
1 0.445503 0.265741 0.041544 0.064815
1 0.570381 0.260648 0.026393 0.058333
1 0.546921 0.207870 0.043011 0.065741
1 0.066960 0.151852 0.031281 0.024074
1 0.894673 0.124537 0.017107 0.045370
1 0.408847 0.125000 0.028837 0.055556
0 0.264663 0.103241 0.113881 0.206481
1 0.067204 0.015741 0.020039 0.031481
0 0.793744 0.892593 0.120235 0.212963
0 0.227028 0.763889 0.093353 0.361111
1 0.289101 0.718056 0.083578 0.125000
1 0.274194 0.936111 0.032258 0.040741
0 0.291544 0.325000 0.101173 0.261111
0 0.236070 0.487500 0.130987 0.293519
1 0.195992 0.339815 0.022483 0.081481
1 0.358016 0.293981 0.023949 0.023148
1 0.294966 0.197222 0.022972 0.035185
1 0.197947 0.088889 0.020528 0.024074
1 0.565738 0.138889 0.036657 0.050000
1 0.501955 0.560648 0.022483 0.023148
0 0.800831 0.065741 0.054252 0.131481
1 0.857527 0.182870 0.101173 0.182407
0 0.810117 0.318056 0.081623 0.175000
1 0.880499 0.943981 0.018084 0.023148
1 0.759531 0.087963 0.022483 0.051852