0 0.674731 0.978704 0.014174 0.040741
1 0.858749 0.909259 0.022483 0.035185
0 0.773460 0.931019 0.179374 0.136111
1 0.858016 0.847222 0.031769 0.046296
1 0.953324 0.824074 0.029814 0.042593
1 0.754888 0.817130 0.016129 0.034259
1 0.657136 0.736574 0.014174 0.025000
1 0.924976 0.679630 0.026882 0.035185
1 0.432551 0.684722 0.036168 0.086111
1 0.673754 0.588889 0.026882 0.038889
1 0.263930 0.541667 0.050831 0.085185
1 0.445259 0.411574 0.083089 0.123148
1 0.346041 0.093056 0.011730 0.013889
1 0.518573 0.043056 0.015640 0.032407
0 0.252444 0.054630 0.209677 0.109259
1 0.226051 0.091667 0.047410 0.051852
0 0.241202 0.172222 0.187195 0.253704
0 0.239980 0.327778 0.144673 0.372222
1 0.291789 0.388889 0.062561 0.092593
1 0.468964 0.274537 0.013196 0.012037
1 0.180108 0.506481 0.098240 0.327778
1 0.154203 0.613889 0.069892 0.092593
1 0.112414 0.574537 0.031281 0.043519
0 0.250244 0.749537 0.227761 0.250926
1 0.247801 0.889352 0.117302 0.210185
1 0.464076 0.644444 0.035679 0.048148
1 0.853128 0.752315 0.065982 0.099074
1 0.891740 0.725463 0.027859 0.067593
0 0.794233 0.663426 0.140762 0.184259
0 0.802053 0.493056 0.097752 0.191667
0 0.781525 0.215278 0.107527 0.252778
1 0.741935 0.257870 0.010753 0.028704
0 0.794477 0.059259 0.114858 0.118519
1 0.855816 0.028704 0.032258 0.055556