0 0.209677 0.962500 0.160313 0.073148
1 0.855083 0.908796 0.008309 0.019444
1 0.489247 0.785648 0.025415 0.047222
0 0.248534 0.855556 0.130499 0.181481
1 0.424242 0.760648 0.018573 0.032407
1 0.404692 0.687963 0.030303 0.068519
1 0.060606 0.660648 0.015640 0.032407
1 0.540078 0.624074 0.032258 0.051852
0 0.230938 0.679630 0.180352 0.283333
1 0.406891 0.555556 0.027859 0.085185
1 0.673998 0.494444 0.014663 0.031481
1 0.511486 0.336111 0.036657 0.072222
1 0.722141 0.269907 0.028837 0.037963
1 0.953568 0.235648 0.007820 0.060185
1 0.476051 0.271296 0.031281 0.051852
1 0.986315 0.156481 0.026393 0.068519
1 0.459922 0.123611 0.007820 0.019444
1 0.500244 0.039352 0.031769 0.047222
0 0.779814 0.075463 0.140274 0.150926
0 0.213832 0.072222 0.146139 0.142593
1 0.281525 0.091204 0.090909 0.130556
1 0.282014 0.229167 0.147605 0.208333
1 0.178886 0.161111 0.066471 0.120370
0 0.228983 0.244907 0.107038 0.271296
0 0.223363 0.446759 0.135875 0.121296
1 0.143695 0.417593 0.097752 0.116667
1 0.799853 0.410648 0.106061 0.223148
0 0.763441 0.330556 0.153470 0.222222
0 0.763441 0.526389 0.108504 0.154630
1 0.768328 0.198148 0.045943 0.092593
1 0.810606 0.902778 0.070870 0.094444
1 0.842864 0.832870 0.065005 0.110185
0 0.744624 0.727778 0.082600 0.311111
1 0.818182 0.720370 0.105572 0.198148
1 0.716764 0.571296 0.029814 0.051852
1 0.792522 0.631481 0.028837 0.037037
1 0.826491 0.594907 0.041056 0.171296
0 0.783236 0.913426 0.136364 0.169444