1 0.772972 0.896759 0.018084 0.037963
1 0.219941 0.872222 0.017595 0.044444
1 0.232649 0.691204 0.023460 0.052778
1 0.663978 0.694444 0.047410 0.127778
1 0.075269 0.529167 0.018573 0.052778
1 0.888563 0.249074 0.011730 0.029630
1 0.713832 0.231019 0.012219 0.017593
0 0.847752 0.044444 0.098240 0.088889
1 0.739247 0.019444 0.028837 0.038889
1 0.863636 0.747222 0.018573 0.029630
1 0.879521 0.837037 0.008309 0.024074
1 0.849462 0.930556 0.015640 0.046296
1 0.826491 0.934259 0.018573 0.050000
0 0.282014 0.918056 0.131965 0.158333
0 0.295943 0.783796 0.185239 0.110185
1 0.167400 0.513426 0.041544 0.087963
1 0.247801 0.359722 0.009775 0.021296
1 0.260753 0.246296 0.055230 0.096296
0 0.321848 0.116204 0.153959 0.202778
0 0.332356 0.018519 0.044966 0.037037
1 0.323069 0.300463 0.046921 0.100926
1 0.324047 0.395370 0.046921 0.064815
1 0.314272 0.421759 0.046921 0.132407
1 0.267107 0.192130 0.086510 0.100926
1 0.640274 0.107407 0.055718 0.072222
1 0.485337 0.214815 0.035191 0.053704
0 0.290567 0.568519 0.165689 0.259259
1 0.341642 0.657870 0.074291 0.104630
0 0.306452 0.686574 0.125122 0.123148
0 0.796188 0.715278 0.126100 0.141667
1 0.788612 0.661574 0.020039 0.113889
0 0.808895 0.549074 0.090909 0.216667
0 0.815005 0.416204 0.065982 0.195370