1 0.076735 0.704167 0.015640 0.030556
1 0.717498 0.643056 0.020528 0.075000
1 0.563294 0.566204 0.004399 0.017593
1 0.009531 0.538889 0.019062 0.061111
1 0.409335 0.556944 0.022972 0.050926
1 0.662268 0.287963 0.015640 0.048148
1 0.618524 0.297685 0.040567 0.075000
1 0.606549 0.164352 0.017595 0.037963
1 0.114614 0.050926 0.036657 0.059259
1 0.975318 0.007407 0.013196 0.014815
1 0.874878 0.009722 0.013685 0.019444
0 0.632454 0.012963 0.036168 0.025926
1 0.066960 0.139815 0.023460 0.066667
1 0.097019 0.188889 0.055230 0.075926
1 0.159335 0.119907 0.026393 0.037963
1 0.241447 0.017593 0.025415 0.035185
1 0.161046 0.273148 0.067937 0.112963
1 0.119257 0.445833 0.025415 0.050926
1 0.196237 0.382407 0.024927 0.048148
1 0.111437 0.580556 0.044966 0.096296
1 0.046432 0.744907 0.028348 0.028704
1 0.087243 0.904630 0.059140 0.098148
1 0.150049 0.914815 0.041056 0.044444
1 0.195015 0.591667 0.064516 0.077778
1 0.199902 0.494907 0.022483 0.034259
1 0.267840 0.693056 0.024438 0.043519
1 0.115836 0.732870 0.022483 0.056481
1 0.156647 0.725463 0.045455 0.069444
1 0.188661 0.709259 0.032258 0.059259
1 0.174487 0.754167 0.040078 0.058333
1 0.853617 0.716667 0.032747 0.033333
1 0.839198 0.802778 0.021505 0.038889
1 0.855572 0.778704 0.026882 0.038889
1 0.279081 0.410648 0.030303 0.065741
1 0.380987 0.227778 0.021994 0.048148
1 0.365347 0.340741 0.033724 0.085185
1 0.380499 0.064352 0.038612 0.080556
1 0.395161 0.006019 0.041544 0.012037
1 0.332845 0.701852 0.039101 0.070370
1 0.369746 0.606019 0.042522 0.076852
1 0.376588 0.649537 0.026882 0.047222
1 0.391007 0.659259 0.026393 0.064815
1 0.427419 0.670833 0.030792 0.087963
1 0.391496 0.770370 0.034213 0.088889
1 0.375611 0.887037 0.030792 0.042593
0 0.579668 0.877315 0.304985 0.237963
1 0.495112 0.872222 0.025415 0.042593
0 0.548631 0.827315 0.317204 0.341667
1 0.515885 0.730556 0.033724 0.068519
1 0.680596 0.832870 0.026882 0.063889
1 0.520528 0.612500 0.027370 0.041667
1 0.515640 0.644907 0.012708 0.013889
1 0.560606 0.612500 0.027370 0.071296
1 0.542278 0.541204 0.030792 0.056481
1 0.545943 0.572222 0.014663 0.027778
1 0.510753 0.676389 0.014663 0.034259
1 0.531281 0.506481 0.052786 0.090741
1 0.481183 0.465741 0.029814 0.046296
1 0.495357 0.460648 0.010264 0.043519
1 0.537879 0.454630 0.032747 0.044444
0 0.509531 0.587500 0.034702 0.080556
0 0.500000 0.370833 0.161290 0.175000
1 0.582600 0.364352 0.022483 0.054630
1 0.450880 0.340741 0.029814 0.061111
1 0.500978 0.267130 0.038123 0.058333
1 0.508553 0.189352 0.059140 0.067593
0 0.520039 0.180093 0.142717 0.360185
1 0.925220 0.521759 0.015640 0.063889
1 0.934262 0.565278 0.025904 0.030556
1 0.963832 0.536574 0.022483 0.062037
1 0.951124 0.614352 0.014663 0.023148
1 0.982893 0.980556 0.024438 0.024074
1 0.976295 0.970833 0.009286 0.056481
1 0.622923 0.731944 0.028837 0.045370
1 0.635875 0.760648 0.049853 0.097222
1 0.629277 0.671296 0.034702 0.070370
1 0.656891 0.647222 0.044966 0.079630
1 0.669844 0.632407 0.016129 0.035185
1 0.703812 0.727315 0.019550 0.034259
1 0.706989 0.749074 0.018084 0.042593
1 0.905670 0.949537 0.016618 0.071296
1 0.923754 0.952778 0.022483 0.027778
1 0.837488 0.930093 0.022972 0.067593
1 0.829912 0.900463 0.024438 0.034259
1 0.844575 0.916667 0.019550 0.033333
1 0.829668 0.969444 0.036657 0.046296
1 0.870479 0.975463 0.030303 0.047222
1 0.859971 0.879630 0.031769 0.057407
1 0.888807 0.868519 0.060117 0.116667
1 0.922532 0.875926 0.027859 0.035185
1 0.925709 0.831944 0.020528 0.039815
1 0.940860 0.837963 0.013685 0.024074
1 0.953324 0.799537 0.031769 0.045370
1 0.981672 0.780556 0.035679 0.048148
1 0.991447 0.792593 0.015152 0.040741
1 0.961632 0.844444 0.025904 0.038889
1 0.968231 0.865278 0.014663 0.028704
1 0.767351 0.936111 0.025415 0.042593
1 0.991935 0.599537 0.014174 0.054630
1 0.973118 0.650000 0.050831 0.042593
1 0.902737 0.672222 0.067449 0.105556
1 0.905670 0.779630 0.022483 0.027778
1 0.918622 0.743519 0.058162 0.083333
1 0.832356 0.609722 0.035191 0.060185
1 0.852884 0.587037 0.025415 0.057407
1 0.871212 0.605093 0.009286 0.052778
1 0.829912 0.461111 0.022483 0.042593
1 0.909824 0.331481 0.037634 0.061111
1 0.947214 0.306944 0.018573 0.026852
1 0.969453 0.331481 0.049365 0.083333
1 0.962121 0.395370 0.047410 0.079630
1 0.928641 0.381019 0.019550 0.028704
1 0.851662 0.328704 0.018084 0.029630
1 0.863392 0.320370 0.021017 0.055556
1 0.873167 0.268519 0.022972 0.059259
1 0.827468 0.377778 0.031281 0.059259
1 0.853861 0.381019 0.031281 0.037963
1 0.749267 0.473148 0.022483 0.037037
1 0.781525 0.311111 0.036168 0.059259
1 0.766862 0.362037 0.029326 0.074074
1 0.718964 0.392593 0.023460 0.037037
1 0.741691 0.378241 0.013196 0.039815
1 0.677419 0.067593 0.034213 0.042593
1 0.728250 0.097222 0.022483 0.059259
1 0.752688 0.163426 0.042033 0.075000
1 0.748045 0.251852 0.044477 0.085185
1 0.617791 0.509722 0.010753 0.028704
1 0.649316 0.413889 0.011241 0.064815
1 0.660802 0.364815 0.029326 0.046296
1 0.678641 0.356481 0.036657 0.057407
1 0.640274 0.242593 0.033236 0.062963
1 0.634409 0.163889 0.038123 0.057407
1 0.659824 0.181481 0.008798 0.059259
1 0.830156 0.198148 0.018084 0.038889
1 0.901515 0.189815 0.018084 0.025926
1 0.837732 0.131019 0.046921 0.082407
1 0.878299 0.139352 0.024438 0.049074
1 0.831134 0.233796 0.015152 0.008333
1 0.919355 0.218981 0.022483 0.034259
1 0.939394 0.006481 0.004888 0.012963
1 0.954057 0.053704 0.025415 0.042593
1 0.981183 0.072222 0.022972 0.031481
1 0.938905 0.155093 0.032258 0.049074
1 0.972385 0.133333 0.027859 0.066667
1 0.978739 0.184722 0.040567 0.080556
1 0.962854 0.230093 0.043011 0.043519
1 0.960166 0.197685 0.009286 0.030556