1 0.503910 0.939352 0.013685 0.025000
1 0.524438 0.890278 0.014663 0.034259
1 0.556207 0.881481 0.023460 0.057407
1 0.547165 0.836111 0.011241 0.012963
1 0.475073 0.824074 0.017595 0.042593
1 0.484604 0.770370 0.016129 0.061111
1 0.942326 0.738426 0.024438 0.049074
1 0.616813 0.714352 0.008798 0.026852
1 0.981183 0.700926 0.026882 0.066667
1 0.861681 0.698611 0.031281 0.050926
1 0.402981 0.677778 0.023949 0.040741
1 0.722141 0.630556 0.016129 0.059259
1 0.396139 0.637037 0.023949 0.038889
1 0.949413 0.610185 0.020039 0.044444
1 0.951369 0.514352 0.030792 0.069444
1 0.742424 0.503241 0.029326 0.045370
1 0.851417 0.506019 0.031281 0.069444
1 0.872678 0.471296 0.024927 0.040741
1 0.913978 0.459259 0.026393 0.038889
1 0.949169 0.429630 0.027370 0.055556
1 0.866080 0.163426 0.013685 0.032407
1 0.109971 0.159722 0.030303 0.073148
1 0.100684 0.090741 0.030303 0.033333
1 0.087732 0.066204 0.035679 0.054630
1 0.141496 0.035648 0.031769 0.069444
1 0.155181 0.082870 0.017107 0.037963
1 0.157625 0.137500 0.019062 0.032407
1 0.169599 0.103241 0.027370 0.037963
1 0.057185 0.011574 0.020528 0.019444
1 0.004154 0.243056 0.006354 0.049074
1 0.104350 0.331481 0.024927 0.044444
1 0.061339 0.368981 0.025904 0.026852
1 0.099218 0.442593 0.031281 0.053704
1 0.105083 0.504167 0.037146 0.060185
1 0.103861 0.539352 0.027859 0.030556
1 0.079912 0.558333 0.021994 0.064815
1 0.013930 0.481481 0.027859 0.038889
1 0.017595 0.460185 0.035191 0.027778
1 0.042522 0.537963 0.017595 0.042593
1 0.058651 0.548611 0.035191 0.041667
1 0.130987 0.618981 0.028348 0.041667
1 0.006598 0.947685 0.010264 0.032407
1 0.054741 0.963426 0.027370 0.045370
1 0.250733 0.961574 0.053763 0.075000
1 0.051808 0.750463 0.022483 0.043519
1 0.099707 0.756481 0.028348 0.050000
1 0.124145 0.820833 0.013685 0.045370
1 0.188905 0.791204 0.016129 0.036111
0 0.533480 0.863889 0.352395 0.270370
1 0.459922 0.952315 0.018573 0.036111
1 0.580645 0.963889 0.018573 0.040741
1 0.746823 0.915278 0.029326 0.047222
1 0.787146 0.868519 0.028837 0.035185
1 0.801564 0.855556 0.012708 0.029630
1 0.749756 0.824074 0.015640 0.029630
1 0.713587 0.880556 0.023460 0.053704
1 0.729961 0.889352 0.014174 0.045370
1 0.736070 0.859722 0.018573 0.025000
1 0.752688 0.866667 0.010753 0.027778
1 0.752444 0.886574 0.021994 0.013889
1 0.753177 0.787500 0.017595 0.030556
1 0.632209 0.870833 0.038612 0.054630
0 0.570137 0.551852 0.276149 0.664815
1 0.528837 0.565741 0.021505 0.040741
1 0.399316 0.454630 0.024438 0.051852
1 0.387830 0.361574 0.021017 0.076852
0 0.548143 0.318056 0.309384 0.215741
1 0.479228 0.366667 0.010264 0.033333
1 0.440860 0.362963 0.014663 0.022222
1 0.432551 0.209259 0.030303 0.027778
1 0.556940 0.162037 0.020039 0.048148
1 0.500489 0.129630 0.020528 0.025926
0 0.529081 0.112500 0.215543 0.225000
1 0.395894 0.091204 0.020528 0.026852
1 0.408358 0.050463 0.012219 0.037963
1 0.379765 0.023148 0.017595 0.038889
1 0.290567 0.675000 0.017107 0.046296
1 0.290567 0.752315 0.015152 0.028704
1 0.296676 0.553704 0.042033 0.042593
1 0.229472 0.570833 0.022972 0.054630
1 0.234604 0.537963 0.026393 0.057407
1 0.251222 0.517593 0.019550 0.042593
1 0.265885 0.545370 0.026393 0.048148
1 0.250244 0.378704 0.019550 0.079630
1 0.287390 0.388426 0.030303 0.052778
1 0.280547 0.349074 0.030303 0.055556
1 0.234604 0.307870 0.023460 0.045370
1 0.252444 0.277778 0.033724 0.035185
1 0.262463 0.307870 0.023460 0.039815
1 0.329423 0.284259 0.020528 0.031481
1 0.312805 0.278704 0.017595 0.033333
1 0.269062 0.188426 0.029814 0.054630
1 0.319404 0.228241 0.033724 0.056481
1 0.273216 0.135648 0.017595 0.039815
1 0.309140 0.075000 0.025904 0.050000
1 0.245112 0.034259 0.021994 0.048148
1 0.261975 0.022222 0.029326 0.042593
1 0.232405 0.012037 0.013196 0.022222
1 0.747556 0.100000 0.020039 0.051852
1 0.775171 0.109259 0.023460 0.050000
1 0.797898 0.071759 0.025904 0.058333
1 0.758309 0.181944 0.031769 0.069444
1 0.683529 0.362500 0.025904 0.045370
1 0.714565 0.374074 0.018573 0.024074
1 0.740469 0.332407 0.038123 0.044444
1 0.751222 0.350000 0.030303 0.050000
1 0.746090 0.410185 0.018084 0.037037
1 0.759775 0.396759 0.027859 0.039815
1 0.767351 0.368519 0.014663 0.022222
1 0.806207 0.360185 0.017107 0.038889
1 0.747801 0.543519 0.021505 0.027778
1 0.814761 0.571759 0.030303 0.062037
1 0.908602 0.093981 0.016618 0.034259
1 0.918866 0.122685 0.018573 0.045370
1 0.932796 0.135185 0.017107 0.033333
1 0.938905 0.072222 0.023460 0.033333
1 0.960655 0.018056 0.026882 0.036111
1 0.975806 0.093056 0.021994 0.045370
1 0.947947 0.218056 0.024927 0.045370
1 0.903470 0.214352 0.012219 0.028704
1 0.918622 0.253704 0.032747 0.040741
1 0.967986 0.257407 0.008309 0.022222
1 0.864370 0.252315 0.015152 0.025000
1 0.896383 0.257407 0.013685 0.027778
1 0.947703 0.323611 0.017595 0.032407
1 0.860459 0.338426 0.030792 0.058333
1 0.856305 0.420370 0.015640 0.038889
1 0.866813 0.435648 0.012219 0.026852
1 0.865591 0.390278 0.028348 0.045370
1 0.884897 0.375000 0.014174 0.038889
1 0.901026 0.350926 0.013196 0.046296
1 0.944770 0.371296 0.019550 0.046296
1 0.938661 0.795833 0.022972 0.025000
1 0.878788 0.895833 0.029326 0.045370
1 0.938172 0.954167 0.049365 0.063889
1 0.956012 0.885648 0.040078 0.062037
1 0.971652 0.921759 0.023460 0.041667