1 0.501955 0.921759 0.013685 0.013889
1 0.550098 0.789352 0.011241 0.023148
1 0.973118 0.758333 0.025415 0.037037
1 0.574536 0.546759 0.011241 0.015741
1 0.301075 0.323611 0.030303 0.058333
0 0.216276 0.372685 0.195015 0.197222
1 0.416178 0.298148 0.033724 0.051852
1 0.156647 0.235185 0.010264 0.031481
1 0.532258 0.119907 0.006843 0.019444
0 0.732160 0.158796 0.119257 0.228704
0 0.245846 0.100926 0.111437 0.201852
1 0.599462 0.786574 0.034702 0.041667
1 0.755376 0.814352 0.022972 0.069444
1 0.228739 0.488426 0.012708 0.028704
1 0.425709 0.831019 0.023460 0.043519
1 0.176197 0.154167 0.016129 0.030556
1 0.641496 0.021296 0.024927 0.042593
1 0.634164 0.440278 0.019062 0.030556
1 0.461388 0.590741 0.035191 0.050000
1 0.635142 0.752778 0.028837 0.046296
1 0.630743 0.690278 0.032747 0.039815
1 0.640029 0.673148 0.021994 0.035185
1 0.844330 0.725463 0.015152 0.032407
0 0.722141 0.413426 0.085533 0.199074
0 0.742913 0.613889 0.182796 0.368519
1 0.857527 0.527778 0.027859 0.048148