1 0.200391 0.991667 0.008798 0.014815
1 0.621945 0.901852 0.011241 0.016667
1 0.024682 0.678241 0.010264 0.026852
0 0.568671 0.678241 0.152004 0.262037
1 0.049365 0.602315 0.010753 0.032407
1 0.026882 0.575926 0.012708 0.024074
1 0.211632 0.364815 0.008798 0.024074
1 0.963832 0.320833 0.013685 0.019444
1 0.080156 0.267130 0.010753 0.021296
1 0.302053 0.261574 0.013685 0.032407
1 0.989980 0.171759 0.019062 0.034259
1 0.182551 0.082870 0.006354 0.023148
1 0.452346 0.022685 0.008309 0.026852
1 0.651760 0.024537 0.031769 0.036111
0 0.574047 0.225000 0.107038 0.450000
1 0.027859 0.006481 0.010753 0.012963
1 0.087488 0.887963 0.004888 0.014815
1 0.365103 0.157870 0.027370 0.050926
1 0.396383 0.131019 0.049853 0.060185
1 0.466764 0.026852 0.007820 0.012963
0 0.573314 0.867130 0.097752 0.260185
0 0.579668 0.091667 0.097752 0.183333