0 0.270039 0.095370 0.154936 0.157407
0 0.276393 0.341667 0.104106 0.285185
0 0.287146 0.579167 0.106061 0.241667
0 0.247801 0.883796 0.138807 0.228704
0 0.258553 0.769444 0.107527 0.150000
1 0.393451 0.597222 0.033236 0.068519
1 0.412023 0.526389 0.067449 0.104630
1 0.595308 0.068519 0.053763 0.107407
1 0.568182 0.176389 0.050342 0.089815
1 0.502199 0.351389 0.034702 0.075000
1 0.529081 0.361111 0.027859 0.088889
1 0.491935 0.414815 0.027859 0.055556
1 0.476051 0.595833 0.039101 0.060185
1 0.533480 0.591667 0.027859 0.059259
1 0.698192 0.890741 0.038612 0.061111
1 0.698192 0.659259 0.025904 0.033333
1 0.715298 0.604167 0.031769 0.065741
1 0.696725 0.506019 0.018084 0.045370
1 0.704790 0.328704 0.025415 0.059259
1 0.778104 0.580093 0.028348 0.041667
1 0.496090 0.653241 0.022483 0.043519
0 0.783969 0.482407 0.149560 0.140741
0 0.801808 0.331019 0.122678 0.252778
0 0.808895 0.175000 0.177908 0.187037
0 0.824291 0.075926 0.165689 0.151852
1 0.856794 0.767130 0.028348 0.041667
1 0.958944 0.820370 0.024438 0.048148
1 0.983382 0.512037 0.032258 0.081481
1 0.986315 0.423148 0.026393 0.042593
1 0.956989 0.015278 0.021505 0.028704
0 0.781769 0.887963 0.118768 0.125926
0 0.800831 0.723611 0.117791 0.254630