1 0.051564 0.029167 0.021994 0.034259
1 0.013441 0.152315 0.026882 0.047222
1 0.026882 0.187037 0.016618 0.027778
1 0.182551 0.155093 0.019062 0.043519
1 0.187439 0.183333 0.026882 0.029630
1 0.138563 0.062500 0.052297 0.104630
1 0.124389 0.110648 0.014174 0.026852
1 0.040811 0.543981 0.023949 0.049074
1 0.141496 0.692593 0.018084 0.096296
1 0.197703 0.681944 0.073803 0.093519
1 0.244868 0.675000 0.018573 0.033333
1 0.197458 0.586574 0.018573 0.060185
1 0.187439 0.475926 0.036657 0.044444
1 0.202590 0.497222 0.021017 0.046296
1 0.218231 0.537500 0.060117 0.063889
1 0.237781 0.395833 0.048387 0.080556
1 0.346285 0.248611 0.018084 0.041667
1 0.374633 0.235648 0.039589 0.073148
1 0.358993 0.078241 0.024927 0.054630
1 0.314761 0.052778 0.032258 0.066667
1 0.334555 0.097222 0.044477 0.070370
1 0.406158 0.193519 0.057674 0.159259
1 0.391496 0.345833 0.024438 0.043519
1 0.353372 0.366667 0.025415 0.068519
1 0.333822 0.410185 0.022483 0.050000
1 0.419110 0.495833 0.048387 0.093519
1 0.438905 0.457407 0.008798 0.011111
1 0.424487 0.423611 0.016129 0.032407
1 0.373167 0.684259 0.028837 0.042593
1 0.421554 0.817593 0.014174 0.027778
1 0.397116 0.866204 0.013196 0.030556
1 0.427175 0.847222 0.020528 0.051852
1 0.420821 0.967130 0.033236 0.052778
1 0.436950 0.983796 0.017595 0.030556
1 0.444037 0.966667 0.034702 0.042593
1 0.370235 0.825926 0.014174 0.068519
1 0.336755 0.840741 0.057674 0.062963
1 0.309629 0.809722 0.038612 0.110185
1 0.334066 0.806944 0.034702 0.063889
1 0.274438 0.709259 0.037634 0.109259
1 0.270039 0.820370 0.048387 0.088889
1 0.260753 0.799537 0.051320 0.106481
1 0.387586 0.062963 0.118280 0.125926
1 0.402981 0.063889 0.006354 0.018519
1 0.481916 0.707407 0.026393 0.112963
1 0.500000 0.643981 0.029326 0.052778
1 0.533724 0.741204 0.034213 0.065741
1 0.502688 0.783333 0.042522 0.120370
1 0.540811 0.647685 0.072825 0.110185
1 0.528592 0.677315 0.030792 0.037963
1 0.465054 0.425926 0.022972 0.077778
1 0.483382 0.367593 0.045943 0.101852
1 0.499022 0.104630 0.021505 0.066667
1 0.562561 0.392130 0.023460 0.050926
1 0.602151 0.429630 0.016618 0.029630
1 0.628055 0.595833 0.028348 0.050926
1 0.539589 0.537037 0.059629 0.051852
1 0.540078 0.550926 0.046921 0.138889
1 0.552786 0.493519 0.012708 0.027778
1 0.587732 0.481019 0.038612 0.106481
0 0.565982 0.054630 0.162268 0.109259
1 0.603128 0.023611 0.024438 0.041667
1 0.625611 0.011574 0.014663 0.023148
1 0.663734 0.012500 0.039101 0.025000
1 0.668377 0.062037 0.012219 0.031481
1 0.671799 0.249074 0.011241 0.064815
1 0.626833 0.296296 0.038612 0.050000
1 0.612903 0.829167 0.050831 0.149074
1 0.612170 0.928704 0.071848 0.140741
1 0.638563 0.965741 0.033724 0.064815
1 0.546432 0.843981 0.027370 0.099074
0 0.529570 0.892130 0.105083 0.212037
1 0.574047 0.354167 0.072825 0.067593
1 0.605572 0.241667 0.069404 0.212963
1 0.707478 0.096759 0.057185 0.076852
1 0.734360 0.140278 0.021994 0.026852
1 0.724585 0.176389 0.019062 0.032407
1 0.735093 0.056944 0.018573 0.028704
1 0.752444 0.083796 0.031769 0.104630
1 0.778348 0.092130 0.025904 0.063889
1 0.712854 0.271759 0.025904 0.041667
1 0.704790 0.395833 0.089932 0.223148
1 0.699658 0.599074 0.016129 0.018519
1 0.740958 0.612037 0.029326 0.029630
1 0.746579 0.588426 0.019062 0.034259
1 0.783480 0.598611 0.026393 0.052778
1 0.685728 0.655093 0.018573 0.028704
1 0.696481 0.657407 0.010753 0.033333
1 0.673998 0.681481 0.033236 0.092593
1 0.690860 0.714352 0.028837 0.039815
1 0.693304 0.784259 0.060117 0.151852
1 0.737537 0.792130 0.017595 0.030556
1 0.711388 0.747685 0.030792 0.058333
1 0.693548 0.900926 0.033236 0.061111
1 0.743157 0.911111 0.009286 0.027778
1 0.727761 0.949537 0.057674 0.084259
1 0.742424 0.985185 0.030303 0.027778
1 0.791300 0.950463 0.016618 0.023148
1 0.815738 0.974537 0.013685 0.036111
1 0.815249 0.950926 0.055718 0.092593
1 0.833822 0.902778 0.064516 0.109259
1 0.840420 0.911574 0.014174 0.017593
1 0.841887 0.958333 0.060117 0.081481
1 0.811584 0.991667 0.006354 0.014815
1 0.871457 0.927315 0.024438 0.067593
1 0.893939 0.838426 0.030303 0.039815
1 0.921310 0.982870 0.040078 0.032407
1 0.958944 0.904630 0.030303 0.055556
1 0.979472 0.911574 0.021505 0.041667
1 0.989003 0.986111 0.021017 0.025926
1 0.932796 0.920370 0.075758 0.157407
1 0.944526 0.098148 0.007331 0.014815
1 0.948192 0.155556 0.021505 0.040741
1 0.944770 0.139352 0.016618 0.028704
1 0.855816 0.090278 0.019550 0.047222
1 0.850440 0.143519 0.041056 0.090741
1 0.820381 0.183333 0.054252 0.138889
1 0.848485 0.016667 0.010753 0.033333
1 0.784457 0.284722 0.044966 0.091667
1 0.762463 0.375463 0.034213 0.071296
1 0.769550 0.325926 0.036657 0.042593
1 0.800587 0.742130 0.019550 0.056481
1 0.780303 0.765741 0.031769 0.057407
1 0.756843 0.860648 0.012219 0.030556
1 0.828935 0.633333 0.023460 0.062963
1 0.851662 0.659259 0.060117 0.088889
1 0.906403 0.703704 0.054252 0.061111
1 0.956012 0.688889 0.077224 0.157407
1 0.980205 0.730556 0.038612 0.100000
1 0.992669 0.653704 0.013685 0.037037
1 0.918133 0.456944 0.028837 0.041667
1 0.939150 0.212500 0.015152 0.063889
1 0.950147 0.271759 0.021505 0.037963
1 0.958211 0.300926 0.021994 0.057407
1 0.975806 0.240741 0.022972 0.046296
1 0.971652 0.191204 0.053763 0.104630
0 0.982405 0.106019 0.034213 0.204630
1 0.956745 0.014815 0.022972 0.029630
1 0.894184 0.051389 0.014174 0.023148
1 0.774927 0.511574 0.125611 0.169444
1 0.805474 0.554167 0.019550 0.037963
1 0.767107 0.464352 0.051320 0.145370
1 0.744868 0.534722 0.025415 0.054630
1 0.848240 0.327778 0.021017 0.037037
1 0.852151 0.359722 0.045455 0.050926
1 0.831867 0.395370 0.031281 0.050000
1 0.874878 0.677778 0.021505 0.085185
1 0.894428 0.646759 0.046921 0.047222
1 0.889785 0.425926 0.114858 0.412963
1 0.865347 0.531944 0.094330 0.223148
1 0.919355 0.556481 0.046921 0.077778
1 0.924731 0.536111 0.022483 0.040741
1 0.895161 0.625463 0.029814 0.049074
1 0.933773 0.596759 0.126588 0.100926
1 0.971408 0.572222 0.027859 0.057407
1 0.980450 0.538426 0.037146 0.050926
0 0.978006 0.466667 0.043011 0.107407
1 0.984604 0.378704 0.006354 0.027778
0 0.502444 0.219907 0.115347 0.219444
0 0.566227 0.196759 0.107038 0.254630