1 0.148338 0.075926 0.016129 0.027778
1 0.203812 0.064815 0.043011 0.083333
1 0.192326 0.156019 0.044477 0.080556
1 0.125611 0.092130 0.009775 0.023148
1 0.104839 0.391204 0.060117 0.075000
1 0.097019 0.594444 0.013196 0.018519
1 0.161779 0.740278 0.020528 0.026852
1 0.172532 0.837037 0.018573 0.020370
1 0.203812 0.873148 0.065494 0.118519
1 0.199413 0.943056 0.066471 0.112037
0 0.271994 0.904630 0.137341 0.181481
1 0.427664 0.948611 0.006843 0.019444
1 0.470186 0.906944 0.019550 0.039815
1 0.380499 0.701389 0.016129 0.049074
1 0.390274 0.727778 0.017107 0.055556
1 0.434506 0.486111 0.017595 0.031481
1 0.494624 0.703241 0.016618 0.034259
1 0.521017 0.737500 0.007820 0.021296
1 0.413490 0.418056 0.030303 0.047222
1 0.440127 0.390278 0.021994 0.028704
1 0.502444 0.225463 0.017595 0.036111
1 0.460411 0.213889 0.015640 0.014815
1 0.512708 0.337963 0.019550 0.040741
1 0.536657 0.283796 0.016618 0.026852
1 0.429863 0.013426 0.011241 0.023148
1 0.447703 0.014352 0.016618 0.021296
1 0.452346 0.023148 0.013196 0.020370
1 0.386852 0.056481 0.028837 0.050000
1 0.306207 0.236574 0.014174 0.036111
1 0.343597 0.263889 0.024438 0.053704
1 0.224829 0.707870 0.089932 0.121296
1 0.273460 0.731481 0.043500 0.061111
1 0.266129 0.778241 0.041544 0.069444
0 0.272239 0.621759 0.117302 0.215741
0 0.268084 0.480093 0.172532 0.169444
1 0.190616 0.315741 0.018573 0.055556
1 0.222141 0.299074 0.009286 0.027778
1 0.225806 0.381481 0.026393 0.051852
0 0.263441 0.339352 0.077224 0.302778
0 0.273705 0.168981 0.132942 0.230556
0 0.289101 0.042593 0.163734 0.085185
1 0.575269 0.931019 0.019550 0.086111
1 0.647361 0.155556 0.021017 0.025926
1 0.704790 0.145370 0.018573 0.029630
1 0.724096 0.581944 0.011241 0.021296
1 0.717498 0.615741 0.021505 0.042593
1 0.728006 0.602315 0.018084 0.025000
1 0.901760 0.971759 0.022483 0.041667
1 0.916667 0.987500 0.016129 0.021296
1 0.967742 0.898148 0.015640 0.027778
1 0.971408 0.449537 0.014174 0.025000
1 0.984604 0.523611 0.022972 0.045370
1 0.932307 0.204167 0.016129 0.043519
1 0.938661 0.236574 0.007331 0.039815
0 0.794721 0.138426 0.113392 0.221296
0 0.832111 0.052315 0.108016 0.104630
0 0.792522 0.304630 0.119746 0.138889
0 0.811584 0.427778 0.116813 0.201852
1 0.842131 0.462500 0.109482 0.176852
1 0.890274 0.567130 0.027859 0.045370
0 0.813050 0.645370 0.081623 0.138889
1 0.826491 0.638889 0.004888 0.020370
0 0.817204 0.972685 0.037146 0.052778
0 0.799120 0.834722 0.111437 0.163889