1 0.032991 0.546296 0.063050 0.094444
1 0.130743 0.562037 0.065982 0.087037
1 0.163978 0.516204 0.035679 0.093519
1 0.265885 0.614815 0.030303 0.042593
1 0.118768 0.425000 0.039101 0.050000
1 0.179619 0.438426 0.032747 0.062037
1 0.113392 0.489352 0.029326 0.063889
1 0.166911 0.277778 0.028837 0.040741
1 0.215787 0.206019 0.032747 0.045370
1 0.250733 0.012963 0.028348 0.025926
1 0.231916 0.070370 0.023949 0.042593
1 0.300098 0.229167 0.042033 0.084259
1 0.048387 0.821759 0.011730 0.049074
1 0.532014 0.164815 0.054252 0.111111
1 0.621457 0.113889 0.033724 0.070370
1 0.587732 0.212037 0.046432 0.079630
1 0.383431 0.274074 0.037634 0.083333
0 0.436950 0.337500 0.089932 0.280556
1 0.382698 0.485185 0.028348 0.057407
1 0.415200 0.029630 0.015152 0.040741
1 0.442326 0.013426 0.029326 0.025000
1 0.513685 0.299537 0.010753 0.017593
1 0.374389 0.573148 0.035191 0.074074
1 0.445015 0.569907 0.020039 0.036111
0 0.434995 0.684722 0.110459 0.175000
1 0.370479 0.837963 0.055718 0.079630
0 0.456500 0.797685 0.126100 0.143519
1 0.497067 0.760648 0.013685 0.028704
0 0.452835 0.929167 0.166667 0.139815
1 0.536413 0.927778 0.019062 0.050000
1 0.589687 0.953704 0.038612 0.051852
1 0.812561 0.028241 0.060117 0.056481
1 0.716764 0.233333 0.040567 0.087037
1 0.682796 0.496296 0.036168 0.057407
1 0.664956 0.587500 0.023949 0.067593
1 0.695992 0.618519 0.023460 0.085185
1 0.783969 0.687500 0.017595 0.021296
1 0.820381 0.696759 0.024927 0.037963
1 0.809873 0.705093 0.010753 0.013889
1 0.836022 0.691204 0.024927 0.039815
1 0.831378 0.807870 0.032258 0.050926
1 0.839198 0.991204 0.011730 0.013889
1 0.881476 0.575463 0.017107 0.030556
1 0.817449 0.559259 0.022972 0.025926
1 0.889052 0.463426 0.021505 0.045370
1 0.935728 0.807407 0.126588 0.242593
1 0.959189 0.384259 0.079668 0.218519
1 0.940371 0.463426 0.004888 0.017593
1 0.969697 0.055093 0.007820 0.015741
1 0.990225 0.200463 0.015640 0.028704
1 0.217986 0.712037 0.016618 0.029630
0 0.448680 0.131019 0.067449 0.236111
0 0.450391 0.186574 0.159824 0.154630