0 0.590176 0.100000 0.103128 0.188889
1 0.815005 0.600463 0.091398 0.178704
0 0.585777 0.559722 0.104106 0.093519
0 0.598729 0.925926 0.081134 0.146296
1 0.137341 0.218981 0.273705 0.437963
1 0.010508 0.488889 0.021017 0.048148
1 0.041056 0.453241 0.020528 0.063889
1 0.156647 0.496759 0.050342 0.076852
1 0.230205 0.326389 0.037146 0.087963
1 0.264907 0.331019 0.011730 0.052778
1 0.140762 0.281019 0.032258 0.050926
1 0.201857 0.159259 0.100684 0.074074
1 0.296432 0.153241 0.036657 0.086111
1 0.203568 0.016204 0.067937 0.026852
1 0.390518 0.111574 0.067449 0.150926
1 0.462854 0.059722 0.037146 0.075000
1 0.480938 0.267130 0.030303 0.075000
1 0.418377 0.375926 0.053763 0.090741
1 0.365103 0.340741 0.046921 0.090741
1 0.322581 0.395370 0.052786 0.125926
1 0.317449 0.510185 0.051320 0.072222
1 0.301075 0.611574 0.094819 0.089815
1 0.339443 0.648611 0.104106 0.121296
1 0.220919 0.647685 0.048876 0.056481
1 0.234848 0.820370 0.029814 0.042593
1 0.233382 0.743981 0.021994 0.043519
1 0.173509 0.772222 0.032258 0.046296
1 0.150782 0.849074 0.033724 0.046296
1 0.021017 0.882870 0.042033 0.091667
1 0.030303 0.968981 0.060606 0.052778
1 0.038368 0.715741 0.033724 0.038889
1 0.018084 0.800463 0.031281 0.058333
1 0.200391 0.946759 0.043011 0.075000
1 0.404448 0.728241 0.073803 0.204630
1 0.468475 0.606019 0.039589 0.110185
1 0.503666 0.545370 0.038612 0.072222
1 0.533480 0.493519 0.034702 0.061111
1 0.491691 0.376852 0.043988 0.053704
1 0.676686 0.920370 0.028837 0.101852
1 0.691593 0.847685 0.062561 0.078704
1 0.747067 0.770833 0.078690 0.184259
1 0.795699 0.690278 0.062561 0.095370
1 0.852151 0.899537 0.026882 0.080556
1 0.786657 0.923611 0.048387 0.060185
1 0.787146 0.961111 0.075758 0.072222
1 0.951613 0.868981 0.042033 0.076852
1 0.984115 0.744444 0.025904 0.074074
1 0.969208 0.955556 0.055718 0.074074
1 0.859238 0.965741 0.040078 0.059259
1 0.906403 0.465278 0.027859 0.052778
1 0.872923 0.500000 0.019550 0.053704
1 0.819892 0.489815 0.045455 0.072222
1 0.772727 0.375000 0.055718 0.070370
1 0.703568 0.343056 0.030792 0.063889
1 0.729228 0.277778 0.056696 0.079630
1 0.699658 0.239352 0.034702 0.063889
1 0.724096 0.127315 0.034702 0.076852
1 0.689638 0.069907 0.033236 0.054630
1 0.664712 0.051389 0.043988 0.084259
1 0.730938 0.024537 0.018084 0.039815
1 0.784213 0.273148 0.060117 0.070370
1 0.826246 0.098611 0.060117 0.137963
1 0.873167 0.088426 0.040567 0.056481
1 0.908358 0.094444 0.027859 0.072222
1 0.955767 0.206481 0.035679 0.072222
1 0.977028 0.445370 0.030303 0.092593
1 0.989247 0.659259 0.015640 0.046296
1 0.978250 0.189815 0.032747 0.083333
1 0.970186 0.066204 0.050831 0.123148
1 0.754154 0.583796 0.037146 0.056481
1 0.885386 0.166204 0.029814 0.041667
0 0.586999 0.731944 0.072336 0.189815
1 0.630254 0.791667 0.033724 0.050000
1 0.591642 0.603241 0.028837 0.043519
1 0.579912 0.532870 0.026882 0.062037
0 0.582356 0.273148 0.088465 0.185185
0 0.592131 0.362500 0.109971 0.128704