1 0.399071 0.987037 0.040567 0.024074
1 0.758798 0.928704 0.030792 0.057407
1 0.408847 0.892593 0.036657 0.037037
1 0.748289 0.667593 0.091887 0.142593
1 0.076979 0.393519 0.012219 0.018519
1 0.308895 0.260648 0.015640 0.045370
1 0.392229 0.247685 0.025904 0.032407
0 0.532991 0.244444 0.318182 0.483333
0 0.567937 0.045833 0.129032 0.091667
0 0.474340 0.038889 0.038612 0.074074
1 0.433284 0.006481 0.021017 0.012963
0 0.538856 0.808796 0.156891 0.187963
0 0.540567 0.907870 0.200391 0.182407
0 0.659580 0.971759 0.010264 0.049074