1 0.896872 0.992130 0.007820 0.013889
1 0.730694 0.976389 0.038123 0.045370
1 0.317449 0.787963 0.011241 0.040741
1 0.962121 0.547222 0.043500 0.064815
1 0.393695 0.515741 0.010264 0.022222
1 0.334800 0.510648 0.012708 0.056481
1 0.620723 0.433333 0.018573 0.022222
1 0.561339 0.384259 0.008309 0.018519
1 0.514174 0.367593 0.055718 0.048148
1 0.662023 0.331944 0.021994 0.062037
1 0.730694 0.276389 0.013685 0.017593
1 0.413978 0.081019 0.006843 0.023148
1 0.027615 0.285185 0.040567 0.075926
0 0.286168 0.063426 0.095308 0.126852
0 0.224829 0.115741 0.175953 0.231481
0 0.267595 0.285648 0.154936 0.243519
1 0.343353 0.162963 0.029814 0.037037
1 0.213587 0.549074 0.022483 0.048148
0 0.282502 0.556481 0.070381 0.137037
1 0.022483 0.919444 0.044966 0.042593
1 0.043255 0.951852 0.023949 0.038889
1 0.148094 0.888889 0.037146 0.040741
1 0.152493 0.846759 0.029326 0.047222
1 0.258309 0.974537 0.021017 0.041667
0 0.259531 0.838426 0.068426 0.247222
1 0.212366 0.795370 0.012219 0.022222
1 0.147361 0.709722 0.030792 0.028704
1 0.146628 0.500926 0.023460 0.038889
1 0.157625 0.350926 0.014174 0.025926
1 0.412757 0.795833 0.072825 0.195370
1 0.355572 0.757870 0.034702 0.023148
1 0.461144 0.425000 0.021017 0.046296
1 0.397116 0.147685 0.022972 0.045370
1 0.417889 0.163889 0.018573 0.040741
1 0.539101 0.466204 0.035191 0.071296
1 0.670332 0.211574 0.021017 0.032407
1 0.662023 0.045370 0.098240 0.090741
1 0.538368 0.040741 0.086510 0.081481
1 0.951369 0.978241 0.020039 0.037963
1 0.898827 0.847685 0.023460 0.052778
1 0.901026 0.727778 0.020039 0.016667
1 0.967742 0.685648 0.028348 0.036111
1 0.985093 0.689352 0.010264 0.036111
1 0.681818 0.930093 0.030303 0.039815
1 0.568671 0.898148 0.021017 0.050000
1 0.613881 0.843519 0.038123 0.090741
1 0.616569 0.911111 0.038612 0.098148
0 0.806940 0.989815 0.006843 0.018519
0 0.800831 0.906019 0.086510 0.178704
1 0.731672 0.693519 0.054741 0.077778
0 0.793255 0.715278 0.071359 0.202778
1 0.635630 0.736574 0.063050 0.076852
1 0.559140 0.608796 0.022483 0.063889
1 0.640274 0.645833 0.054741 0.037963
1 0.665445 0.569444 0.027859 0.066667
1 0.690860 0.495370 0.059140 0.101852
1 0.976295 0.906944 0.019062 0.025000
1 0.892229 0.582870 0.049365 0.099074
1 0.920088 0.609259 0.027859 0.048148
1 0.992424 0.285185 0.014174 0.031481
1 0.877566 0.330556 0.021017 0.107407
1 0.868035 0.435648 0.022483 0.062037
1 0.849218 0.231944 0.011241 0.026852
1 0.859238 0.142130 0.015640 0.019444
0 0.812072 0.050926 0.111926 0.101852
0 0.808895 0.193519 0.077224 0.250000
1 0.819648 0.512963 0.015640 0.011111
0 0.777126 0.470370 0.079179 0.111111
1 0.721408 0.361111 0.049853 0.072222
1 0.758065 0.386574 0.067449 0.130556
1 0.952346 0.055093 0.017107 0.021296
0 0.798631 0.315741 0.103617 0.264815