1 0.010997 0.088426 0.021994 0.047222
1 0.031769 0.296296 0.027370 0.062963
1 0.026149 0.798148 0.052297 0.098148
1 0.021261 0.881944 0.033724 0.060185
1 0.219941 0.836111 0.048876 0.064815
1 0.259775 0.687500 0.050342 0.058333
1 0.344086 0.827315 0.029326 0.078704
1 0.350684 0.741667 0.059140 0.068519
1 0.140274 0.496296 0.021505 0.059259
1 0.123412 0.361574 0.023949 0.060185
1 0.105327 0.333333 0.025904 0.042593
1 0.248045 0.256944 0.039589 0.062037
1 0.055474 0.426852 0.021017 0.037037
1 0.354106 0.982870 0.036657 0.032407
1 0.366569 0.122222 0.041056 0.037037
1 0.324536 0.246296 0.024438 0.053704
1 0.441105 0.024537 0.021017 0.049074
1 0.492424 0.171759 0.028837 0.075000
1 0.429130 0.323148 0.018573 0.037037
1 0.447458 0.334722 0.032747 0.043519
1 0.422532 0.392130 0.020039 0.054630
1 0.461877 0.443981 0.026393 0.056481
1 0.478250 0.526389 0.037634 0.060185
0 0.533236 0.638426 0.113392 0.275000
0 0.547898 0.441667 0.158358 0.112963
0 0.538856 0.335185 0.144184 0.157407
0 0.578446 0.265741 0.088465 0.224074
1 0.617058 0.327315 0.020039 0.045370
1 0.625122 0.270833 0.012708 0.049074
1 0.532014 0.499074 0.019062 0.033333
1 0.575269 0.133796 0.047898 0.052778
1 0.585777 0.042130 0.020039 0.026852
1 0.584066 0.095833 0.014663 0.065741
1 0.625855 0.088426 0.040567 0.052778
0 0.548387 0.870833 0.110459 0.252778
1 0.561339 0.940741 0.014174 0.031481
1 0.549609 0.982407 0.025904 0.033333
1 0.575758 0.969907 0.023460 0.032407
1 0.694526 0.960185 0.070381 0.074074
1 0.685973 0.576389 0.029814 0.045370
1 0.676442 0.054167 0.019550 0.037963
1 0.737537 0.044907 0.029326 0.036111
1 0.751711 0.031944 0.031281 0.063889
1 0.722630 0.238426 0.065982 0.110185
1 0.759775 0.223611 0.031769 0.063889
1 0.671799 0.415278 0.018084 0.039815
1 0.712610 0.318981 0.031281 0.052778
1 0.760753 0.375000 0.032747 0.051852
1 0.758309 0.450926 0.020039 0.042593
1 0.745357 0.916204 0.025415 0.045370
1 0.787634 0.827315 0.018084 0.054630
1 0.737048 0.761574 0.023460 0.028704
1 0.754154 0.763426 0.028348 0.036111
1 0.814761 0.727315 0.034213 0.052778
1 0.845797 0.745833 0.027859 0.082407
1 0.849951 0.718981 0.031281 0.069444
1 0.756354 0.639815 0.021017 0.022222
1 0.815982 0.448148 0.026882 0.042593
1 0.808407 0.309259 0.024438 0.042593
1 0.803275 0.137500 0.019062 0.047222
1 0.841642 0.121759 0.042033 0.089815
1 0.858993 0.084259 0.021994 0.031481
1 0.882454 0.135185 0.034702 0.072222
1 0.923754 0.094907 0.035191 0.043519
1 0.904448 0.014815 0.013196 0.029630
0 0.972630 0.051852 0.051808 0.103704
1 0.805230 0.226852 0.035679 0.077778
1 0.847263 0.234722 0.049365 0.137963
1 0.869257 0.200463 0.019062 0.037963
1 0.875367 0.357407 0.044966 0.103704
1 0.905425 0.334722 0.028837 0.069444
1 0.932063 0.347685 0.046921 0.047222
1 0.985826 0.343519 0.017595 0.046296
1 0.731672 0.605093 0.021505 0.032407
1 0.930108 0.463889 0.052786 0.066667
1 0.920332 0.539352 0.043988 0.086111
1 0.961144 0.530093 0.036657 0.099074
1 0.951124 0.614815 0.050831 0.081481
0 0.985093 0.659259 0.028837 0.203704
1 0.917644 0.692593 0.054252 0.118519
1 0.891984 0.763889 0.029326 0.070370
1 0.931818 0.756019 0.026882 0.052778
1 0.950635 0.748611 0.027370 0.036111
1 0.955279 0.801389 0.048387 0.086111
1 0.897116 0.860648 0.077713 0.123148
1 0.941105 0.939352 0.052297 0.119444
1 0.979961 0.874074 0.038123 0.072222
1 0.787634 0.766204 0.021017 0.056481