1 0.018084 0.031481 0.028348 0.053704
1 0.039345 0.068519 0.025904 0.051852
1 0.024438 0.149074 0.016618 0.050000
1 0.042278 0.143981 0.013196 0.025000
1 0.014907 0.212037 0.023949 0.040741
1 0.032991 0.444444 0.043500 0.048148
1 0.053763 0.492593 0.022483 0.020370
1 0.205767 0.862037 0.018573 0.040741
1 0.217253 0.908333 0.017107 0.020370
1 0.302786 0.897685 0.016129 0.054630
1 0.358016 0.912963 0.032747 0.042593
1 0.393206 0.913889 0.053275 0.044444
1 0.375855 0.858796 0.017595 0.062037
1 0.330401 0.762963 0.006843 0.022222
1 0.347752 0.730093 0.011241 0.026852
1 0.320626 0.229167 0.026393 0.045370
1 0.349462 0.302778 0.016618 0.046296
1 0.368280 0.172685 0.017107 0.056481
1 0.354350 0.188889 0.022483 0.051852
1 0.403715 0.035648 0.053763 0.071296
1 0.355083 0.037500 0.042522 0.071296
1 0.373167 0.006019 0.014174 0.012037
1 0.244135 0.058333 0.051320 0.077778
1 0.210166 0.073611 0.047898 0.075000
1 0.169844 0.163889 0.017107 0.018519
1 0.118035 0.068056 0.021017 0.034259
1 0.140518 0.082870 0.013196 0.028704
1 0.156891 0.012500 0.014663 0.017593
1 0.177419 0.334722 0.013685 0.028704
1 0.188172 0.243519 0.012708 0.024074
1 0.196481 0.900000 0.013685 0.027778
1 0.247556 0.766667 0.058162 0.072222
1 0.220186 0.619444 0.027859 0.046296
1 0.278348 0.596296 0.025904 0.025926
1 0.220430 0.455093 0.033236 0.050926
1 0.224340 0.231019 0.023460 0.058333
1 0.220919 0.277315 0.008798 0.023148
1 0.282502 0.390741 0.031281 0.046296
1 0.294233 0.444907 0.025415 0.034259
0 0.542033 0.027778 0.094819 0.055556
0 0.547898 0.175463 0.092864 0.295370
1 0.507087 0.209259 0.024927 0.057407
1 0.634409 0.197685 0.024438 0.049074
1 0.496334 0.498611 0.045455 0.115741
1 0.628299 0.513889 0.032747 0.059259
1 0.488759 0.741667 0.034213 0.090741
1 0.512952 0.827315 0.035679 0.036111
0 0.546676 0.878704 0.058162 0.240741
1 0.621945 0.916667 0.019062 0.016667
1 0.660068 0.986574 0.048387 0.025000
1 0.720674 0.794444 0.018084 0.033333
1 0.688172 0.677778 0.053763 0.092593
0 0.579912 0.402778 0.076735 0.214815
1 0.730205 0.506944 0.021505 0.041667
1 0.782502 0.984259 0.025415 0.029630
1 0.742669 0.648148 0.029814 0.037037
1 0.746090 0.704167 0.024927 0.050926
1 0.736315 0.350000 0.031769 0.031481
1 0.742180 0.330556 0.010264 0.024074
1 0.786413 0.209722 0.014663 0.026852
1 0.907380 0.082407 0.011241 0.051852
1 0.902248 0.076389 0.035191 0.052778
1 0.897605 0.097222 0.008309 0.011111
1 0.922776 0.155556 0.028348 0.094444
1 0.931085 0.261574 0.012708 0.023148
1 0.945992 0.266204 0.020039 0.019444
1 0.923021 0.364815 0.016129 0.035185
1 0.941105 0.635185 0.015152 0.020370
1 0.862414 0.586574 0.019062 0.049074
1 0.869990 0.543519 0.013685 0.031481
1 0.876344 0.756019 0.029326 0.023148
1 0.949658 0.888889 0.034213 0.070370
1 0.944037 0.976389 0.032747 0.041667
1 0.988759 0.960185 0.021505 0.077778
1 0.968964 0.575926 0.030792 0.061111
1 0.977028 0.021296 0.026393 0.042593
0 0.980694 0.199537 0.037634 0.132407
0 0.975318 0.445370 0.048387 0.074074
1 0.986070 0.545370 0.026882 0.133333
0 0.975073 0.689352 0.048876 0.093519