1 0.911535 0.912500 0.032258 0.049074
1 0.723851 0.751389 0.009775 0.012037
1 0.871701 0.653704 0.127566 0.157407
1 0.536168 0.568981 0.024438 0.039815
1 0.844819 0.400000 0.009286 0.029630
1 0.839932 0.186574 0.048387 0.102778
1 0.895894 0.037963 0.026393 0.029630
1 0.653715 0.024074 0.021017 0.048148
1 0.016373 0.069444 0.020039 0.046296
1 0.033236 0.089815 0.030303 0.046296
1 0.117058 0.054167 0.024927 0.052778
1 0.167889 0.064815 0.031769 0.038889
1 0.064272 0.677778 0.021994 0.037037
1 0.212610 0.977315 0.037146 0.043519
1 0.362170 0.277315 0.034213 0.049074
1 0.339932 0.746759 0.020039 0.013889
1 0.501711 0.171296 0.036657 0.066667
1 0.541300 0.059722 0.023949 0.063889
1 0.681085 0.162963 0.053275 0.144444
0 0.690127 0.297222 0.369501 0.568519
1 0.743402 0.188889 0.034213 0.088889
1 0.722874 0.174537 0.031281 0.036111
1 0.559629 0.175926 0.023460 0.053704
1 0.553763 0.217130 0.024438 0.039815
1 0.698925 0.781481 0.033236 0.140741
0 0.622434 0.666204 0.350440 0.665741
0 0.831623 0.990278 0.024927 0.017593
1 0.774682 0.962500 0.044966 0.063889
1 0.764663 0.468056 0.032747 0.095370
1 0.934995 0.477778 0.017595 0.051852
1 0.982893 0.537037 0.031281 0.048148
1 0.964076 0.462037 0.034702 0.037037
0 0.663734 0.968519 0.063539 0.061111
0 0.549365 0.856481 0.175953 0.285185