1 0.828690 0.989815 0.016129 0.018519
1 0.315982 0.937500 0.028837 0.043519
1 0.132698 0.917130 0.024927 0.037963
1 0.132942 0.833796 0.020528 0.039815
1 0.525904 0.837963 0.028348 0.070370
0 0.198192 0.887963 0.161779 0.222222
1 0.264907 0.706481 0.017595 0.024074
1 0.301320 0.666667 0.012219 0.025926
1 0.254888 0.653241 0.016129 0.017593
0 0.220674 0.702315 0.107038 0.247222
1 0.995846 0.557870 0.007331 0.021296
1 0.044721 0.396759 0.031769 0.045370
1 0.947703 0.381019 0.046921 0.091667
1 0.319404 0.310185 0.012219 0.016667
1 0.934506 0.284722 0.019550 0.058333
1 0.544477 0.168056 0.007820 0.023148
1 0.982405 0.096759 0.034213 0.104630
1 0.812317 0.036111 0.011730 0.033333
0 0.257087 0.088426 0.106549 0.176852
0 0.246334 0.422222 0.222874 0.446296
1 0.184262 0.108796 0.022483 0.032407
1 0.095552 0.238426 0.052297 0.106481
1 0.305474 0.846759 0.028348 0.054630
1 0.256843 0.211574 0.019062 0.047222
1 0.245357 0.218056 0.027370 0.075000
1 0.228739 0.160185 0.022483 0.038889
1 0.919599 0.156481 0.023949 0.033333
1 0.910557 0.205556 0.023460 0.048148
1 0.916422 0.335185 0.025415 0.055556
1 0.866813 0.518981 0.052297 0.082407
1 0.840909 0.508796 0.015152 0.025000
1 0.843597 0.536111 0.015640 0.031481
1 0.936461 0.435648 0.016618 0.047222
1 0.775904 0.625000 0.019062 0.033333
1 0.973607 0.528241 0.022483 0.052778
1 0.991691 0.148611 0.011730 0.032407
1 0.837732 0.362963 0.012708 0.040741
1 0.135630 0.391667 0.013196 0.024074
1 0.149560 0.502778 0.014663 0.038889
1 0.140518 0.570370 0.023949 0.100000
1 0.116813 0.595370 0.058651 0.098148
1 0.796432 0.750926 0.154936 0.216667
0 0.763441 0.881944 0.126100 0.234259
1 0.831623 0.899074 0.093353 0.107407
1 0.787146 0.547685 0.091398 0.191667
0 0.769306 0.202315 0.125122 0.121296
1 0.761975 0.257407 0.036168 0.085185
0 0.781525 0.392593 0.125122 0.229630
1 0.803030 0.250000 0.026393 0.057407
1 0.784457 0.081481 0.083089 0.161111