0 0.507087 0.288889 0.153959 0.272222
0 0.511241 0.055556 0.111437 0.111111
0 0.522727 0.978241 0.075758 0.041667
1 0.130987 0.746296 0.086999 0.220370
1 0.013441 0.523148 0.026882 0.055556
1 0.016373 0.380093 0.032747 0.089815
1 0.017595 0.231944 0.035191 0.075000
1 0.245601 0.695833 0.083578 0.104630
1 0.303519 0.673611 0.018573 0.078704
1 0.247801 0.799537 0.046921 0.078704
1 0.230938 0.855556 0.050342 0.094444
1 0.219941 0.928704 0.048876 0.070370
1 0.074047 0.967593 0.030792 0.055556
1 0.455523 0.844444 0.037146 0.116667
1 0.291544 0.981944 0.040567 0.026852
1 0.247067 0.613889 0.065982 0.094444
1 0.169844 0.512500 0.076735 0.112037
1 0.139785 0.622222 0.016618 0.068519
1 0.331623 0.400926 0.039589 0.070370
1 0.295699 0.286574 0.036168 0.097222
1 0.323314 0.262500 0.022972 0.058333
1 0.132209 0.202315 0.026882 0.037963
1 0.108504 0.178704 0.030303 0.057407
1 0.157625 0.430556 0.059140 0.046296
1 0.101417 0.387963 0.018084 0.066667
1 0.047410 0.422222 0.026393 0.037037
1 0.113148 0.481019 0.021017 0.028704
1 0.029326 0.158796 0.058651 0.052778
1 0.145650 0.060185 0.053763 0.087037
1 0.090420 0.025463 0.029326 0.028704
1 0.034213 0.012037 0.032258 0.022222
1 0.349462 0.019444 0.059629 0.037037
1 0.406647 0.074074 0.032258 0.059259
1 0.232649 0.141204 0.021505 0.043519
1 0.481427 0.683796 0.025415 0.067593
0 0.500733 0.548148 0.090420 0.294444
1 0.466031 0.642593 0.021017 0.057407
1 0.435484 0.614815 0.031281 0.048148
1 0.579912 0.749537 0.025904 0.037963
1 0.664223 0.693056 0.056696 0.089815
1 0.563539 0.499074 0.025415 0.075926
1 0.677664 0.169907 0.034702 0.043519
1 0.723363 0.016667 0.019550 0.024074
1 0.695503 0.093056 0.022483 0.034259
1 0.267107 0.136111 0.033724 0.042593
1 0.550831 0.132870 0.037146 0.039815
1 0.854839 0.724537 0.043011 0.071296
1 0.960899 0.717593 0.037146 0.079630
1 0.925953 0.315278 0.022972 0.047222
1 0.933529 0.018519 0.026393 0.031481
1 0.557674 0.676852 0.018573 0.033333
1 0.272972 0.750926 0.021994 0.035185
1 0.541544 0.956944 0.025415 0.052778
1 0.564516 0.057870 0.018573 0.037963