0 0.771994 0.962963 0.032747 0.070370
1 0.910068 0.813426 0.011730 0.017593
1 0.968231 0.791667 0.015640 0.029630
1 0.869990 0.755556 0.034213 0.051852
1 0.828935 0.706481 0.022483 0.050000
1 0.492669 0.631019 0.020528 0.050926
1 0.993646 0.400463 0.011730 0.026852
1 0.006354 0.352778 0.012708 0.033333
1 0.890762 0.328241 0.020039 0.037963
0 0.258798 0.334259 0.094330 0.112963
1 0.589198 0.266667 0.026882 0.074074
1 0.476540 0.240278 0.012708 0.025000
1 0.420821 0.253704 0.031281 0.053704
1 0.622923 0.206944 0.018084 0.026852
1 0.914467 0.143519 0.016618 0.033333
0 0.756354 0.150000 0.065005 0.300000
1 0.245112 0.050000 0.048387 0.096296
1 0.152493 0.039815 0.032258 0.051852
1 0.238514 0.084259 0.072336 0.066667
1 0.286413 0.113889 0.008798 0.027778
1 0.041300 0.252778 0.025904 0.037037
1 0.120235 0.090278 0.035191 0.060185
1 0.133920 0.379167 0.033236 0.017593
1 0.184995 0.463426 0.025904 0.043519
1 0.253910 0.457407 0.043500 0.053704
0 0.254154 0.619444 0.142717 0.225926
0 0.189638 0.956944 0.130010 0.084259
0 0.235826 0.849537 0.090420 0.269444
1 0.391007 0.437963 0.040078 0.072222
1 0.457722 0.488426 0.029814 0.058333
0 0.733138 0.755093 0.087977 0.115741
1 0.845064 0.843981 0.030303 0.089815
1 0.949169 0.722222 0.027370 0.033333
1 0.745112 0.565741 0.068915 0.122222
0 0.766129 0.452778 0.101173 0.262963
1 0.625122 0.131481 0.032258 0.057407
1 0.978739 0.072222 0.018084 0.035185
1 0.667400 0.338889 0.025904 0.151852