1 0.337243 0.817593 0.018573 0.046296
1 0.197947 0.693056 0.010753 0.039815
1 0.607771 0.555556 0.020039 0.029630
1 0.657380 0.546759 0.011730 0.036111
1 0.653715 0.466204 0.019062 0.036111
1 0.632209 0.453704 0.009286 0.027778
1 0.706500 0.449074 0.016129 0.040741
1 0.731183 0.401852 0.010753 0.012963
1 0.182307 0.408796 0.019550 0.039815
1 0.118035 0.388426 0.020039 0.028704
1 0.214809 0.400463 0.029814 0.062037
1 0.264907 0.305093 0.012708 0.025000
1 0.990714 0.315278 0.017595 0.056481
1 0.731427 0.294444 0.013196 0.031481
1 0.467498 0.222685 0.027859 0.039815
1 0.353861 0.177315 0.034213 0.049074
1 0.381476 0.140278 0.031769 0.075000
1 0.600440 0.093519 0.012219 0.018519
1 0.139541 0.107870 0.031769 0.067593
1 0.563783 0.066204 0.018084 0.067593
1 0.468475 0.030093 0.040567 0.052778
1 0.292766 0.045833 0.061584 0.091667
1 0.111437 0.025463 0.036168 0.050926
0 0.036168 0.040278 0.043011 0.080556
0 0.046188 0.290741 0.092375 0.211111
1 0.214565 0.672685 0.022483 0.043519
1 0.314516 0.877315 0.021017 0.076852
1 0.390518 0.554630 0.017595 0.038889
1 0.361193 0.468056 0.014663 0.047222
1 0.348485 0.015741 0.024438 0.031481
1 0.351173 0.054630 0.015152 0.050000
1 0.500000 0.132407 0.059629 0.112963
1 0.493891 0.543981 0.066960 0.050926
0 0.565738 0.486111 0.053275 0.175926
0 0.576246 0.262037 0.173021 0.296296
1 0.548876 0.152778 0.046921 0.046296
1 0.728495 0.250463 0.021017 0.037963
1 0.756354 0.252778 0.019062 0.029630
1 0.799853 0.234722 0.028837 0.034259
1 0.795210 0.970833 0.042033 0.054630
1 0.793988 0.843056 0.020039 0.026852
1 0.960166 0.037037 0.020039 0.051852
1 0.928641 0.192593 0.037146 0.090741
1 0.840909 0.496296 0.025904 0.046296