1 0.076002 0.981944 0.009286 0.021296
1 0.344819 0.975463 0.043500 0.047222
1 0.861681 0.879630 0.006843 0.027778
0 0.447703 0.918519 0.177908 0.155556
1 0.063050 0.727315 0.024438 0.028704
1 0.576735 0.681944 0.013685 0.013889
1 0.267595 0.624537 0.019062 0.036111
1 0.022972 0.587500 0.011730 0.013889
1 0.271261 0.551852 0.021505 0.029630
1 0.525904 0.397222 0.009775 0.025926
1 0.048876 0.238889 0.018573 0.044444
1 0.078446 0.185648 0.012219 0.017593
1 0.803030 0.173148 0.013685 0.016667
1 0.499267 0.145833 0.011241 0.013889
1 0.113148 0.131944 0.032747 0.073148
1 0.158358 0.293981 0.033236 0.112037
1 0.181329 0.350000 0.015640 0.025926
1 0.174731 0.411111 0.064027 0.125926
1 0.150049 0.633333 0.021505 0.038889
1 0.142473 0.737037 0.010264 0.022222
1 0.168622 0.758796 0.031281 0.075000
1 0.267595 0.946296 0.032747 0.050000
1 0.260020 0.957870 0.019550 0.054630
1 0.238025 0.802778 0.049853 0.062963
1 0.325513 0.758796 0.023460 0.060185
1 0.447458 0.716204 0.076735 0.078704
1 0.443793 0.670370 0.021505 0.048148
1 0.410313 0.658796 0.040567 0.123148
0 0.446725 0.525926 0.160313 0.179630
1 0.835044 0.644907 0.042522 0.052778
1 0.774682 0.103704 0.056696 0.066667
0 0.423754 0.096296 0.165200 0.192593
1 0.478495 0.200463 0.011730 0.045370
0 0.420821 0.247222 0.109482 0.151852
0 0.446725 0.386111 0.140762 0.207407
1 0.867058 0.796759 0.014663 0.025000
1 0.629765 0.488426 0.016129 0.032407