1 0.424487 0.987500 0.016129 0.023148
1 0.310362 0.988426 0.021505 0.017593
1 0.130254 0.985185 0.040567 0.027778
1 0.896383 0.950000 0.012708 0.046296
1 0.727028 0.918981 0.011241 0.034259
1 0.435728 0.927778 0.039589 0.053704
1 0.185484 0.871296 0.025904 0.070370
1 0.272727 0.825926 0.024438 0.025926
1 0.209433 0.829167 0.032747 0.034259
1 0.671065 0.801389 0.024438 0.039815
1 0.854106 0.795370 0.016129 0.031481
1 0.655914 0.825463 0.037146 0.093519
1 0.864858 0.758333 0.017107 0.044444
1 0.730450 0.799074 0.021994 0.075926
1 0.876833 0.747222 0.011730 0.014815
1 0.846774 0.763426 0.023949 0.067593
1 0.148094 0.727778 0.012708 0.029630
1 0.455279 0.730093 0.015152 0.050926
1 0.250978 0.699537 0.032747 0.037963
1 0.572581 0.699074 0.008309 0.031481
1 0.630254 0.711574 0.017107 0.056481
1 0.471408 0.683333 0.026882 0.042593
1 0.736559 0.690741 0.014663 0.031481
1 0.349462 0.668056 0.027370 0.045370
1 0.951613 0.657407 0.031281 0.051852
1 0.459189 0.642130 0.028837 0.032407
1 0.752199 0.599074 0.014663 0.037037
1 0.887341 0.581944 0.038612 0.034259
1 0.655914 0.538889 0.028348 0.027778
1 0.371212 0.534259 0.027859 0.035185
1 0.670821 0.513889 0.021994 0.051852
1 0.504888 0.485185 0.036168 0.074074
1 0.486070 0.424074 0.020039 0.033333
1 0.656891 0.374074 0.012708 0.025926
1 0.440616 0.369907 0.014174 0.026852
1 0.524194 0.336111 0.013196 0.029630
1 0.884653 0.327315 0.018573 0.034259
1 0.395650 0.359722 0.051320 0.095370
1 0.713832 0.324074 0.025904 0.053704
1 0.848485 0.252778 0.022483 0.035185
1 0.929374 0.228241 0.027859 0.034259
1 0.762463 0.229630 0.035191 0.066667
1 0.471652 0.198611 0.023460 0.056481
1 0.840665 0.188426 0.029326 0.062037
1 0.785679 0.167130 0.019062 0.023148
1 0.524682 0.162037 0.022972 0.035185
1 0.821359 0.024537 0.035679 0.049074
1 0.899316 0.008333 0.021505 0.016667
1 0.877810 0.018519 0.009775 0.037037
1 0.854106 0.009259 0.021994 0.018519
1 0.018817 0.695833 0.021994 0.047222
1 0.058407 0.689352 0.114858 0.276852
1 0.151271 0.888889 0.019062 0.033333
1 0.099218 0.970370 0.022483 0.027778
1 0.304741 0.922222 0.077713 0.101852
1 0.344575 0.456019 0.023460 0.028704
1 0.384164 0.252315 0.013685 0.047222
1 0.407625 0.245370 0.028348 0.038889
1 0.422532 0.253241 0.012219 0.030556
1 0.389052 0.278241 0.013685 0.041667
1 0.387341 0.499074 0.019062 0.025926
1 0.475073 0.387500 0.025415 0.069444
1 0.411290 0.649074 0.034702 0.066667
1 0.382209 0.819444 0.014663 0.053704
1 0.378788 0.795370 0.020528 0.037037
1 0.407136 0.762963 0.009775 0.018519
1 0.447214 0.872222 0.033236 0.037037
1 0.463832 0.893519 0.030303 0.050000
1 0.423754 0.904630 0.021505 0.024074
1 0.508798 0.827778 0.075269 0.094444
1 0.522483 0.967130 0.048876 0.063889
0 0.556207 0.904167 0.163245 0.158333
1 0.579179 0.954630 0.020528 0.055556
0 0.534213 0.773611 0.119257 0.197222
1 0.599218 0.647685 0.017595 0.050926
1 0.603128 0.610648 0.020528 0.054630
0 0.586999 0.597222 0.131965 0.240741
1 0.662268 0.612037 0.014663 0.038889
0 0.580401 0.383333 0.101173 0.388889
1 0.513441 0.291204 0.014174 0.032407
1 0.609482 0.226852 0.026393 0.044444
1 0.633187 0.236111 0.019062 0.042593
1 0.669844 0.209259 0.023949 0.061111
1 0.673509 0.229167 0.026393 0.093519
1 0.675709 0.281019 0.029814 0.082407
1 0.685973 0.232407 0.022972 0.059259
1 0.641740 0.288889 0.033236 0.090741
1 0.622678 0.295370 0.026393 0.027778
1 0.602884 0.285185 0.025904 0.062963
1 0.553519 0.161574 0.014174 0.039815
1 0.545943 0.146296 0.020528 0.018519
1 0.502688 0.084259 0.019062 0.035185
1 0.521750 0.050926 0.025904 0.042593
1 0.598729 0.172685 0.028348 0.036111
0 0.591398 0.087500 0.158358 0.134259
0 0.563050 0.041204 0.065494 0.082407
1 0.646872 0.835648 0.019062 0.030556
1 0.757331 0.868981 0.009286 0.030556
1 0.782502 0.835648 0.019550 0.028704
1 0.754643 0.813889 0.017595 0.033333
1 0.781281 0.788889 0.041544 0.083333
1 0.771505 0.768056 0.012219 0.056481
1 0.746823 0.896759 0.011730 0.034259
1 0.804497 0.869907 0.032258 0.084259
1 0.753910 0.930093 0.025904 0.049074
1 0.753421 0.956944 0.037634 0.049074
1 0.738514 0.976852 0.021505 0.040741
1 0.799120 0.958796 0.038123 0.049074
1 0.789345 0.943981 0.024438 0.076852
1 0.814761 0.960185 0.026393 0.070370
1 0.836266 0.851852 0.013685 0.037037
1 0.851662 0.857870 0.028837 0.089815
1 0.881476 0.880093 0.023949 0.039815
1 0.906647 0.895833 0.016618 0.043519
1 0.842620 0.897222 0.012708 0.042593
1 0.851173 0.929167 0.018084 0.037963
1 0.863392 0.949537 0.033724 0.056481
1 0.847019 0.954630 0.023460 0.027778
1 0.914223 0.954167 0.010264 0.036111
1 0.918377 0.915278 0.015640 0.023148
1 0.935239 0.944444 0.031769 0.051852
1 0.931818 0.922685 0.015152 0.019444
1 0.955279 0.892130 0.021994 0.032407
1 0.964809 0.916667 0.020528 0.035185
1 0.969941 0.930093 0.024927 0.039815
1 0.964809 0.850926 0.033236 0.081481
1 0.948192 0.804167 0.015640 0.047222
1 0.839687 0.730093 0.017595 0.028704
1 0.832111 0.728241 0.011241 0.021296
1 0.825269 0.702315 0.023949 0.043519
1 0.847019 0.684259 0.022483 0.075926
1 0.872190 0.694444 0.020039 0.046296
1 0.785435 0.684722 0.032258 0.082407
1 0.794721 0.631944 0.020528 0.071296
1 0.811584 0.617130 0.024927 0.067593
1 0.921554 0.634722 0.019062 0.045370
1 0.942815 0.719444 0.037146 0.051852
1 0.963099 0.706481 0.026882 0.059259
1 0.941105 0.661111 0.017107 0.059259
1 0.853617 0.562963 0.042522 0.101852
1 0.989980 0.756019 0.018084 0.073148
1 0.988759 0.669907 0.016618 0.047222
1 0.991935 0.701852 0.012219 0.038889
1 0.967498 0.543981 0.029814 0.058333
1 0.988514 0.548611 0.016129 0.073148
1 0.991935 0.582870 0.014174 0.036111
1 0.793744 0.486111 0.015640 0.061111
1 0.823803 0.498148 0.013196 0.038889
1 0.809384 0.480556 0.017595 0.035185
1 0.713343 0.481019 0.012219 0.036111
1 0.703324 0.447685 0.010753 0.034259
1 0.716031 0.448148 0.011730 0.020370
1 0.738759 0.428241 0.022972 0.026852
1 0.752688 0.458796 0.050831 0.089815
1 0.778837 0.453704 0.012219 0.033333
1 0.867546 0.429167 0.015640 0.041667
1 0.926931 0.400000 0.041544 0.051852
1 0.899804 0.345370 0.027370 0.059259
1 0.851906 0.346759 0.034213 0.039815
1 0.805718 0.345370 0.011241 0.033333
1 0.868768 0.266667 0.042522 0.050000
1 0.944526 0.279167 0.032747 0.073148
1 0.970674 0.275000 0.026393 0.081481
1 0.810850 0.218981 0.026393 0.021296
1 0.791300 0.203241 0.022483 0.054630
1 0.835044 0.140278 0.020039 0.039815
1 0.703568 0.094444 0.053275 0.053704
1 0.689394 0.041204 0.046432 0.045370
1 0.703812 0.036111 0.017595 0.035185
1 0.871945 0.060185 0.030303 0.083333