1 0.065494 0.025926 0.028348 0.042593
1 0.085044 0.161574 0.032258 0.043519
1 0.185973 0.220833 0.038612 0.052778
1 0.151271 0.013889 0.040567 0.027778
1 0.264418 0.035185 0.047898 0.053704
1 0.305963 0.046296 0.032258 0.038889
1 0.343353 0.037500 0.059140 0.073148
1 0.069159 0.400000 0.037634 0.053704
1 0.060850 0.374537 0.028837 0.062037
1 0.074291 0.298611 0.020528 0.045370
1 0.300831 0.123148 0.020039 0.040741
1 0.229228 0.348611 0.036168 0.050926
1 0.188416 0.412963 0.024927 0.046296
1 0.313539 0.419444 0.033724 0.040741
1 0.309629 0.378704 0.022972 0.037037
1 0.335533 0.287963 0.030792 0.053704
1 0.163001 0.445833 0.021017 0.050926
1 0.117302 0.464815 0.035191 0.050000
1 0.065982 0.512037 0.019550 0.050000
1 0.079423 0.562037 0.018084 0.059259
1 0.083822 0.613889 0.018084 0.029630
1 0.108504 0.691204 0.043011 0.058333
1 0.151026 0.561111 0.024438 0.061111
1 0.183284 0.608333 0.031281 0.066667
1 0.193304 0.517593 0.026882 0.059259
1 0.243646 0.576389 0.022972 0.032407
1 0.053763 0.956481 0.033236 0.062963
1 0.049365 0.889815 0.035191 0.053704
1 0.040567 0.861111 0.020528 0.042593
1 0.122434 0.861574 0.039589 0.041667
1 0.104594 0.833333 0.038123 0.050000
1 0.248045 0.877315 0.043500 0.069444
1 0.173754 0.788889 0.028837 0.042593
1 0.308407 0.845370 0.055718 0.074074
1 0.293255 0.755093 0.038123 0.071296
1 0.308162 0.609722 0.033724 0.060185
1 0.297410 0.550000 0.035679 0.062963
1 0.310606 0.987037 0.042522 0.014815
1 0.377566 0.568981 0.023949 0.050926
1 0.417400 0.063889 0.031281 0.077778
1 0.436461 0.117130 0.036168 0.047222
1 0.481427 0.158796 0.027370 0.037963
1 0.522727 0.173148 0.028837 0.048148
1 0.441593 0.206481 0.015152 0.033333
0 0.605816 0.051389 0.045455 0.087963
0 0.719208 0.054630 0.025904 0.107407
0 0.641251 0.281944 0.434018 0.563889
0 0.554741 0.598148 0.368524 0.433333
1 0.658847 0.477778 0.036168 0.044444
1 0.669110 0.553241 0.025415 0.054630
1 0.819892 0.358796 0.028837 0.056481
1 0.927419 0.205556 0.023949 0.038889
1 0.967742 0.209722 0.020528 0.034259
1 0.943060 0.381481 0.030792 0.064815
1 0.902981 0.321296 0.021994 0.035185
1 0.969941 0.387500 0.021994 0.052778
1 0.927419 0.481481 0.021017 0.066667
1 0.928641 0.589815 0.026393 0.046296
1 0.802786 0.543519 0.032747 0.079630
1 0.821114 0.608796 0.028348 0.054630
1 0.800831 0.644907 0.031769 0.050926
1 0.739980 0.689815 0.040078 0.072222
1 0.787879 0.782870 0.029326 0.043519
1 0.793988 0.722685 0.033724 0.047222
1 0.922287 0.750000 0.034213 0.048148
1 0.940371 0.830556 0.038123 0.051852
1 0.900293 0.834722 0.053763 0.063889
1 0.748289 0.842593 0.036168 0.051852
0 0.582845 0.859722 0.311339 0.278704
1 0.961388 0.896296 0.033236 0.051852
0 0.667889 0.031019 0.054252 0.045370
1 0.797410 0.018981 0.038612 0.037963