1 0.923265 0.960648 0.041056 0.073148
1 0.707967 0.670833 0.008309 0.041667
1 0.982160 0.511574 0.021994 0.078704
1 0.660557 0.354630 0.026882 0.040741
1 0.313783 0.320370 0.012708 0.024074
1 0.116813 0.332407 0.014663 0.085185
1 0.826735 0.313889 0.020039 0.059259
1 0.399071 0.119444 0.032747 0.033333
1 0.445748 0.092130 0.016618 0.080556
1 0.156891 0.047222 0.012708 0.027778
1 0.832111 0.017593 0.036657 0.035185
1 0.161046 0.639352 0.046432 0.075000
1 0.206989 0.091204 0.008309 0.012037
1 0.078935 0.299074 0.018084 0.018519
1 0.304497 0.803241 0.013685 0.039815
0 0.373900 0.840278 0.506354 0.315741
0 0.448680 0.656944 0.202346 0.673148
0 0.482405 0.250000 0.138807 0.500000
1 0.299120 0.190741 0.017595 0.040741
1 0.566960 0.783333 0.049853 0.085185
1 0.711877 0.851852 0.078690 0.107407
1 0.700635 0.931019 0.068915 0.128704
1 0.926442 0.622222 0.041544 0.079630