1 0.033480 0.301852 0.066960 0.200000
1 0.032258 0.468981 0.064516 0.169444
1 0.070626 0.699537 0.141251 0.369444
1 0.290567 0.125000 0.025904 0.105556
1 0.232405 0.110648 0.029814 0.058333
1 0.262708 0.245833 0.043500 0.071296
1 0.243891 0.382870 0.087977 0.134259
1 0.317204 0.321759 0.043011 0.117593
1 0.227517 0.568056 0.050342 0.075000
1 0.223363 0.685185 0.026393 0.061111
1 0.316716 0.685648 0.042033 0.049074
1 0.325513 0.031481 0.024438 0.062963
1 0.395894 0.020370 0.044966 0.040741
1 0.353128 0.094907 0.038612 0.062037
1 0.380499 0.118519 0.047410 0.068519
1 0.348729 0.188889 0.024927 0.098148
1 0.366813 0.248148 0.049365 0.074074
1 0.378299 0.298148 0.056696 0.098148
1 0.388807 0.369907 0.064027 0.130556
1 0.361681 0.464352 0.078201 0.173148
1 0.389296 0.560648 0.054252 0.084259
1 0.425464 0.512963 0.031769 0.042593
1 0.413978 0.571759 0.017595 0.091667
1 0.370723 0.603241 0.022972 0.086111
1 0.423021 0.649074 0.039589 0.135185
1 0.380010 0.672222 0.060117 0.111111
1 0.448680 0.705556 0.032258 0.064815
1 0.345064 0.715741 0.043011 0.079630
1 0.375367 0.753704 0.027370 0.035185
1 0.302297 0.805556 0.051320 0.057407
1 0.376100 0.842593 0.087488 0.151852
1 0.426442 0.872222 0.043500 0.074074
1 0.418866 0.948148 0.045943 0.100000
1 0.502199 0.889352 0.126588 0.219444
1 0.522727 0.981944 0.053275 0.034259
1 0.569404 0.972685 0.013685 0.050926
1 0.580890 0.847685 0.114858 0.187963
1 0.524194 0.744907 0.019062 0.065741
1 0.532991 0.663426 0.040567 0.123148
1 0.678152 0.895833 0.062072 0.104630
1 0.753177 0.949537 0.023460 0.084259
1 0.962854 0.936574 0.070381 0.125000
1 0.920577 0.936574 0.043500 0.039815
1 0.866569 0.914815 0.036168 0.083333
1 0.824291 0.978704 0.072825 0.040741
1 0.936950 0.894907 0.029326 0.056481
1 0.788368 0.856019 0.074291 0.102778
1 0.848485 0.830093 0.072336 0.099074
1 0.842131 0.881019 0.031281 0.067593
1 0.897361 0.845370 0.028348 0.064815
1 0.782014 0.784722 0.028348 0.093519
1 0.825269 0.726389 0.064027 0.102778
0 0.559140 0.415278 0.183773 0.223148
1 0.661779 0.330093 0.040078 0.123148
1 0.699902 0.345833 0.051808 0.065741
1 0.719453 0.400926 0.034213 0.040741
1 0.968719 0.129630 0.061584 0.218519
1 0.945503 0.284722 0.028837 0.034259
1 0.975806 0.287963 0.031769 0.068519
1 0.804497 0.178704 0.061584 0.124074
1 0.857283 0.220370 0.082111 0.122222
1 0.793744 0.221759 0.041056 0.071296
1 0.763930 0.073148 0.047898 0.051852
1 0.809140 0.025463 0.030792 0.049074
1 0.742913 0.099074 0.047898 0.075926
1 0.760508 0.254630 0.047898 0.105556
1 0.733627 0.175000 0.049853 0.100000
1 0.670332 0.172222 0.065982 0.190741
1 0.839932 0.424537 0.042522 0.087963
1 0.774927 0.426389 0.048387 0.106481
1 0.796432 0.476389 0.037634 0.102778
1 0.900293 0.390278 0.029326 0.069444
1 0.861437 0.523611 0.056207 0.073148
1 0.789589 0.529630 0.037634 0.083333
1 0.765885 0.594907 0.137830 0.162037
1 0.655914 0.703241 0.035191 0.115741
1 0.601173 0.590278 0.106549 0.186111
1 0.579179 0.688426 0.057674 0.110185
1 0.531769 0.570833 0.044966 0.149074
1 0.936217 0.576852 0.118768 0.168519
1 0.869257 0.733333 0.021994 0.131481
1 0.767595 0.675463 0.048387 0.121296
1 0.410802 0.257870 0.031769 0.100926
1 0.439394 0.200463 0.035191 0.093519
1 0.452835 0.146296 0.091398 0.196296
1 0.421310 0.088889 0.048876 0.090741
1 0.506109 0.197685 0.077713 0.152778
1 0.493157 0.046296 0.071359 0.092593
0 0.557674 0.060648 0.103617 0.121296
0 0.592864 0.177315 0.079179 0.313889
1 0.511975 0.119444 0.055230 0.137037
1 0.638319 0.033333 0.043011 0.066667
1 0.680352 0.018056 0.037146 0.036111
1 0.527859 0.296296 0.044966 0.068519
1 0.483871 0.342593 0.039101 0.044444