1 0.119746 0.874537 0.031281 0.080556
1 0.782991 0.856019 0.011730 0.032407
1 0.099462 0.829167 0.022972 0.058333
1 0.723363 0.822222 0.044966 0.083333
1 0.016618 0.781481 0.033236 0.033333
1 0.380743 0.778241 0.056696 0.063889
1 0.794477 0.753241 0.085533 0.104630
1 0.945259 0.604167 0.041056 0.115741
1 0.994624 0.641667 0.009775 0.040741
1 0.083333 0.630093 0.014174 0.034259
1 0.438416 0.620833 0.010753 0.030556
1 0.995112 0.575463 0.008798 0.047222
1 0.084555 0.550926 0.012708 0.016667
1 0.141740 0.533333 0.017595 0.031481
1 0.799120 0.522685 0.072336 0.143519
1 0.142717 0.500000 0.024438 0.038889
1 0.851417 0.525463 0.042033 0.093519
1 0.323314 0.353241 0.026882 0.050926
1 0.266373 0.351852 0.065494 0.112963
1 0.426442 0.307870 0.014174 0.039815
1 0.171310 0.298148 0.018084 0.025926
1 0.074780 0.285648 0.015640 0.078704
1 0.656403 0.158333 0.053763 0.098148
1 0.956500 0.165741 0.025415 0.046296
1 0.086022 0.152778 0.026393 0.077778
1 0.362659 0.163426 0.014663 0.056481
1 0.277859 0.135648 0.034702 0.049074
1 0.712610 0.135648 0.016618 0.037963
1 0.068671 0.108796 0.048387 0.043519
1 0.037879 0.034259 0.021994 0.050000
1 0.519306 0.057407 0.047410 0.066667
1 0.985093 0.025926 0.016129 0.042593
1 0.436950 0.786111 0.038123 0.088889
0 0.386608 0.640741 0.528837 0.703704
1 0.856549 0.615278 0.025904 0.049074
0 0.570137 0.169444 0.304497 0.338889
0 0.461877 0.036111 0.062561 0.072222