1 0.948925 0.604167 0.018084 0.032407
1 0.951124 0.637500 0.017595 0.030556
1 0.899071 0.417130 0.029814 0.050926
1 0.857771 0.453704 0.016618 0.025926
1 0.886608 0.449074 0.015640 0.020370
1 0.926931 0.578704 0.019062 0.038889
1 0.928886 0.548611 0.019062 0.025000
1 0.847996 0.218056 0.020528 0.034259
1 0.961632 0.166667 0.006354 0.020370
1 0.714076 0.312500 0.035191 0.049074
1 0.388807 0.204167 0.023949 0.036111
0 0.443304 0.236111 0.191593 0.472222
1 0.346285 0.156481 0.027859 0.055556
1 0.480938 0.210185 0.066471 0.092593
0 0.484360 0.500000 0.195503 0.559259
1 0.524194 0.390741 0.025904 0.050000
1 0.489003 0.654167 0.043500 0.030556
0 0.472141 0.794907 0.446725 0.299074
0 0.372434 0.958796 0.157380 0.080556
0 0.527370 0.938426 0.136852 0.119444
1 0.907625 0.913889 0.018573 0.020370