1 0.981916 0.985648 0.035191 0.026852
1 0.816960 0.981481 0.014174 0.029630
0 0.777370 0.975463 0.050342 0.047222
1 0.970919 0.902778 0.021994 0.066667
1 0.954057 0.810648 0.017595 0.041667
1 0.349951 0.706481 0.026393 0.035185
1 0.983627 0.593519 0.031769 0.055556
1 0.285924 0.508333 0.031281 0.031481
1 0.482649 0.475000 0.010264 0.024074
1 0.985337 0.311111 0.009775 0.016667
1 0.020772 0.331019 0.041544 0.065741
1 0.671065 0.244444 0.005865 0.018519
0 0.782014 0.282870 0.110459 0.217593
1 0.905425 0.098611 0.020039 0.023148
1 0.540567 0.085648 0.025415 0.028704
1 0.948192 0.014352 0.009775 0.028704
1 0.131232 0.160648 0.052297 0.095370
1 0.144428 0.450000 0.021994 0.051852
1 0.161535 0.443981 0.020039 0.028704
1 0.037146 0.870833 0.025415 0.049074
1 0.045455 0.783333 0.089932 0.098148
1 0.024927 0.606481 0.021505 0.068519
1 0.231183 0.923611 0.074291 0.149074
0 0.230694 0.970833 0.090909 0.054630
1 0.257087 0.916204 0.030303 0.058333
1 0.505621 0.723148 0.017107 0.027778
1 0.466764 0.550000 0.009775 0.035185
1 0.526149 0.425000 0.064027 0.062963
1 0.420332 0.343056 0.018573 0.025000
1 0.442082 0.406019 0.029814 0.067593
1 0.267351 0.843519 0.027370 0.042593
0 0.244868 0.770370 0.154448 0.181481
1 0.297165 0.703241 0.091887 0.110185
1 0.191349 0.571296 0.019062 0.037037
0 0.249511 0.618056 0.212610 0.169444
1 0.341153 0.528241 0.032258 0.041667
1 0.357527 0.595833 0.044477 0.069444
0 0.222385 0.406944 0.101662 0.336111
0 0.292766 0.312037 0.091887 0.198148
0 0.256598 0.122685 0.113392 0.245370
0 0.216764 0.018981 0.083578 0.037963
1 0.356549 0.223148 0.018084 0.037037
1 0.391496 0.172222 0.081134 0.203704
1 0.413978 0.050463 0.029326 0.036111
1 0.438905 0.036111 0.021505 0.027778
1 0.419844 0.708796 0.107527 0.230556
1 0.394428 0.653704 0.048876 0.101852
1 0.480938 0.249074 0.029326 0.046296
1 0.531769 0.025926 0.028348 0.033333
1 0.503910 0.045833 0.012708 0.091667
1 0.515640 0.042593 0.043011 0.046296
1 0.488025 0.062500 0.029814 0.065741
1 0.637586 0.967593 0.023949 0.050000
1 0.672043 0.942130 0.007820 0.021296
1 0.653715 0.840741 0.035679 0.061111
1 0.603128 0.686574 0.019550 0.043519
1 0.635142 0.723148 0.029814 0.061111
1 0.669599 0.406481 0.023460 0.053704
1 0.632454 0.486574 0.030303 0.034259
1 0.636852 0.479630 0.010753 0.061111
1 0.635386 0.388889 0.017595 0.016667
1 0.651026 0.423611 0.014663 0.056481
1 0.841153 0.920370 0.018573 0.040741
1 0.899804 0.912037 0.116325 0.162963
1 0.714565 0.798148 0.033236 0.112963
0 0.789101 0.789815 0.124633 0.344444
1 0.812072 0.443519 0.030792 0.072222
1 0.800098 0.375463 0.018573 0.060185
1 0.801808 0.380556 0.027859 0.025926
0 0.791789 0.556944 0.093842 0.204630
1 0.975318 0.691667 0.048387 0.111111
1 0.975318 0.415278 0.035679 0.087963
1 0.995357 0.437037 0.007331 0.024074
1 0.944037 0.260185 0.015152 0.037037
1 0.955767 0.218981 0.028837 0.041667
1 0.971163 0.164352 0.056696 0.130556
1 0.989980 0.105556 0.019062 0.059259
1 0.861193 0.407407 0.003910 0.098148
1 0.877322 0.457407 0.112414 0.198148
1 0.844086 0.575463 0.033236 0.054630
1 0.889296 0.337037 0.032747 0.061111
1 0.858749 0.212037 0.036168 0.064815
1 0.879032 0.272685 0.050342 0.087963
0 0.717742 0.044444 0.053275 0.088889
0 0.773705 0.092130 0.151515 0.104630
0 0.818426 0.049074 0.116813 0.098148
1 0.671799 0.310648 0.041544 0.071296
1 0.683773 0.283333 0.027370 0.075926
1 0.719208 0.269444 0.039589 0.092593