1 0.466276 0.230093 0.022483 0.039815
1 0.623656 0.372685 0.021505 0.045370
1 0.628055 0.556944 0.008798 0.034259
1 0.775660 0.618056 0.022483 0.026852
1 0.761241 0.669444 0.021017 0.066667
1 0.773216 0.989352 0.025415 0.017593
1 0.884409 0.561574 0.016129 0.034259
1 0.880254 0.609722 0.009775 0.017593
1 0.223363 0.903241 0.013685 0.026852
1 0.976295 0.904167 0.043500 0.069444
1 0.952346 0.982407 0.018084 0.027778
1 0.962366 0.679630 0.018573 0.024074
1 0.295455 0.780093 0.037634 0.058333
1 0.911779 0.453241 0.013196 0.039815
1 0.939394 0.256019 0.015640 0.047222
1 0.828446 0.060185 0.016618 0.018519
1 0.720186 0.127315 0.013196 0.041667
1 0.901271 0.890741 0.009775 0.033333
1 0.992913 0.510185 0.009286 0.029630