1 0.135386 0.076389 0.011730 0.015741
1 0.143939 0.895833 0.021017 0.047222
1 0.159335 0.753704 0.020528 0.029630
1 0.183040 0.595833 0.013196 0.026852
1 0.209677 0.021296 0.033236 0.040741
0 0.249022 0.062500 0.123656 0.125000
1 0.204545 0.090741 0.025904 0.044444
0 0.276637 0.186111 0.228739 0.122222
0 0.240958 0.338426 0.129032 0.232407
0 0.257820 0.468519 0.228250 0.196296
0 0.248778 0.922222 0.151515 0.153704
0 0.278592 0.813426 0.140762 0.260185
1 0.358504 0.498148 0.015152 0.033333
1 0.340176 0.665278 0.037146 0.043519
1 0.456012 0.838426 0.028348 0.076852
1 0.464076 0.724537 0.026882 0.025000
1 0.513685 0.707870 0.028348 0.026852
1 0.550587 0.691667 0.031769 0.075926
1 0.586022 0.603241 0.027370 0.041667
1 0.500000 0.581944 0.023460 0.026852
1 0.411046 0.398148 0.027370 0.038889
1 0.462121 0.496296 0.015152 0.044444
1 0.538368 0.394907 0.040567 0.052778
1 0.523460 0.278704 0.027370 0.050000
1 0.414956 0.324074 0.013685 0.035185
1 0.533724 0.521296 0.014663 0.031481
1 0.641496 0.820370 0.014174 0.033333
1 0.700880 0.831481 0.017595 0.040741
1 0.738514 0.838889 0.030303 0.057407
1 0.718964 0.794907 0.024438 0.049074
1 0.673265 0.561111 0.034702 0.070370
1 0.665689 0.507870 0.029326 0.036111
1 0.657380 0.536574 0.018573 0.032407
1 0.689394 0.616667 0.024927 0.042593
1 0.712121 0.609722 0.028348 0.056481
1 0.680841 0.147222 0.031281 0.046296
1 0.706012 0.197685 0.040567 0.112037
1 0.684995 0.225000 0.021994 0.072222
1 0.661535 0.887037 0.025904 0.064815
1 0.669599 0.967130 0.023460 0.060185
0 0.785435 0.901389 0.127077 0.160185
0 0.765396 0.601389 0.110459 0.150926
0 0.789589 0.485648 0.078690 0.195370
0 0.767840 0.377778 0.144673 0.151852
0 0.792033 0.069907 0.113881 0.139815
0 0.812072 0.218056 0.108993 0.212037
1 0.692326 0.687037 0.017107 0.042593
1 0.560117 0.189815 0.019550 0.037037
1 0.574047 0.126852 0.021994 0.037037
1 0.860948 0.150463 0.060117 0.075000
1 0.916667 0.091667 0.019062 0.046296
1 0.929374 0.211574 0.021017 0.060185
1 0.958700 0.168981 0.023949 0.050926
1 0.877810 0.310185 0.013685 0.042593
1 0.909091 0.385185 0.018573 0.033333
1 0.867791 0.343519 0.017107 0.031481
1 0.858016 0.516667 0.022972 0.085185
1 0.899804 0.734259 0.023460 0.048148
1 0.908358 0.890278 0.026882 0.069444
1 0.841153 0.917130 0.020528 0.045370