1 0.963099 0.779630 0.035679 0.046296
1 0.152493 0.450463 0.029326 0.065741
1 0.766373 0.412963 0.033236 0.105556
1 0.267107 0.298148 0.029814 0.088889
1 0.014663 0.229167 0.023460 0.054630
1 0.915689 0.212037 0.026882 0.077778
1 0.008065 0.098611 0.016129 0.054630
0 0.495357 0.932870 0.047410 0.126852
0 0.394428 0.928241 0.035191 0.134259
0 0.416178 0.646759 0.226295 0.552778
0 0.500000 0.342593 0.203324 0.685185
1 0.608749 0.464352 0.047410 0.049074
0 0.510753 0.103704 0.143695 0.207407
1 0.836510 0.893056 0.025904 0.080556
1 0.860215 0.476852 0.049853 0.116667
1 0.914956 0.459259 0.074291 0.112963
1 0.771994 0.030093 0.037634 0.056481
1 0.301320 0.195370 0.033724 0.074074
1 0.258309 0.804630 0.067937 0.131481
1 0.197214 0.652315 0.036657 0.102778
1 0.155670 0.588889 0.021994 0.085185