1 0.046921 0.860185 0.004888 0.022222
1 0.080156 0.787037 0.021505 0.024074
1 0.059140 0.703704 0.118280 0.112963
1 0.007820 0.709259 0.015640 0.051852
1 0.036413 0.601389 0.035679 0.045370
1 0.114858 0.474074 0.018573 0.025926
1 0.050098 0.375926 0.025904 0.062963
1 0.065738 0.372685 0.031769 0.056481
1 0.152004 0.202778 0.017595 0.025926
1 0.072092 0.046759 0.021994 0.049074
1 0.185484 0.092593 0.056207 0.070370
1 0.197947 0.494907 0.009775 0.017593
1 0.209189 0.385648 0.029326 0.067593
1 0.561584 0.761574 0.021505 0.034259
1 0.455034 0.305093 0.013685 0.012037
1 0.562561 0.055093 0.016618 0.026852
1 0.384164 0.786111 0.007820 0.022222
1 0.494379 0.300463 0.014174 0.019444
1 0.803030 0.982407 0.015640 0.033333
0 0.652493 0.162963 0.220919 0.146296
1 0.572092 0.087963 0.020039 0.066667
1 0.590909 0.097685 0.011730 0.049074
1 0.594575 0.238889 0.021017 0.033333
0 0.642229 0.438426 0.181818 0.315741
0 0.634897 0.781944 0.176931 0.432407
0 0.725073 0.955093 0.011241 0.087963
1 0.829912 0.129167 0.008798 0.015741
1 0.797654 0.202315 0.007820 0.012037