0 0.262219 0.517593 0.147116 0.194444
0 0.252444 0.298611 0.111926 0.173148
0 0.277126 0.743519 0.068426 0.094444
0 0.775660 0.944907 0.110459 0.108333
0 0.813294 0.783333 0.176931 0.179630
0 0.804497 0.607870 0.173998 0.254630
0 0.756354 0.187500 0.025904 0.106481
0 0.766862 0.088426 0.180841 0.176852
1 0.274438 0.061111 0.036657 0.040741
1 0.563050 0.579167 0.027370 0.065741
1 0.546188 0.556019 0.021017 0.037963
1 0.563050 0.659722 0.031281 0.028704
1 0.565982 0.708333 0.021505 0.046296
1 0.564272 0.771759 0.031769 0.058333
1 0.548631 0.804167 0.027859 0.052778
1 0.548387 0.874074 0.018573 0.044444
1 0.467253 0.824537 0.035191 0.060185
1 0.485337 0.764352 0.024438 0.039815
1 0.583578 0.479630 0.023460 0.024074
1 0.545455 0.451389 0.031281 0.039815
1 0.597752 0.578704 0.019550 0.046296
1 0.620235 0.799537 0.024438 0.065741
1 0.620968 0.676389 0.017107 0.052778
1 0.663490 0.670833 0.021017 0.028704
1 0.515396 0.624074 0.021994 0.037037
1 0.474096 0.534259 0.023460 0.027778
1 0.413734 0.567593 0.018084 0.037037
1 0.419844 0.756481 0.030303 0.050000
1 0.373167 0.803704 0.021017 0.031481
1 0.383675 0.749074 0.030303 0.057407
1 0.393451 0.686111 0.021505 0.040741
1 0.506843 0.830556 0.016618 0.048148
1 0.713587 0.882407 0.023460 0.035185
1 0.657136 0.628241 0.013196 0.028704
1 0.718964 0.533796 0.055718 0.063889
1 0.690860 0.470370 0.033724 0.050000
1 0.716520 0.458333 0.017595 0.029630
1 0.761241 0.465278 0.022972 0.030556
1 0.695503 0.397685 0.036168 0.076852
1 0.711877 0.320370 0.035679 0.068519
1 0.670332 0.326389 0.025904 0.052778
1 0.687683 0.243519 0.025415 0.050000
1 0.753421 0.330556 0.028837 0.053704
1 0.763930 0.391204 0.024438 0.041667
1 0.758798 0.296759 0.019062 0.019444
1 0.725806 0.203241 0.031281 0.065741
1 0.801320 0.265741 0.045455 0.085185
1 0.850929 0.293981 0.026393 0.054630
1 0.814027 0.403241 0.035679 0.062037
1 0.828935 0.453704 0.022483 0.035185
1 0.822092 0.493056 0.031281 0.030556
1 0.682063 0.151389 0.034702 0.050926
1 0.612414 0.132870 0.034213 0.049074
1 0.608260 0.280093 0.026882 0.036111
1 0.589198 0.353704 0.030792 0.064815
1 0.582845 0.442130 0.024927 0.037963
1 0.631720 0.556481 0.021994 0.037037
1 0.479717 0.488889 0.027859 0.044444
1 0.474096 0.418056 0.023460 0.041667
1 0.508798 0.328704 0.030303 0.048148
1 0.574780 0.146759 0.031281 0.041667
1 0.523460 0.138426 0.026393 0.032407
1 0.539345 0.023611 0.034702 0.041667
1 0.576979 0.045833 0.030792 0.032407
1 0.493402 0.025926 0.038612 0.046296
1 0.881965 0.216204 0.019062 0.043519
1 0.965298 0.189815 0.032258 0.057407
1 0.968719 0.131481 0.030303 0.033333
1 0.990958 0.185648 0.011241 0.062037
1 0.989247 0.442130 0.012708 0.050926
1 0.925464 0.719444 0.030792 0.059259
1 0.969697 0.838426 0.031281 0.063889
1 0.979472 0.898148 0.032258 0.070370
1 0.385386 0.439815 0.028837 0.059259
1 0.336266 0.392130 0.024438 0.052778
1 0.320870 0.218519 0.024927 0.035185
1 0.372923 0.092593 0.025415 0.035185
1 0.295699 0.112963 0.036168 0.051852
1 0.333822 0.037037 0.037146 0.046296
1 0.229228 0.892130 0.028348 0.039815
1 0.223851 0.803241 0.022483 0.039815
1 0.215787 0.725926 0.031769 0.055556
1 0.030059 0.833796 0.031769 0.050926
1 0.020528 0.329630 0.029326 0.059259
1 0.028837 0.243519 0.024438 0.037037
1 0.300342 0.686111 0.033724 0.055556
1 0.272972 0.886574 0.027859 0.037963
1 0.483382 0.317130 0.018573 0.043519
1 0.711144 0.014815 0.035191 0.027778
1 0.936950 0.120833 0.014663 0.028704
1 0.953812 0.065741 0.029814 0.046296
1 0.846530 0.017130 0.014663 0.028704
1 0.875367 0.496759 0.019550 0.041667
1 0.989492 0.637963 0.015152 0.046296
1 0.964321 0.467130 0.025415 0.030556
1 0.317449 0.827315 0.011241 0.076852
1 0.741935 0.396759 0.012708 0.056481