0 0.733871 0.992593 0.022972 0.012963
1 0.169355 0.927315 0.017107 0.050926
1 0.123412 0.881481 0.019062 0.044444
1 0.446725 0.808333 0.018573 0.059259
1 0.370235 0.732407 0.015152 0.048148
1 0.964076 0.722222 0.022972 0.064815
1 0.955767 0.663889 0.018084 0.020370
1 0.952102 0.596296 0.032258 0.077778
1 0.974585 0.521296 0.009775 0.020370
1 0.453568 0.454167 0.018573 0.034259
1 0.408847 0.267593 0.015152 0.031481
1 0.870968 0.186574 0.010753 0.008333
1 0.992669 0.075926 0.013685 0.061111
1 0.008798 0.626389 0.017595 0.060185
1 0.105083 0.926852 0.030303 0.035185
1 0.124878 0.249537 0.028837 0.017593
1 0.015640 0.276852 0.019550 0.025926
1 0.185239 0.197685 0.023460 0.036111
1 0.089687 0.306944 0.026882 0.058333
1 0.168133 0.034722 0.017595 0.041667
0 0.250000 0.043056 0.126588 0.086111
1 0.256109 0.025926 0.015640 0.038889
0 0.247801 0.153241 0.157380 0.239815
1 0.295455 0.106481 0.049365 0.066667
1 0.309873 0.293981 0.016618 0.058333
1 0.364125 0.206481 0.018573 0.066667
1 0.337977 0.264815 0.022972 0.038889
1 0.197458 0.410185 0.021505 0.044444
1 0.203568 0.446296 0.017107 0.029630
1 0.230205 0.418056 0.022483 0.036111
1 0.211388 0.416204 0.020039 0.030556
0 0.242913 0.338889 0.179863 0.185185
1 0.228250 0.540278 0.021505 0.043519
1 0.331378 0.585185 0.032258 0.050000
1 0.371457 0.406019 0.028348 0.067593
0 0.376588 0.018519 0.021017 0.037037
0 0.277615 0.648611 0.069404 0.199074
0 0.240958 0.769444 0.090909 0.275926
1 0.187195 0.676389 0.016618 0.025000
1 0.333578 0.820833 0.025904 0.049074
1 0.160802 0.975463 0.017595 0.041667
0 0.245112 0.955556 0.171554 0.085185
1 0.442326 0.908796 0.024438 0.050926
1 0.473118 0.906019 0.063539 0.087963
1 0.449902 0.943056 0.013196 0.028704
1 0.463587 0.975000 0.055230 0.048148
1 0.550831 0.886574 0.024438 0.037963
1 0.494379 0.678704 0.037634 0.083333
1 0.599951 0.701389 0.016129 0.025000
1 0.573069 0.804630 0.019062 0.033333
1 0.586022 0.827778 0.019550 0.022222
1 0.650538 0.927315 0.058651 0.076852
1 0.425953 0.183333 0.060117 0.153704
1 0.448192 0.120833 0.043011 0.076852
1 0.431085 0.390741 0.021505 0.051852
1 0.427175 0.428241 0.019550 0.047222
1 0.462854 0.487963 0.018573 0.037037
1 0.482893 0.474074 0.032258 0.061111
1 0.510997 0.431944 0.037634 0.062037
1 0.470186 0.440278 0.015640 0.019444
1 0.527370 0.023611 0.019550 0.036111
1 0.539101 0.100000 0.016618 0.046296
1 0.496334 0.251852 0.087488 0.155556
1 0.594086 0.166667 0.042522 0.064815
1 0.648338 0.306019 0.013196 0.047222
1 0.583333 0.293981 0.121701 0.182407
1 0.573558 0.593981 0.021994 0.036111
1 0.599707 0.475000 0.058651 0.148148
1 0.634409 0.404630 0.032258 0.042593
1 0.646139 0.556481 0.021505 0.100000
1 0.664712 0.661574 0.018573 0.041667
1 0.696970 0.446296 0.062561 0.112963
1 0.723363 0.547222 0.024438 0.046296
1 0.696725 0.716204 0.021994 0.047222
1 0.809384 0.014352 0.022483 0.028704
1 0.776149 0.046296 0.058651 0.092593
1 0.818182 0.105556 0.012708 0.059259
1 0.837488 0.092130 0.011241 0.034259
1 0.838710 0.135648 0.018573 0.058333
1 0.788123 0.161574 0.018084 0.047222
1 0.719941 0.252315 0.022483 0.043519
1 0.775660 0.104630 0.030303 0.046296
1 0.769795 0.143056 0.014663 0.028704
1 0.740469 0.137963 0.040078 0.103704
1 0.726784 0.088889 0.025415 0.044444
1 0.721896 0.052778 0.014663 0.009259
1 0.890518 0.216667 0.016618 0.055556
1 0.923021 0.143056 0.019062 0.060185
1 0.955279 0.179630 0.012219 0.031481
1 0.933529 0.246296 0.021505 0.042593
1 0.929863 0.190278 0.012219 0.039815
1 0.956500 0.250000 0.028348 0.072222
1 0.976784 0.233333 0.024927 0.048148
1 0.931085 0.340741 0.045943 0.068519
0 0.784457 0.369444 0.116325 0.275926
1 0.810362 0.402778 0.034213 0.048148
1 0.932796 0.399537 0.018084 0.039815
1 0.950147 0.422222 0.046921 0.083333
0 0.784946 0.925926 0.082111 0.144444
0 0.784946 0.714352 0.124145 0.275000
1 0.743157 0.768519 0.099218 0.237037
0 0.864370 0.869444 0.149071 0.257407
1 0.797165 0.577315 0.067449 0.110185
1 0.848974 0.521296 0.096774 0.159259
1 0.861193 0.695370 0.090909 0.220370
1 0.941349 0.940741 0.018573 0.012963
1 0.913978 0.976852 0.050831 0.044444
1 0.880499 0.484722 0.026882 0.052778
1 0.959677 0.978241 0.031769 0.037963