1 0.950635 0.986574 0.023460 0.025000
1 0.738514 0.870833 0.043988 0.069444
1 0.601173 0.720833 0.032258 0.062037
1 0.494624 0.654167 0.008798 0.017593
1 0.789834 0.550926 0.016618 0.038889
1 0.519795 0.528704 0.011241 0.012963
1 0.198680 0.509259 0.024927 0.051852
1 0.608993 0.509722 0.023460 0.054630
1 0.467986 0.493981 0.016129 0.041667
1 0.804985 0.450000 0.008798 0.022222
1 0.517840 0.443981 0.020039 0.056481
1 0.383920 0.421759 0.037634 0.043519
1 0.774194 0.376852 0.010753 0.020370
1 0.024682 0.307407 0.010264 0.022222
1 0.800342 0.316204 0.024927 0.041667
1 0.839687 0.266667 0.016618 0.033333
1 0.190860 0.205093 0.052297 0.139815
1 0.172043 0.042593 0.018573 0.035185
1 0.854594 0.011574 0.037634 0.023148
1 0.821848 0.007407 0.013196 0.014815
1 0.753910 0.029630 0.050342 0.059259
1 0.320626 0.037963 0.060606 0.075926
1 0.532991 0.842130 0.038612 0.049074
1 0.553519 0.866204 0.020039 0.030556
0 0.625367 0.856019 0.233138 0.286111
1 0.560606 0.936111 0.028348 0.037037
1 0.817937 0.878241 0.057185 0.086111
1 0.938416 0.818056 0.049853 0.091667
1 0.817693 0.583796 0.037146 0.063889
1 0.832356 0.524537 0.025415 0.065741
1 0.851417 0.568519 0.056696 0.096296
1 0.669110 0.550463 0.022483 0.082407
1 0.712366 0.489815 0.060117 0.125926
1 0.114125 0.567593 0.038612 0.055556
1 0.683040 0.311574 0.079668 0.230556
0 0.513685 0.235648 0.343109 0.471296
1 0.642962 0.071759 0.069892 0.143519
1 0.560606 0.054630 0.071359 0.053704
1 0.106061 0.886574 0.039101 0.076852
1 0.492669 0.090278 0.010753 0.023148