0 0.748534 0.800926 0.146139 0.244444
0 0.755376 0.536574 0.159824 0.252778
0 0.745112 0.363889 0.046432 0.083333
0 0.208456 0.780556 0.125611 0.155556
0 0.216031 0.343981 0.129032 0.245370
0 0.224585 0.180093 0.081623 0.117593
0 0.236315 0.039815 0.065005 0.079630
0 0.232649 0.906481 0.081134 0.081481
1 0.860459 0.769907 0.021994 0.050926
1 0.827224 0.682870 0.037634 0.056481
1 0.916178 0.658333 0.020039 0.035185
1 0.915200 0.551852 0.026882 0.068519
1 0.962610 0.612037 0.021994 0.048148
1 0.989247 0.651852 0.010753 0.022222
1 0.934262 0.734722 0.011241 0.037963
1 0.942326 0.851852 0.011730 0.044444
1 0.988025 0.862963 0.015152 0.053704
1 0.934751 0.914352 0.021994 0.041667
1 0.967742 0.498148 0.043988 0.066667
1 0.894673 0.448148 0.041544 0.090741
1 0.939394 0.431481 0.019550 0.022222
1 0.955523 0.394444 0.024438 0.035185
1 0.956256 0.342593 0.025904 0.042593
1 0.929374 0.336111 0.022972 0.029630
1 0.857527 0.299537 0.021017 0.039815
1 0.821603 0.297685 0.032258 0.062037
1 0.837732 0.341667 0.021505 0.038889
1 0.814516 0.395370 0.016129 0.024074
1 0.815005 0.238426 0.020039 0.039815
1 0.923021 0.271296 0.021994 0.038889
1 0.963099 0.284259 0.019062 0.038889
1 0.986315 0.344907 0.018573 0.047222
1 0.981183 0.445833 0.020039 0.028704
1 0.984360 0.284722 0.012708 0.039815
1 0.970919 0.206019 0.021994 0.054630
1 0.934018 0.216204 0.020528 0.052778
1 0.956256 0.161111 0.025904 0.048148
1 0.991935 0.394444 0.009286 0.025926
1 0.945503 0.103241 0.021017 0.032407
1 0.961144 0.066667 0.027859 0.048148
1 0.988025 0.154630 0.013196 0.048148
1 0.836510 0.116204 0.018084 0.058333
1 0.778348 0.699537 0.014174 0.037963
1 0.785924 0.675000 0.017595 0.029630
1 0.758798 0.669444 0.021017 0.035185
1 0.705767 0.665741 0.036168 0.035185
1 0.781525 0.900926 0.022483 0.044444
1 0.679863 0.315741 0.025415 0.035185
1 0.710411 0.220833 0.017107 0.043519
1 0.680352 0.207870 0.019550 0.039815
1 0.678641 0.108796 0.027859 0.043519
1 0.687195 0.070833 0.031281 0.039815
1 0.679619 0.024537 0.027859 0.043519
1 0.637830 0.186574 0.030303 0.054630
1 0.651515 0.271296 0.019550 0.044444
1 0.716276 0.399074 0.040567 0.038889
1 0.678152 0.412500 0.026882 0.052778
1 0.660068 0.477315 0.025904 0.041667
1 0.655914 0.533333 0.022483 0.044444
1 0.639052 0.656481 0.019062 0.035185
1 0.628299 0.627778 0.026882 0.051852
1 0.673998 0.583333 0.025415 0.035185
1 0.605816 0.656019 0.028837 0.043519
1 0.668866 0.736111 0.020039 0.046296
1 0.698192 0.804630 0.034702 0.042593
1 0.697214 0.895370 0.048387 0.046296
1 0.667400 0.915741 0.028837 0.061111
1 0.646872 0.920370 0.015152 0.044444
1 0.577713 0.745370 0.043988 0.055556
1 0.564272 0.706944 0.040567 0.069444
1 0.540078 0.658796 0.031281 0.052778
1 0.556696 0.614815 0.030303 0.044444
1 0.596285 0.519907 0.025415 0.049074
1 0.508553 0.586111 0.028837 0.057407
1 0.450391 0.630093 0.049365 0.056481
1 0.498534 0.449074 0.028348 0.057407
1 0.527615 0.514815 0.021017 0.033333
1 0.609726 0.332870 0.028837 0.052778
1 0.565982 0.336111 0.027370 0.042593
1 0.588710 0.273611 0.035679 0.062037
1 0.529814 0.337500 0.020528 0.043519
1 0.517351 0.294444 0.039589 0.077778
1 0.565494 0.193519 0.019550 0.046296
1 0.622434 0.271296 0.015152 0.035185
1 0.546921 0.271296 0.017595 0.040741
1 0.528348 0.241667 0.012708 0.042593
1 0.522972 0.175463 0.027370 0.050926
1 0.533969 0.120370 0.021994 0.050000
1 0.625855 0.101852 0.023949 0.038889
1 0.604350 0.055093 0.018084 0.041667
1 0.488759 0.112037 0.031281 0.059259
1 0.433040 0.270370 0.052786 0.077778
1 0.470919 0.370370 0.022972 0.038889
1 0.476051 0.462037 0.022483 0.059259
1 0.438416 0.466204 0.023460 0.054630
1 0.374878 0.406019 0.033236 0.052778
1 0.358993 0.518981 0.021017 0.037963
1 0.374389 0.599074 0.032258 0.057407
1 0.357038 0.687500 0.046432 0.075000
1 0.471408 0.832407 0.038612 0.074074
1 0.462121 0.800463 0.031769 0.054630
1 0.530547 0.774074 0.030792 0.046296
1 0.510020 0.703704 0.022972 0.033333
1 0.552542 0.877315 0.045455 0.063889
1 0.547165 0.908333 0.034702 0.037037
1 0.514418 0.818056 0.033724 0.060185
1 0.454790 0.910648 0.045455 0.054630
1 0.640274 0.825926 0.025415 0.048148
1 0.691838 0.530093 0.028837 0.032407
1 0.509531 0.912963 0.020039 0.033333
1 0.260753 0.594444 0.027859 0.044444
1 0.232649 0.527778 0.025415 0.055556
1 0.246334 0.489352 0.025415 0.049074
1 0.344819 0.242593 0.031769 0.079630
1 0.356549 0.064815 0.040567 0.061111
1 0.382698 0.025926 0.048876 0.050000
1 0.392473 0.071296 0.024438 0.038889
1 0.558162 0.018981 0.031281 0.037963
1 0.177664 0.127778 0.021994 0.048148
1 0.192082 0.528704 0.032258 0.053704
1 0.028104 0.081944 0.016129 0.039815
1 0.009531 0.041204 0.014174 0.045370
1 0.120968 0.063889 0.027859 0.035185
1 0.110459 0.233333 0.018573 0.035185
1 0.141007 0.182870 0.021017 0.039815
1 0.117791 0.331481 0.032258 0.033333
1 0.017840 0.403704 0.021017 0.057407
1 0.034702 0.764352 0.022483 0.052778
1 0.028348 0.616204 0.020528 0.039815
1 0.355083 0.923148 0.028837 0.046296
1 0.200635 0.669444 0.033724 0.038889
1 0.350440 0.357870 0.024438 0.050926
0 0.740469 0.109722 0.088954 0.219444
0 0.774438 0.182407 0.101173 0.200000