1 0.054985 0.072222 0.100196 0.142593
1 0.027370 0.049074 0.031281 0.038889
1 0.012952 0.102778 0.021017 0.042593
1 0.015885 0.239352 0.028837 0.054630
1 0.029326 0.191667 0.035191 0.048148
1 0.053763 0.246759 0.023460 0.039815
1 0.021261 0.322685 0.041544 0.102778
1 0.051075 0.605556 0.101173 0.435185
1 0.101417 0.572685 0.030792 0.078704
1 0.090909 0.830556 0.030303 0.057407
1 0.112414 0.937963 0.044966 0.111111
1 0.096774 0.985185 0.025415 0.024074
1 0.019795 0.951389 0.039589 0.091667
1 0.123656 0.671296 0.028348 0.035185
1 0.176442 0.355556 0.026393 0.059259
1 0.233138 0.352315 0.026393 0.062037
1 0.188661 0.120370 0.048876 0.077778
1 0.283724 0.017130 0.034702 0.028704
1 0.248289 0.023611 0.034213 0.041667
1 0.350929 0.034259 0.060606 0.046296
1 0.257576 0.224074 0.043011 0.059259
1 0.429374 0.165278 0.045455 0.075000
1 0.375367 0.316204 0.087977 0.156481
1 0.446237 0.287963 0.090909 0.151852
1 0.399071 0.391204 0.052297 0.063889
1 0.460411 0.382407 0.050831 0.100000
1 0.435728 0.458796 0.108993 0.145370
1 0.397605 0.549537 0.022972 0.045370
1 0.332356 0.662500 0.050831 0.136111
1 0.384164 0.635648 0.022483 0.073148
1 0.229717 0.862963 0.041056 0.070370
1 0.396139 0.743519 0.053275 0.081481
1 0.458211 0.815741 0.083578 0.142593
1 0.400538 0.841204 0.038612 0.049074
1 0.401026 0.929167 0.034702 0.043519
1 0.487537 0.610185 0.043500 0.105556
1 0.455279 0.704630 0.026882 0.053704
1 0.504399 0.706944 0.067449 0.084259
1 0.565005 0.493519 0.062561 0.111111
0 0.587977 0.356944 0.116325 0.347222
0 0.607283 0.124537 0.168622 0.249074
1 0.790078 0.138889 0.066960 0.096296
1 0.807429 0.037963 0.032258 0.074074
1 0.857038 0.069907 0.082600 0.139815
1 0.836510 0.208796 0.036657 0.063889
1 0.853617 0.276389 0.029814 0.076852
1 0.896383 0.244907 0.043011 0.100926
1 0.962610 0.160185 0.049365 0.059259
1 0.977517 0.062963 0.038123 0.125926
1 0.982160 0.203704 0.029814 0.062963
1 0.790323 0.321759 0.037146 0.084259
1 0.830890 0.368056 0.016618 0.039815
1 0.886119 0.416204 0.066471 0.119444
1 0.963587 0.508796 0.028837 0.078704
1 0.691838 0.427778 0.087488 0.150000
1 0.752933 0.523148 0.073803 0.075926
1 0.772727 0.606944 0.032258 0.082407
1 0.797654 0.756481 0.059629 0.168519
1 0.727028 0.619907 0.045455 0.125000
0 0.696725 0.837963 0.089443 0.203704
1 0.745846 0.790278 0.097752 0.237963
1 0.764174 0.921759 0.084555 0.147222
1 0.863392 0.900463 0.039589 0.139815
1 0.856061 0.783796 0.039589 0.123148
1 0.879277 0.677778 0.055718 0.092593
1 0.931329 0.650463 0.035679 0.050926
1 0.903715 0.772685 0.043988 0.065741
1 0.902737 0.868981 0.072336 0.108333
1 0.948680 0.940278 0.088954 0.113889
1 0.804985 0.198611 0.018573 0.036111
1 0.468231 0.066667 0.050831 0.127778
1 0.521017 0.062963 0.056696 0.116667
1 0.353128 0.177315 0.039589 0.050926
1 0.678641 0.649537 0.029814 0.071296
1 0.816471 0.530093 0.033724 0.076852
1 0.514907 0.177778 0.019062 0.046296
1 0.413245 0.044907 0.023949 0.039815
0 0.568915 0.915278 0.107527 0.147222
0 0.573314 0.699074 0.161290 0.353704