1 0.900782 0.936574 0.112414 0.125000
1 0.705279 0.928704 0.059629 0.125926
1 0.179619 0.844444 0.030792 0.035185
1 0.965543 0.692593 0.031769 0.064815
1 0.212854 0.665741 0.065982 0.096296
1 0.284213 0.527778 0.019062 0.031481
1 0.055474 0.502315 0.054252 0.062037
1 0.715543 0.491204 0.054741 0.067593
1 0.154203 0.473611 0.011241 0.067593
1 0.401271 0.448611 0.045943 0.073148
1 0.668133 0.414815 0.033236 0.096296
1 0.461632 0.365278 0.023949 0.036111
1 0.329423 0.369444 0.028348 0.077778
1 0.387097 0.331944 0.015640 0.041667
1 0.098240 0.304630 0.013685 0.038889
1 0.860948 0.254167 0.016129 0.052778
1 0.547165 0.225463 0.022972 0.030556
1 0.417889 0.188426 0.040078 0.041667
1 0.010020 0.143981 0.020039 0.075000
1 0.137097 0.044907 0.030792 0.028704
1 0.657869 0.056944 0.013685 0.093519
1 0.348729 0.075000 0.072825 0.092593
1 0.375367 0.136111 0.043011 0.068519
0 0.565005 0.542593 0.134897 0.562963
0 0.537390 0.823611 0.203812 0.328704