0 0.386608 0.954167 0.017595 0.089815
1 0.471163 0.327315 0.043011 0.095370
1 0.386852 0.364815 0.034702 0.098148
1 0.276149 0.015278 0.033236 0.028704
1 0.327468 0.894444 0.038123 0.116667
1 0.232160 0.911574 0.026393 0.087963
1 0.062561 0.863889 0.029326 0.046296
1 0.005865 0.881944 0.011730 0.060185
1 0.085044 0.356944 0.011730 0.039815
1 0.329668 0.659259 0.023949 0.033333
1 0.833822 0.612500 0.063539 0.123148
1 0.882454 0.823611 0.018084 0.097222
1 0.790078 0.658796 0.016129 0.030556
1 0.711632 0.588889 0.024438 0.033333
1 0.957967 0.023611 0.024438 0.045370
0 0.588465 0.019444 0.017595 0.033333
0 0.524927 0.017593 0.019550 0.033333
1 0.653959 0.918056 0.037146 0.071296
0 0.496090 0.107870 0.350929 0.215741
0 0.570626 0.432870 0.228250 0.626852
0 0.504399 0.750926 0.306940 0.492593