1 0.206745 0.077778 0.039101 0.064815
0 0.278348 0.141667 0.113881 0.257407
1 0.399316 0.164352 0.041056 0.086111
0 0.252688 0.425000 0.183773 0.383333
0 0.266129 0.775000 0.146139 0.290741
0 0.250489 0.962500 0.140274 0.071296
1 0.448436 0.401389 0.086510 0.113889
1 0.483871 0.361111 0.036168 0.094444
1 0.365347 0.359259 0.029814 0.064815
1 0.479717 0.100000 0.044477 0.138889
1 0.570381 0.244907 0.029326 0.047222
1 0.592131 0.390278 0.036657 0.054630
1 0.592620 0.459722 0.044477 0.054630
1 0.567693 0.771759 0.049365 0.112037
1 0.492424 0.919444 0.056207 0.101852
0 0.780792 0.271296 0.117791 0.183333
1 0.942815 0.125926 0.106549 0.190741
0 0.799853 0.702315 0.134409 0.237963
1 0.792033 0.875463 0.126588 0.206481
0 0.777370 0.968519 0.080645 0.055556
1 0.956989 0.554630 0.041056 0.079630
1 0.860215 0.518981 0.039101 0.069444
1 0.795699 0.593981 0.037146 0.084259
1 0.205767 0.874074 0.027370 0.092593
1 0.983871 0.671296 0.017595 0.085185
1 0.965543 0.269444 0.035679 0.070370
1 0.961388 0.762037 0.034213 0.057407
1 0.456500 0.266204 0.027370 0.047222