0 0.449658 0.952315 0.029326 0.093519
1 0.680841 0.830556 0.009775 0.027778
0 0.509042 0.891667 0.278104 0.214815
1 0.586266 0.761111 0.012219 0.024074
1 0.493646 0.731019 0.009775 0.023148
1 0.256598 0.742130 0.032258 0.049074
1 0.108993 0.693519 0.021505 0.075926
1 0.767351 0.572685 0.011730 0.034259
1 0.539345 0.501389 0.010264 0.023148
1 0.263441 0.152315 0.015640 0.028704
1 0.617302 0.138426 0.011730 0.017593
1 0.239003 0.036574 0.013685 0.032407
0 0.509531 0.642593 0.318182 0.225926
1 0.020039 0.116204 0.024438 0.054630
1 0.118280 0.219444 0.040078 0.070370
1 0.102151 0.360185 0.037146 0.062963
1 0.119013 0.458333 0.037634 0.059259
1 0.106305 0.527778 0.038612 0.053704
1 0.153959 0.530093 0.038123 0.063889
1 0.216276 0.033333 0.028837 0.059259
1 0.239247 0.008796 0.016129 0.017593
1 0.435239 0.090741 0.028837 0.066667
1 0.558895 0.710648 0.054252 0.023148
0 0.530547 0.264352 0.107038 0.528704
1 0.834066 0.156944 0.051320 0.075000
1 0.932796 0.719444 0.067937 0.094444
1 0.967742 0.609259 0.020528 0.035185
1 0.955523 0.522685 0.029326 0.078704