1 0.306940 0.441204 0.053763 0.063889
1 0.123412 0.215278 0.029814 0.032407
1 0.024927 0.244444 0.043988 0.079630
1 0.227273 0.467593 0.068426 0.105556
1 0.180108 0.443981 0.058162 0.076852
1 0.454057 0.076852 0.056696 0.059259
1 0.505865 0.017593 0.031281 0.033333
1 0.159335 0.022222 0.043988 0.044444
1 0.144917 0.714352 0.049365 0.099074
1 0.481183 0.726852 0.060117 0.087037
1 0.398583 0.551852 0.044477 0.075926
1 0.874389 0.757870 0.059629 0.110185
1 0.734360 0.414352 0.046432 0.087963
1 0.691349 0.353241 0.044477 0.123148
1 0.654692 0.380556 0.033724 0.094444
1 0.705279 0.166667 0.037146 0.062963
1 0.789345 0.027315 0.054741 0.049074
1 0.984604 0.585648 0.024927 0.110185
1 0.851417 0.581481 0.030303 0.079630
1 0.817937 0.428704 0.021017 0.046296
1 0.941349 0.261574 0.025415 0.050926
1 0.529814 0.832407 0.037146 0.070370
1 0.542033 0.737500 0.031281 0.039815
1 0.012463 0.932870 0.023949 0.112037
1 0.037879 0.015741 0.028837 0.022222
0 0.606061 0.614815 0.307918 0.338889
0 0.619501 0.218981 0.111926 0.436111
0 0.591153 0.805093 0.163734 0.380556