1 0.056940 0.089352 0.036657 0.036111
1 0.121212 0.538889 0.024438 0.055556
1 0.204057 0.908796 0.017107 0.043519
1 0.349707 0.852315 0.044477 0.073148
1 0.342375 0.824074 0.011241 0.029630
1 0.366080 0.820833 0.024438 0.019444
1 0.452102 0.956019 0.059629 0.082407
1 0.439394 0.647685 0.045943 0.045370
1 0.532991 0.145833 0.021017 0.037963
1 0.544233 0.087037 0.013196 0.025926
1 0.454545 0.008796 0.021505 0.017593
1 0.754399 0.188889 0.007331 0.020370
1 0.777859 0.240278 0.037634 0.076852
1 0.581134 0.187963 0.043011 0.066667
1 0.521750 0.046296 0.071848 0.092593
1 0.551320 0.647222 0.024438 0.070370
1 0.739003 0.851389 0.048876 0.102778
1 0.764663 0.823611 0.007331 0.012037
1 0.803275 0.713889 0.039589 0.077778
1 0.782991 0.596296 0.014663 0.027778
1 0.731183 0.462037 0.014663 0.027778
1 0.801075 0.107407 0.007820 0.020370
1 0.799120 0.015278 0.029326 0.030556
1 0.940616 0.910648 0.036657 0.075000
1 0.925709 0.606481 0.021505 0.027778
1 0.878055 0.595370 0.025904 0.061111
1 0.898094 0.447222 0.010264 0.016667
1 0.859971 0.393981 0.032747 0.043519
1 0.907136 0.418981 0.016618 0.030556
1 0.891251 0.515278 0.028837 0.056481
1 0.936217 0.523148 0.011241 0.037037
1 0.966520 0.488426 0.007331 0.045370
1 0.991935 0.313889 0.014174 0.025926
1 0.995601 0.335648 0.007820 0.025000
1 0.995112 0.408333 0.007820 0.014815
1 0.992180 0.510648 0.014663 0.013889
1 0.189150 0.303241 0.014663 0.019444
1 0.312317 0.316667 0.080156 0.157407
1 0.317204 0.614815 0.006843 0.027778
1 0.630743 0.462963 0.056207 0.135185
0 0.625855 0.362037 0.307429 0.535185
1 0.519062 0.332407 0.011730 0.024074
0 0.654448 0.889352 0.335288 0.219444
0 0.624145 0.602315 0.388074 0.741667
0 0.865836 0.938426 0.040567 0.119444