1 0.247801 0.102778 0.022483 0.048148
1 0.246334 0.438889 0.021505 0.048148
1 0.259775 0.497685 0.053275 0.075000
1 0.250489 0.577315 0.023949 0.034259
1 0.030792 0.595370 0.043988 0.070370
1 0.231672 0.842130 0.031281 0.065741
1 0.340176 0.899074 0.038123 0.057407
1 0.286413 0.980556 0.034213 0.033333
1 0.355572 0.977315 0.026882 0.041667
1 0.488270 0.738426 0.055718 0.136111
1 0.493402 0.463889 0.034702 0.051852
1 0.554497 0.521759 0.054252 0.056481
0 0.506598 0.101852 0.216520 0.203704
0 0.501466 0.298148 0.205279 0.429630
1 0.625611 0.256481 0.027370 0.046296
1 0.665445 0.247685 0.033724 0.062037
0 0.541789 0.667130 0.317204 0.641667
0 0.489492 0.864815 0.186217 0.266667
1 0.823069 0.032870 0.052786 0.065741
1 0.881720 0.893519 0.060606 0.074074
1 0.840665 0.527315 0.040078 0.065741
1 0.940860 0.396759 0.033236 0.062037