1 0.204790 0.040741 0.014663 0.031481
0 0.315738 0.067130 0.128055 0.134259
1 0.263196 0.143056 0.080645 0.117593
1 0.283969 0.260648 0.076246 0.132407
1 0.219941 0.326852 0.017595 0.025926
0 0.286168 0.335648 0.054252 0.158333
1 0.266862 0.422222 0.040078 0.068519
0 0.311339 0.445370 0.107527 0.300000
0 0.262219 0.677778 0.071848 0.272222
0 0.319892 0.807870 0.087488 0.378704
1 0.368524 0.699537 0.020528 0.058333
1 0.233871 0.772685 0.051320 0.110185
1 0.248289 0.679630 0.037146 0.094444
1 0.458211 0.441667 0.023949 0.048148
1 0.493646 0.959722 0.017595 0.032407
1 0.475562 0.833333 0.032258 0.055556
1 0.514907 0.780556 0.033724 0.057407
1 0.385386 0.215741 0.019062 0.037037
0 0.834800 0.083796 0.129032 0.167593
0 0.816471 0.293981 0.078690 0.200926
0 0.801808 0.452778 0.131476 0.129630
1 0.711388 0.479630 0.016129 0.046296
1 0.729961 0.887037 0.086510 0.138889
0 0.825513 0.773611 0.163245 0.237963
0 0.837488 0.891667 0.094330 0.112963
0 0.826246 0.975000 0.095308 0.048148
1 0.945259 0.653704 0.027370 0.090741
1 0.969208 0.565278 0.025415 0.045370
1 0.947703 0.848611 0.011730 0.028704
0 0.881965 0.376389 0.088465 0.128704
1 0.939638 0.365741 0.017107 0.046296
1 0.937439 0.187963 0.023460 0.046296