1 0.751955 0.764352 0.023949 0.062037
1 0.831623 0.709722 0.040567 0.039815
1 0.742913 0.710185 0.034213 0.087037
1 0.592620 0.653241 0.021994 0.021296
1 0.027370 0.660185 0.025415 0.040741
1 0.141984 0.678241 0.039589 0.095370
1 0.166422 0.563426 0.020039 0.032407
1 0.676686 0.618519 0.068915 0.150000
1 0.749511 0.541667 0.008309 0.022222
1 0.910313 0.516667 0.081623 0.138889
1 0.251711 0.446296 0.009775 0.022222
1 0.166422 0.459259 0.054252 0.133333
1 0.120235 0.416204 0.018573 0.058333
1 0.802786 0.469444 0.099218 0.190741
1 0.369746 0.375463 0.009286 0.019444
1 0.926197 0.365278 0.009775 0.019444
1 0.708944 0.343981 0.012219 0.034259
1 0.088221 0.140278 0.014174 0.032407
1 0.148338 0.123611 0.013196 0.028704
1 0.144917 0.202315 0.051320 0.119444
1 0.015152 0.585185 0.026393 0.044444
1 0.201369 0.657870 0.017595 0.028704
1 0.018084 0.959259 0.036168 0.074074
1 0.223118 0.802778 0.007331 0.020370
1 0.243157 0.802778 0.010264 0.016667
1 0.198192 0.966204 0.020039 0.041667
1 0.280059 0.939815 0.066471 0.105556
1 0.274682 0.818056 0.060606 0.095370
1 0.289589 0.135648 0.196970 0.269444
1 0.361437 0.276389 0.027859 0.112037
1 0.327713 0.019444 0.034702 0.037037
1 0.383187 0.042593 0.014663 0.025926
1 0.402493 0.563426 0.014174 0.012037
1 0.437928 0.464352 0.018573 0.036111
0 0.410557 0.985185 0.032258 0.025926
1 0.373167 0.881944 0.043500 0.097222
1 0.607283 0.405093 0.054252 0.073148
1 0.576246 0.437500 0.070381 0.069444
1 0.518817 0.082407 0.051320 0.083333
1 0.437195 0.077315 0.035679 0.091667
1 0.484848 0.194907 0.051808 0.089815
1 0.414712 0.344444 0.274194 0.305556
0 0.532258 0.791667 0.173021 0.383333
1 0.184506 0.974537 0.013196 0.028704