1 0.338710 0.247685 0.036168 0.063889
1 0.336510 0.156019 0.020039 0.028704
1 0.317449 0.081944 0.025904 0.030556
1 0.380743 0.021296 0.019550 0.037037
1 0.417155 0.018056 0.021017 0.026852
1 0.376100 0.419907 0.015152 0.047222
1 0.032014 0.153241 0.046432 0.099074
1 0.074780 0.231019 0.042033 0.063889
1 0.189150 0.415278 0.026393 0.045370
1 0.079179 0.837963 0.037146 0.059259
1 0.298143 0.925000 0.024438 0.061111
0 0.503177 0.932407 0.036657 0.129630
1 0.555963 0.952315 0.040567 0.089815
1 0.694526 0.845370 0.019550 0.038889
1 0.780792 0.903704 0.039589 0.094444
1 0.799120 0.756944 0.037146 0.076852
1 0.599707 0.596759 0.037146 0.043519
1 0.697214 0.440278 0.027859 0.062037
1 0.680108 0.600000 0.021994 0.042593
1 0.489980 0.247222 0.021994 0.038889
1 0.629277 0.225000 0.021994 0.053704
1 0.906403 0.338426 0.038612 0.076852
1 0.909091 0.398611 0.033236 0.049074
1 0.862903 0.400926 0.029814 0.048148
1 0.639785 0.052778 0.033236 0.037037
1 0.944037 0.837037 0.038612 0.066667
1 0.991935 0.787037 0.009286 0.059259
1 0.986315 0.202315 0.018573 0.037963
1 0.917644 0.080093 0.021017 0.030556
1 0.766373 0.309722 0.026393 0.045370
1 0.852151 0.240278 0.028837 0.049074
1 0.833578 0.335648 0.040567 0.052778
1 0.785924 0.819444 0.031281 0.048148
0 0.519550 0.120833 0.055718 0.241667
0 0.564761 0.459259 0.260508 0.605556
0 0.561339 0.652315 0.174487 0.499074
1 0.906403 0.452778 0.024927 0.075926
1 0.893451 0.512963 0.020528 0.061111
1 0.893451 0.469907 0.015640 0.043519