1 0.152004 0.975463 0.028348 0.047222
0 0.757576 0.965278 0.081134 0.067593
1 0.474096 0.827778 0.021505 0.053704
1 0.993402 0.806944 0.012219 0.041667
1 0.574047 0.656944 0.031769 0.045370
1 0.647116 0.616667 0.019550 0.044444
0 0.778837 0.663426 0.134409 0.134259
1 0.925709 0.590278 0.021505 0.039815
1 0.450391 0.536574 0.016129 0.025000
1 0.666422 0.539352 0.023949 0.063889
1 0.334555 0.498148 0.021994 0.035185
1 0.075513 0.435185 0.019062 0.037037
1 0.415200 0.420370 0.021994 0.027778
1 0.098729 0.415278 0.005865 0.017593
1 0.031281 0.391667 0.023460 0.042593
1 0.338465 0.398148 0.021017 0.055556
1 0.567204 0.238889 0.019062 0.035185
1 0.307185 0.173611 0.015152 0.015741
1 0.096285 0.089352 0.040078 0.047222
1 0.476295 0.045370 0.016129 0.040741
0 0.814027 0.115278 0.130499 0.230556
1 0.171310 0.908796 0.056207 0.086111
1 0.192571 0.963426 0.044966 0.069444
0 0.253666 0.868519 0.159335 0.190741
1 0.167889 0.744444 0.024927 0.051852
1 0.199658 0.768519 0.045455 0.077778
1 0.252933 0.787037 0.033724 0.031481
1 0.182063 0.726389 0.030792 0.089815
0 0.260997 0.716204 0.152493 0.115741
0 0.248045 0.636574 0.142229 0.304630
0 0.260020 0.410648 0.146628 0.167593
0 0.240225 0.267593 0.204790 0.200000
1 0.334555 0.130556 0.024927 0.031481
1 0.341398 0.102315 0.021994 0.034259
0 0.273460 0.115741 0.163734 0.172222
0 0.232893 0.053241 0.146139 0.106481
1 0.381720 0.712500 0.040078 0.058333
1 0.385875 0.762963 0.057185 0.075926
1 0.425709 0.677778 0.017595 0.038889
1 0.627322 0.623611 0.020039 0.039815
1 0.654692 0.640741 0.015152 0.024074
1 0.695259 0.300926 0.014174 0.029630
1 0.466764 0.405093 0.030303 0.036111
1 0.484604 0.413889 0.013196 0.031481
1 0.546921 0.794444 0.031281 0.051852
1 0.790567 0.962963 0.031769 0.027778
1 0.813294 0.985185 0.005865 0.020370
1 0.590420 0.019444 0.008798 0.024074
1 0.737537 0.735648 0.026393 0.028704
0 0.802053 0.504167 0.101662 0.280556
1 0.799853 0.550463 0.023949 0.054630
0 0.773949 0.306019 0.155914 0.212037
1 0.839932 0.447685 0.050342 0.117593
1 0.852884 0.351389 0.046921 0.093519
1 0.900538 0.284259 0.013196 0.042593