1 0.010508 0.881481 0.008309 0.027778
1 0.051320 0.890741 0.030303 0.031481
1 0.207967 0.859722 0.009286 0.030556
1 0.009042 0.854167 0.018084 0.032407
1 0.150538 0.842593 0.007820 0.022222
1 0.063783 0.846759 0.006354 0.017593
1 0.196970 0.824537 0.022483 0.043519
1 0.127322 0.779167 0.012219 0.025000
1 0.255621 0.766667 0.011730 0.025926
1 0.004154 0.715741 0.008309 0.027778
1 0.871701 0.715278 0.009286 0.023148
1 0.312561 0.708333 0.013196 0.027778
1 0.126588 0.695370 0.007820 0.020370
1 0.066960 0.684722 0.011730 0.023148
1 0.809384 0.599074 0.008798 0.012963
1 0.853128 0.584722 0.011241 0.017593
1 0.722874 0.583333 0.014663 0.035185
1 0.487048 0.454167 0.015152 0.030556
1 0.072336 0.400463 0.007820 0.019444
1 0.011241 0.402778 0.022483 0.059259
1 0.070870 0.375926 0.009775 0.022222
1 0.995112 0.340278 0.008798 0.036111
1 0.886119 0.338889 0.012708 0.037037
1 0.305230 0.293981 0.017107 0.037963
1 0.220430 0.271759 0.009775 0.015741
1 0.913001 0.224537 0.006843 0.015741
1 0.178152 0.235185 0.015152 0.042593
1 0.009042 0.231019 0.018084 0.039815
1 0.288368 0.207407 0.010753 0.024074
1 0.404203 0.178704 0.009775 0.020370
1 0.189638 0.124074 0.012708 0.016667
1 0.661046 0.109722 0.015152 0.023148
1 0.152737 0.057407 0.009286 0.022222
1 0.396872 0.051389 0.008798 0.026852
1 0.729717 0.010648 0.024438 0.021296
1 0.071114 0.941667 0.021017 0.031481
1 0.073069 0.919907 0.022972 0.021296
1 0.448436 0.184722 0.018084 0.041667
1 0.371701 0.018519 0.013196 0.037037
1 0.347263 0.019907 0.031769 0.039815
1 0.504154 0.143981 0.011241 0.034259
0 0.527859 0.166667 0.126100 0.333333
0 0.494379 0.399074 0.100196 0.061111
1 0.527126 0.331019 0.050342 0.073148
1 0.458700 0.360185 0.014174 0.031481
1 0.646872 0.964815 0.006354 0.024074
1 0.495112 0.810648 0.011730 0.010185
1 0.570870 0.636574 0.026393 0.047222
0 0.490469 0.837037 0.091398 0.324074
0 0.633431 0.953241 0.154448 0.089815
1 0.528104 0.789352 0.040567 0.093519
0 0.584066 0.643981 0.213099 0.193519
1 0.786901 0.710185 0.031281 0.057407
1 0.783724 0.616204 0.019062 0.034259
1 0.923998 0.656481 0.020039 0.040741
1 0.991935 0.575463 0.015152 0.036111
1 0.797165 0.209722 0.017595 0.036111
1 0.860948 0.083333 0.021017 0.044444
1 0.921065 0.118519 0.033724 0.062963
1 0.963343 0.373611 0.010753 0.026852