1 0.940127 0.904630 0.016129 0.044444
1 0.719697 0.906481 0.018084 0.018519
1 0.988514 0.895833 0.021994 0.065741
1 0.666667 0.869444 0.028348 0.057407
1 0.986070 0.612963 0.012219 0.027778
1 0.452835 0.617130 0.040567 0.100926
1 0.486315 0.551389 0.029326 0.089815
1 0.955034 0.535648 0.033236 0.067593
1 0.938172 0.505093 0.012219 0.013889
1 0.472630 0.468981 0.020528 0.045370
1 0.385142 0.427315 0.022483 0.056481
1 0.719208 0.379630 0.018084 0.053704
1 0.734848 0.389815 0.015152 0.031481
1 0.480450 0.346759 0.037146 0.047222
1 0.492913 0.253241 0.009286 0.056481
1 0.474340 0.258796 0.021017 0.049074
1 0.837732 0.267593 0.049853 0.085185
1 0.377566 0.186111 0.016129 0.051852
1 0.102639 0.149537 0.017595 0.037963
1 0.524927 0.062963 0.036168 0.081481
0 0.226051 0.939815 0.208700 0.116667
1 0.246579 0.875000 0.039589 0.064815
1 0.289101 0.858333 0.037634 0.085185
1 0.283969 0.806944 0.025415 0.060185
1 0.301075 0.759259 0.027370 0.051852
1 0.121457 0.954630 0.023949 0.044444
1 0.284213 0.670370 0.021994 0.035185
1 0.237537 0.670370 0.018573 0.040741
0 0.231427 0.592593 0.173509 0.148148
0 0.226784 0.463426 0.091887 0.219444
0 0.261730 0.254630 0.133431 0.274074
1 0.121945 0.043519 0.021017 0.031481
1 0.150538 0.074537 0.020528 0.037963
1 0.128788 0.156019 0.019062 0.050926
1 0.187439 0.137037 0.032747 0.051852
1 0.201369 0.112963 0.033236 0.048148
1 0.224585 0.114352 0.034702 0.054630
1 0.175953 0.140741 0.025415 0.066667
1 0.208211 0.155093 0.031281 0.037963
1 0.144673 0.028241 0.042033 0.056481
1 0.261486 0.112037 0.019550 0.033333
1 0.273216 0.068981 0.023460 0.023148
1 0.282258 0.052778 0.027859 0.037037
1 0.483138 0.575463 0.045455 0.021296
1 0.345308 0.445370 0.019062 0.033333
0 0.772239 0.786574 0.185728 0.382407
1 0.709433 0.604630 0.064027 0.120370
0 0.251466 0.067593 0.135386 0.131481
0 0.805474 0.532870 0.149560 0.239815
1 0.840665 0.564815 0.028348 0.051852
0 0.759531 0.292130 0.161290 0.206481
0 0.783236 0.110648 0.163734 0.221296
0 0.822336 0.027315 0.122678 0.052778
1 0.828935 0.863889 0.024438 0.025926
0 0.812561 0.956019 0.089443 0.086111
1 0.817204 0.899537 0.043988 0.065741
1 0.976295 0.066204 0.012219 0.015741