1 0.163734 0.906481 0.022483 0.038889
1 0.973363 0.809259 0.014174 0.009259
1 0.501711 0.670370 0.031769 0.033333
1 0.245601 0.661111 0.018084 0.035185
1 0.483382 0.559259 0.019550 0.044444
1 0.459922 0.481944 0.007820 0.030556
1 0.278592 0.451852 0.011730 0.024074
1 0.741691 0.445370 0.019062 0.025926
1 0.236804 0.130093 0.014174 0.056481
1 0.235337 0.847222 0.110948 0.127778
0 0.338710 0.969907 0.065494 0.058333
1 0.342864 0.631019 0.017107 0.034259
1 0.386608 0.617130 0.029326 0.054630
1 0.329668 0.702315 0.054252 0.075000
1 0.260753 0.505556 0.021017 0.048148
0 0.280547 0.570370 0.084066 0.107407
1 0.038856 0.012963 0.021017 0.025926
1 0.200635 0.228704 0.007331 0.020370
1 0.255621 0.063889 0.022483 0.022222
1 0.248778 0.039352 0.020528 0.034259
0 0.286168 0.355556 0.112903 0.148148
1 0.328935 0.325463 0.005865 0.041667
0 0.331623 0.139815 0.110948 0.277778
1 0.478739 0.915278 0.029814 0.073148
1 0.489492 0.872685 0.023949 0.060185
1 0.413734 0.116204 0.014174 0.037963
1 0.495846 0.419907 0.029814 0.056481
0 0.846041 0.944444 0.034213 0.109259
1 0.942815 0.814352 0.020528 0.026852
1 0.935973 0.669444 0.018573 0.024074
1 0.847996 0.738889 0.076246 0.181481
1 0.839198 0.585648 0.008798 0.013889
1 0.577713 0.800000 0.034213 0.046296
1 0.729472 0.557407 0.017107 0.037037
1 0.725562 0.486111 0.021017 0.044444
1 0.756843 0.326852 0.016129 0.050000
1 0.776882 0.132407 0.029814 0.037037
1 0.724829 0.242593 0.035191 0.055556
1 0.611926 0.090741 0.014663 0.025926
1 0.640029 0.182407 0.020039 0.059259
1 0.687439 0.095833 0.005376 0.019444
0 0.817449 0.180093 0.158847 0.154630
0 0.831867 0.316204 0.104594 0.175000
1 0.852151 0.384722 0.033724 0.069444
0 0.861926 0.481481 0.124633 0.257407
1 0.801075 0.431944 0.046921 0.082407
1 0.631965 0.622685 0.023460 0.073148
1 0.604594 0.435185 0.015640 0.048148