1 0.052542 0.098148 0.040567 0.081481
1 0.075513 0.221759 0.044477 0.097222
1 0.036657 0.206944 0.027370 0.041667
1 0.046432 0.317593 0.032258 0.038889
1 0.034213 0.390278 0.032258 0.032407
1 0.066716 0.523611 0.023949 0.047222
1 0.109482 0.481019 0.029326 0.065741
1 0.018817 0.555093 0.036657 0.045370
1 0.111437 0.021759 0.037146 0.043519
1 0.016862 0.940741 0.023949 0.035185
1 0.239980 0.969444 0.030303 0.046296
1 0.312805 0.916204 0.038123 0.060185
1 0.332356 0.810648 0.028348 0.060185
1 0.367791 0.919444 0.026882 0.059259
1 0.349951 0.403241 0.048876 0.060185
1 0.349951 0.662500 0.032258 0.039815
1 0.343109 0.633333 0.034213 0.051852
1 0.202346 0.081481 0.028348 0.055556
1 0.230938 0.019907 0.025904 0.039815
1 0.317937 0.209259 0.017107 0.062963
1 0.349218 0.266204 0.022972 0.037963
1 0.505376 0.054630 0.043011 0.107407
1 0.481183 0.244907 0.039589 0.063889
1 0.380987 0.197685 0.025904 0.036111
1 0.365836 0.134259 0.023949 0.037037
1 0.480938 0.353241 0.024438 0.039815
1 0.459677 0.325926 0.020039 0.038889
0 0.508065 0.628704 0.273216 0.581481
0 0.434506 0.859259 0.093842 0.274074
1 0.755132 0.637500 0.056696 0.126852
1 0.584311 0.853241 0.044477 0.058333
1 0.530059 0.570370 0.050342 0.074074
1 0.574780 0.613426 0.060606 0.049074
1 0.600196 0.479630 0.046921 0.103704
1 0.674731 0.546759 0.031769 0.050926
1 0.613881 0.240741 0.040078 0.072222
1 0.631965 0.204630 0.037146 0.048148
1 0.682063 0.239352 0.038612 0.063889
1 0.741202 0.247685 0.045455 0.095370
1 0.742913 0.359259 0.056696 0.109259
1 0.773216 0.500000 0.033236 0.053704
1 0.793988 0.404630 0.053275 0.068519
1 0.845308 0.140278 0.032747 0.045370
1 0.966031 0.148148 0.041544 0.064815
1 0.956500 0.095833 0.043011 0.043519
1 0.976295 0.285648 0.033724 0.073148
1 0.954790 0.450000 0.039589 0.085185
1 0.883920 0.738426 0.042522 0.054630
1 0.984115 0.478241 0.030792 0.091667
1 0.951369 0.797685 0.034702 0.086111
1 0.937683 0.752315 0.020039 0.047222
1 0.892962 0.937500 0.027370 0.073148
1 0.919844 0.968056 0.056696 0.058333
1 0.843353 0.311111 0.032747 0.061111
1 0.856305 0.448148 0.025415 0.068519
1 0.984604 0.668981 0.027859 0.052778
1 0.890274 0.587500 0.027859 0.032407
1 0.948925 0.588889 0.018084 0.055556
1 0.844330 0.491667 0.038612 0.057407