0 0.459189 0.622222 0.152981 0.274074
0 0.463832 0.828704 0.131965 0.129630
0 0.471408 0.930556 0.187195 0.129630
0 0.440371 0.348148 0.148583 0.264815
1 0.465054 0.136574 0.058162 0.136111
1 0.254399 0.800463 0.083578 0.117593
1 0.233627 0.637500 0.035191 0.147222
1 0.193304 0.754630 0.032747 0.068519
1 0.140762 0.734722 0.037146 0.073148
1 0.140762 0.578241 0.069404 0.073148
1 0.242424 0.414352 0.049853 0.100926
1 0.225562 0.332870 0.048387 0.056481
1 0.252933 0.208796 0.061095 0.102778
1 0.187928 0.455093 0.042522 0.054630
1 0.046921 0.507870 0.087977 0.182407
1 0.030059 0.697222 0.040567 0.085185
1 0.022972 0.609259 0.036168 0.094444
1 0.383431 0.786574 0.102151 0.136111
1 0.337488 0.958333 0.064027 0.070370
1 0.284457 0.973148 0.024438 0.044444
1 0.364370 0.550463 0.026882 0.084259
1 0.353861 0.471759 0.044966 0.075000
1 0.208211 0.234722 0.025415 0.089815
1 0.093109 0.304167 0.032747 0.071296
1 0.036901 0.332870 0.068915 0.091667
1 0.049120 0.157407 0.051320 0.094444
1 0.122434 0.018981 0.039589 0.028704
1 0.015885 0.185185 0.031769 0.083333
1 0.165200 0.218981 0.025415 0.039815
1 0.315982 0.083333 0.034702 0.050000
1 0.429619 0.462037 0.024438 0.072222
1 0.366813 0.302315 0.024927 0.030556
1 0.692571 0.771759 0.090909 0.117593
1 0.576491 0.803704 0.051320 0.040741
1 0.754154 0.643981 0.035191 0.050926
1 0.782747 0.814352 0.038612 0.052778
1 0.173998 0.327315 0.022483 0.063889
1 0.575758 0.179630 0.056696 0.059259
1 0.540811 0.297685 0.047410 0.104630
1 0.534213 0.183333 0.047898 0.053704
1 0.531281 0.077778 0.025415 0.074074
1 0.747801 0.228241 0.047898 0.073148
1 0.743646 0.049074 0.051320 0.096296
1 0.830645 0.136111 0.065005 0.072222
1 0.869990 0.069907 0.067449 0.067593
1 0.971896 0.144907 0.040567 0.063889
1 0.708211 0.176389 0.029326 0.049074
1 0.657380 0.245833 0.031281 0.063889
0 0.975318 0.830093 0.043500 0.197222
1 0.578201 0.890741 0.033236 0.064815
1 0.525171 0.901852 0.034702 0.055556
1 0.627566 0.512037 0.028348 0.042593
1 0.112903 0.406019 0.018573 0.039815
1 0.153959 0.145833 0.020528 0.023148
1 0.625611 0.292593 0.016618 0.018519
1 0.843353 0.771759 0.018084 0.036111
1 0.266129 0.345370 0.016129 0.037037