1 0.024682 0.112037 0.009286 0.014815
1 0.108260 0.099537 0.011241 0.017593
1 0.065494 0.187037 0.040078 0.064815
1 0.020283 0.010648 0.010264 0.021296
1 0.068182 0.422685 0.012219 0.030556
1 0.083333 0.373148 0.013196 0.020370
1 0.097507 0.254167 0.010264 0.019444
1 0.090176 0.271759 0.011241 0.013889
1 0.193060 0.435648 0.039101 0.104630
1 0.213587 0.481481 0.020528 0.031481
1 0.306207 0.687037 0.044477 0.087037
1 0.323069 0.654167 0.011730 0.019444
1 0.079912 0.676389 0.011241 0.012037
1 0.078935 0.643981 0.016129 0.021296
1 0.064761 0.597685 0.010264 0.021296
1 0.017840 0.624074 0.009286 0.018519
1 0.182551 0.955556 0.027859 0.038889
1 0.070137 0.813889 0.140274 0.077778
1 0.054985 0.926852 0.109971 0.144444
1 0.037879 0.912037 0.065982 0.140741
1 0.943548 0.809259 0.014174 0.035185
1 0.771261 0.769907 0.010753 0.017593
1 0.956500 0.750000 0.042033 0.075926
1 0.826002 0.300463 0.019550 0.039815
1 0.854350 0.349074 0.013685 0.009259
1 0.724096 0.343519 0.040567 0.072222
1 0.885630 0.138426 0.032258 0.073148
1 0.861437 0.169907 0.260508 0.339815
1 0.594086 0.456019 0.013196 0.030556
1 0.604106 0.509259 0.041056 0.066667
1 0.401026 0.628241 0.014174 0.008333
1 0.452590 0.578704 0.006843 0.018519
1 0.265396 0.030556 0.005865 0.022222
1 0.264418 0.049074 0.007820 0.007407
1 0.315005 0.300000 0.009286 0.012963
1 0.296921 0.255093 0.011241 0.010185
1 0.628055 0.864352 0.023460 0.047222
1 0.662023 0.870833 0.007331 0.017593
0 0.493157 0.825463 0.258065 0.347222
0 0.565982 0.716667 0.256109 0.557407
0 0.435728 0.309259 0.330890 0.618519
1 0.406891 0.528704 0.009286 0.012963
0 0.541544 0.087963 0.228739 0.175926
1 0.268328 0.070370 0.007820 0.012963