1 0.071848 0.096759 0.025415 0.041667
1 0.032258 0.077315 0.015640 0.041667
1 0.193304 0.851389 0.024927 0.071296
1 0.230694 0.858333 0.025415 0.048148
0 0.206256 0.036574 0.142717 0.073148
0 0.234604 0.137500 0.142717 0.191667
0 0.246090 0.310185 0.108993 0.251852
0 0.255132 0.527315 0.152493 0.210185
0 0.244379 0.679167 0.215054 0.226852
1 0.381232 0.618056 0.018573 0.039815
1 0.384164 0.531019 0.019550 0.054630
1 0.493891 0.009722 0.015152 0.019444
1 0.545210 0.062963 0.013196 0.025926
1 0.500489 0.050000 0.015640 0.038889
1 0.476784 0.219907 0.020039 0.045370
1 0.444770 0.238889 0.018573 0.035185
1 0.550342 0.254630 0.020528 0.035185
1 0.555474 0.277778 0.039589 0.031481
1 0.524927 0.304630 0.022483 0.042593
1 0.543744 0.327778 0.023949 0.062963
1 0.540323 0.338889 0.034702 0.020370
1 0.549609 0.297222 0.025904 0.042593
1 0.631965 0.352778 0.028348 0.048148
1 0.546921 0.474537 0.024438 0.045370
1 0.611681 0.474074 0.023949 0.040741
1 0.517351 0.559722 0.032747 0.045370
1 0.544721 0.587037 0.028837 0.053704
1 0.580401 0.601389 0.020039 0.062037
1 0.575269 0.603241 0.032258 0.058333
1 0.597996 0.779630 0.024927 0.048148
1 0.550098 0.736574 0.033724 0.063889
1 0.577713 0.693981 0.047898 0.058333
1 0.607283 0.698148 0.032747 0.070370
1 0.549365 0.912500 0.025415 0.037963
1 0.559384 0.823611 0.024927 0.039815
1 0.571359 0.793056 0.022483 0.045370
1 0.584311 0.815278 0.019062 0.039815
1 0.653226 0.021296 0.027859 0.035185
1 0.681329 0.083333 0.019550 0.057407
1 0.669844 0.174537 0.024927 0.045370
1 0.689883 0.185648 0.023949 0.056481
0 0.713832 0.018056 0.031769 0.036111
0 0.737048 0.008333 0.010753 0.016667
1 0.719208 0.036111 0.023949 0.031481
1 0.680596 0.002315 0.013196 0.004630
1 0.695748 0.013889 0.014174 0.027778
1 0.697214 0.037037 0.020039 0.033333
0 0.749511 0.089815 0.131476 0.179630
1 0.676197 0.128241 0.008309 0.023148
1 0.711388 0.188426 0.020039 0.030556
0 0.803275 0.152315 0.097263 0.237963
1 0.846774 0.067593 0.026882 0.050000
0 0.750489 0.362963 0.093353 0.257407
0 0.753421 0.279630 0.122678 0.172222
1 0.781769 0.413889 0.014174 0.020370
1 0.701124 0.442130 0.009286 0.036111
1 0.694282 0.391204 0.026882 0.034259
1 0.704790 0.367130 0.009775 0.036111
1 0.721408 0.368981 0.019550 0.021296
1 0.726540 0.423611 0.012219 0.032407
1 0.718719 0.347222 0.018084 0.020370
1 0.783236 0.469444 0.016129 0.025926
1 0.659824 0.553241 0.032258 0.047222
1 0.689638 0.543519 0.022483 0.033333
1 0.843597 0.548148 0.029326 0.064815
1 0.851906 0.375463 0.020528 0.041667
0 0.748289 0.663889 0.151515 0.222222
0 0.758309 0.805556 0.135386 0.290741
0 0.709922 0.954167 0.054252 0.087963
0 0.768817 0.960185 0.071359 0.075926
1 0.975318 0.009722 0.015152 0.019444
1 0.948436 0.037963 0.017107 0.031481
1 0.919599 0.019444 0.025904 0.038889
1 0.910802 0.041204 0.026882 0.047222
1 0.923998 0.126852 0.015152 0.020370
1 0.924487 0.300463 0.017107 0.030556
1 0.965543 0.313889 0.025904 0.048148
1 0.915445 0.440741 0.017595 0.035185
1 0.943060 0.441204 0.021017 0.036111
1 0.940616 0.470833 0.028837 0.034259
1 0.963832 0.456019 0.012708 0.025000
1 0.983382 0.481944 0.028348 0.063889
1 0.982893 0.511111 0.024438 0.035185
1 0.913245 0.591667 0.022972 0.048148
1 0.928641 0.571296 0.018573 0.035185
1 0.978495 0.591204 0.022483 0.025000
1 0.978495 0.612963 0.021505 0.044444
1 0.949169 0.699074 0.019550 0.025926
1 0.991935 0.680556 0.014174 0.024074
1 0.952102 0.748611 0.018573 0.034259
1 0.939883 0.709722 0.014663 0.015741
1 0.926197 0.773148 0.018573 0.040741
1 0.876588 0.753241 0.019062 0.045370
1 0.885875 0.736574 0.013196 0.034259
1 0.860215 0.797685 0.019550 0.037963
1 0.949169 0.797685 0.015640 0.032407
1 0.928641 0.978704 0.018573 0.029630
1 0.885386 0.468519 0.017107 0.027778
1 0.939150 0.622685 0.016129 0.030556
1 0.976051 0.769444 0.009775 0.024074
1 0.963099 0.872685 0.017107 0.021296
1 0.975562 0.897685 0.011730 0.021296
1 0.968475 0.743519 0.009286 0.018519
1 0.495601 0.288889 0.010753 0.029630
1 0.525660 0.433796 0.021017 0.032407
1 0.595064 0.746759 0.021017 0.028704