1 0.203568 0.151852 0.025904 0.072222
1 0.185239 0.302315 0.038123 0.063889
1 0.350440 0.407407 0.027370 0.057407
1 0.395894 0.411111 0.043011 0.066667
1 0.355572 0.037037 0.053275 0.074074
1 0.129032 0.656019 0.040078 0.106481
1 0.174976 0.660185 0.026393 0.057407
1 0.046432 0.583333 0.027370 0.027778
1 0.163001 0.924537 0.018084 0.028704
1 0.059140 0.884722 0.023460 0.082407
1 0.310606 0.900926 0.068915 0.085185
1 0.523949 0.056019 0.029326 0.052778
1 0.586510 0.116204 0.038123 0.071296
0 0.664467 0.079630 0.235093 0.157407
0 0.681085 0.430556 0.254643 0.611111
0 0.736559 0.073148 0.031281 0.074074
0 0.758309 0.011111 0.074780 0.020370
0 0.496090 0.436574 0.096774 0.078704
1 0.479472 0.635185 0.092864 0.225926
0 0.499756 0.794907 0.031769 0.100926
0 0.688905 0.621759 0.333822 0.752778
1 0.828935 0.796296 0.044966 0.098148
1 0.619013 0.828704 0.098240 0.183333
0 0.573803 0.890741 0.197458 0.216667
1 0.981672 0.737963 0.035679 0.070370