1 0.042278 0.112037 0.013196 0.022222
1 0.112170 0.142130 0.012219 0.017593
1 0.075758 0.320370 0.048876 0.101852
1 0.102151 0.561111 0.027370 0.046296
1 0.132454 0.607870 0.017595 0.036111
1 0.123900 0.736111 0.019062 0.038889
1 0.097996 0.841667 0.020039 0.033333
1 0.082845 0.825926 0.006354 0.024074
1 0.126833 0.950463 0.032747 0.028704
1 0.124389 0.426852 0.019062 0.038889
1 0.116813 0.050000 0.016618 0.022222
1 0.160557 0.249074 0.025904 0.042593
1 0.195015 0.296296 0.018573 0.029630
1 0.196970 0.331944 0.019550 0.025000
1 0.162757 0.725926 0.020528 0.044444
1 0.153470 0.807407 0.029326 0.088889
1 0.325758 0.897685 0.045455 0.058333
1 0.317693 0.792593 0.018573 0.024074
1 0.272972 0.785185 0.017107 0.035185
1 0.359238 0.793056 0.034213 0.041667
1 0.352151 0.803241 0.015152 0.034259
1 0.348729 0.703704 0.025904 0.033333
1 0.301564 0.395833 0.014663 0.028704
1 0.299853 0.291667 0.013196 0.020370
1 0.352395 0.064352 0.031281 0.063889
1 0.332111 0.422685 0.060117 0.108333
1 0.315738 0.414352 0.022483 0.041667
1 0.216031 0.192593 0.041056 0.061111
0 0.272483 0.038426 0.064027 0.076852
0 0.273216 0.125000 0.080156 0.112963
1 0.237781 0.261574 0.023949 0.034259
1 0.239492 0.408796 0.026393 0.043519
1 0.242424 0.321296 0.078201 0.140741
1 0.203324 0.491667 0.032258 0.068519
1 0.212854 0.751389 0.020039 0.030556
1 0.217253 0.770833 0.020039 0.034259
1 0.211877 0.796296 0.017107 0.022222
0 0.264663 0.721296 0.095308 0.244444
0 0.269795 0.524074 0.123167 0.218519
0 0.246823 0.896296 0.130010 0.172222
0 0.287390 0.972685 0.060606 0.052778
1 0.392962 0.740741 0.018573 0.050000
1 0.440616 0.128704 0.023949 0.038889
1 0.446481 0.213889 0.032747 0.046296
1 0.441349 0.322685 0.030303 0.043519
1 0.419844 0.390741 0.029326 0.025926
1 0.435728 0.471759 0.017107 0.032407
1 0.415934 0.539815 0.030303 0.044444
1 0.429130 0.651852 0.022483 0.053704
1 0.446481 0.695833 0.020039 0.037963
1 0.392229 0.450926 0.083578 0.205556
1 0.455279 0.976389 0.013196 0.036111
1 0.475806 0.925463 0.031769 0.058333
1 0.480450 0.795833 0.028348 0.045370
1 0.520283 0.072222 0.012219 0.027778
1 0.506843 0.007870 0.022483 0.015741
1 0.556696 0.041667 0.045943 0.083333
1 0.572581 0.009259 0.027859 0.018519
1 0.511486 0.236111 0.025904 0.057407
1 0.559629 0.197222 0.017595 0.033333
1 0.559873 0.362500 0.025904 0.062037
1 0.498778 0.420370 0.025904 0.053704
1 0.509286 0.471759 0.028348 0.060185
1 0.519795 0.493056 0.021017 0.049074
1 0.541544 0.493519 0.017595 0.029630
1 0.492913 0.549074 0.028837 0.064815
1 0.489247 0.570833 0.013685 0.041667
1 0.504888 0.590741 0.025415 0.057407
1 0.544721 0.593981 0.020039 0.063889
1 0.526149 0.649074 0.014174 0.033333
1 0.536413 0.627315 0.012219 0.028704
1 0.531769 0.853704 0.017595 0.055556
1 0.549609 0.881944 0.016129 0.034259
1 0.522483 0.931944 0.028348 0.043519
1 0.510020 0.873148 0.036657 0.085185
1 0.510508 0.888889 0.034702 0.025926
1 0.492424 0.966667 0.010264 0.012963
1 0.619746 0.929630 0.009775 0.031481
1 0.608016 0.912963 0.026393 0.024074
1 0.663001 0.893519 0.029814 0.116667
1 0.606549 0.743519 0.044966 0.074074
1 0.603861 0.763426 0.019062 0.076852
1 0.650293 0.750463 0.056207 0.099074
1 0.621457 0.809259 0.021994 0.050000
1 0.606305 0.860648 0.050342 0.099074
1 0.631720 0.506019 0.026882 0.041667
1 0.657136 0.513889 0.019062 0.031481
1 0.576246 0.558796 0.014663 0.039815
1 0.594330 0.545833 0.014663 0.037963
1 0.587732 0.568519 0.047410 0.088889
1 0.593597 0.426852 0.021017 0.035185
1 0.602884 0.321759 0.016129 0.028704
1 0.637830 0.306481 0.019550 0.033333
1 0.613881 0.372685 0.013685 0.032407
1 0.590909 0.275000 0.013685 0.037037
1 0.598729 0.255093 0.006843 0.026852
1 0.626344 0.051389 0.037634 0.082407
1 0.682796 0.037963 0.036168 0.040741
1 0.688661 0.032870 0.013685 0.032407
1 0.678641 0.055093 0.026882 0.080556
1 0.662512 0.112963 0.020039 0.022222
1 0.685973 0.117130 0.021994 0.021296
1 0.714076 0.278704 0.020528 0.022222
1 0.644428 0.426852 0.035679 0.074074
1 0.719453 0.424537 0.018573 0.032407
1 0.740225 0.462500 0.015152 0.037963
1 0.672776 0.586574 0.026882 0.050926
1 0.707478 0.575000 0.023949 0.061111
1 0.711877 0.626389 0.029814 0.043519
1 0.692571 0.615278 0.031281 0.060185
1 0.701613 0.623611 0.016129 0.054630
1 0.717742 0.778241 0.023949 0.032407
1 0.736070 0.710185 0.029326 0.040741
1 0.691105 0.983796 0.025415 0.030556
1 0.722385 0.984259 0.017595 0.029630
1 0.776637 0.366667 0.037146 0.064815
1 0.832845 0.353241 0.033236 0.087963
1 0.791544 0.090278 0.025904 0.050926
1 0.791789 0.110185 0.013685 0.020370
1 0.804008 0.112963 0.024438 0.044444
1 0.818426 0.153704 0.020039 0.050000
1 0.772239 0.173148 0.012708 0.029630
1 0.775904 0.192130 0.018084 0.021296
1 0.773460 0.028704 0.025904 0.057407
1 0.815738 0.057870 0.022483 0.047222
1 0.777615 0.036111 0.047898 0.050000
1 0.787390 0.063426 0.014663 0.030556
1 0.779814 0.047685 0.006354 0.023148
1 0.778348 0.067130 0.012219 0.015741
1 0.778592 0.077778 0.016618 0.027778
1 0.793011 0.147685 0.018084 0.037963
0 0.782747 0.236574 0.130499 0.184259
1 0.881476 0.750000 0.040567 0.061111
1 0.915445 0.887500 0.032258 0.060185
1 0.898827 0.925463 0.029326 0.030556
1 0.842864 0.828241 0.037634 0.121296
0 0.802297 0.818056 0.128543 0.206481
1 0.820626 0.848148 0.015640 0.040741
0 0.788123 0.648148 0.122678 0.233333
1 0.801808 0.592593 0.021017 0.085185
1 0.792766 0.582407 0.013685 0.031481
1 0.842375 0.625926 0.026882 0.038889
1 0.832356 0.538889 0.015640 0.033333
1 0.833333 0.109259 0.042033 0.081481
1 0.857283 0.181019 0.072336 0.134259
1 0.902004 0.279167 0.027859 0.067593
1 0.933773 0.344444 0.019062 0.031481
1 0.928886 0.363426 0.016129 0.025000
1 0.859238 0.397222 0.038123 0.029630
1 0.927908 0.180093 0.021017 0.037963
1 0.921554 0.006481 0.012219 0.012963
1 0.956989 0.110185 0.015640 0.046296
1 0.963099 0.212963 0.016129 0.027778
1 0.956256 0.225463 0.031769 0.019444
1 0.954790 0.211111 0.014174 0.020370
1 0.970919 0.420833 0.025904 0.034259
1 0.926686 0.519907 0.028348 0.045370
1 0.937439 0.585648 0.042033 0.100926
1 0.928886 0.723148 0.016129 0.027778
1 0.859726 0.975926 0.027370 0.046296
1 0.806940 0.991667 0.013685 0.014815
1 0.943548 0.975463 0.042522 0.047222
1 0.955523 0.854630 0.035191 0.074074
1 0.972874 0.876389 0.018084 0.039815
1 0.988514 0.856944 0.021994 0.069444
1 0.957967 0.738889 0.062561 0.085185
1 0.957234 0.701389 0.020039 0.034259
1 0.970919 0.638889 0.043500 0.138889
1 0.959189 0.470833 0.071848 0.121296
1 0.991691 0.513889 0.015640 0.051852
1 0.975318 0.150463 0.047410 0.093519
1 0.994624 0.099537 0.009775 0.017593