1 0.510508 0.983796 0.014174 0.030556
1 0.934262 0.783796 0.031769 0.075000
1 0.753666 0.657870 0.013685 0.023148
1 0.908847 0.491204 0.021017 0.060185
1 0.076002 0.489815 0.016129 0.037037
1 0.445992 0.490741 0.018084 0.040741
1 0.761730 0.474074 0.008309 0.022222
1 0.724585 0.408796 0.010264 0.023148
1 0.687195 0.419907 0.021505 0.050926
1 0.613148 0.234722 0.009286 0.028704
1 0.471896 0.219444 0.008309 0.020370
1 0.120479 0.211574 0.013196 0.013889
1 0.362170 0.178704 0.018573 0.025926
1 0.335044 0.173148 0.007331 0.027778
1 0.437439 0.126389 0.010753 0.026852
1 0.170088 0.048148 0.009775 0.022222
1 0.200635 0.040278 0.020039 0.036111
1 0.456012 0.025463 0.016618 0.028704
0 0.266373 0.152315 0.116325 0.284259
0 0.842131 0.012500 0.037146 0.025000
1 0.228250 0.015741 0.024438 0.031481
0 0.277859 0.626389 0.158847 0.212037
0 0.263441 0.771296 0.185728 0.170370
1 0.202102 0.967593 0.050342 0.062963
1 0.292522 0.340278 0.068915 0.089815
0 0.262219 0.436574 0.193060 0.176852
1 0.252199 0.525926 0.106549 0.092593
1 0.278348 0.608796 0.035679 0.097222
0 0.265640 0.915278 0.143206 0.167593
1 0.048387 0.907407 0.084066 0.181481
1 0.471163 0.487963 0.028348 0.027778
1 0.934018 0.105556 0.038123 0.064815
1 0.952346 0.469907 0.039589 0.086111
0 0.807674 0.316204 0.162757 0.175000
0 0.783969 0.035648 0.058651 0.071296
0 0.831378 0.129630 0.108504 0.209259
1 0.823558 0.022222 0.014663 0.029630
0 0.807185 0.891667 0.104106 0.214815
1 0.844575 0.951389 0.063539 0.095370
1 0.851906 0.861111 0.070381 0.111111
1 0.819159 0.531019 0.150538 0.265741
0 0.814761 0.715278 0.133920 0.193519
0 0.784213 0.424074 0.097263 0.237037
1 0.704790 0.945833 0.027370 0.067593