1 0.950880 0.967593 0.060117 0.062963
1 0.366813 0.819907 0.017107 0.032407
1 0.717009 0.651852 0.068426 0.105556
1 0.911535 0.302315 0.032258 0.032407
1 0.949902 0.214352 0.009286 0.028704
1 0.807674 0.058796 0.057185 0.089815
1 0.151515 0.120370 0.023460 0.042593
1 0.223118 0.229630 0.042522 0.100000
1 0.330645 0.344444 0.020039 0.040741
1 0.164956 0.825000 0.017107 0.055556
1 0.258553 0.645833 0.038123 0.069444
1 0.363392 0.666204 0.025904 0.030556
1 0.339443 0.662500 0.057185 0.102778
1 0.394673 0.566667 0.033724 0.059259
1 0.503421 0.543056 0.029326 0.041667
1 0.317204 0.158796 0.026393 0.047222
1 0.349462 0.156481 0.063539 0.107407
1 0.804741 0.160185 0.040567 0.074074
1 0.983627 0.590278 0.023949 0.084259
1 0.807185 0.873611 0.027859 0.065741
1 0.809140 0.736111 0.025904 0.033333
1 0.824047 0.778704 0.045943 0.100000
1 0.978006 0.886111 0.019550 0.042593
1 0.937928 0.896296 0.045943 0.085185
1 0.912512 0.885648 0.015640 0.050926
1 0.721408 0.566667 0.045943 0.035185
0 0.591642 0.446759 0.384653 0.478704
1 0.640029 0.285648 0.036657 0.075000
0 0.564761 0.775463 0.249756 0.447222
0 0.602151 0.944907 0.183773 0.108333
0 0.597019 0.113426 0.227273 0.226852
1 0.631720 0.623611 0.021017 0.052778
1 0.650049 0.579167 0.066471 0.076852