1 0.019795 0.080093 0.039589 0.108333
1 0.173998 0.384722 0.025415 0.036111
1 0.079668 0.924537 0.023460 0.056481
1 0.101173 0.900926 0.025415 0.025926
1 0.046188 0.963889 0.022972 0.062963
1 0.013930 0.969907 0.026882 0.032407
1 0.247801 0.517593 0.007820 0.029630
1 0.635142 0.843519 0.026882 0.053704
1 0.902981 0.598148 0.018084 0.038889
1 0.596774 0.458333 0.020528 0.059259
1 0.621212 0.365741 0.028348 0.038889
1 0.619746 0.111111 0.009775 0.020370
0 0.461877 0.110185 0.212121 0.220370
1 0.439394 0.410648 0.011730 0.036111
0 0.393451 0.520370 0.384164 0.650000
0 0.411535 0.728704 0.292278 0.540741
0 0.546432 0.961574 0.220919 0.073148
1 0.980205 0.305093 0.037634 0.060185