1 0.846530 0.987963 0.013685 0.022222
1 0.580890 0.967593 0.035679 0.062963
1 0.344330 0.944907 0.021994 0.032407
1 0.799853 0.937963 0.009286 0.025926
1 0.646872 0.952315 0.025904 0.056481
1 0.733871 0.958333 0.038612 0.068519
1 0.138319 0.960648 0.061584 0.076852
1 0.245357 0.951389 0.019550 0.062037
1 0.009775 0.931019 0.019550 0.060185
1 0.849951 0.894444 0.044966 0.077778
1 0.689394 0.858333 0.025904 0.040741
1 0.894184 0.872685 0.024927 0.076852
1 0.366569 0.841667 0.007820 0.020370
1 0.691105 0.797222 0.020528 0.035185
1 0.953568 0.813889 0.035191 0.090741
1 0.836022 0.749074 0.046432 0.081481
1 0.920577 0.714352 0.014174 0.060185
1 0.849462 0.671759 0.012708 0.062037
1 0.353128 0.665741 0.031769 0.037037
1 0.831378 0.655556 0.019550 0.016667
1 0.380987 0.641667 0.011241 0.027778
1 0.949658 0.647222 0.014663 0.053704
1 0.068182 0.633796 0.036657 0.052778
1 0.216031 0.569444 0.009775 0.046296
1 0.238270 0.556481 0.010264 0.024074
1 0.840665 0.561111 0.056696 0.075926
1 0.415689 0.531944 0.008309 0.025000
1 0.752688 0.559722 0.067449 0.119444
1 0.855816 0.500926 0.044966 0.066667
1 0.669599 0.476389 0.026393 0.043519
1 0.928641 0.447685 0.019550 0.021296
1 0.489736 0.393519 0.008798 0.022222
1 0.374633 0.381019 0.008309 0.015741
1 0.973118 0.397222 0.011730 0.062963
1 0.760020 0.352778 0.007820 0.079630
1 0.643939 0.344907 0.011241 0.017593
1 0.470430 0.368056 0.021017 0.069444
1 0.010997 0.350000 0.021994 0.064815
1 0.286413 0.236111 0.039101 0.090741
1 0.599462 0.109722 0.012219 0.030556
1 0.803519 0.068519 0.048876 0.081481
1 0.440371 0.096759 0.075269 0.173148
1 0.634164 0.006944 0.010264 0.013889
0 0.536901 0.043981 0.106061 0.087963
1 0.194037 0.022685 0.018573 0.045370
1 0.978250 0.129167 0.042522 0.084259
1 0.956745 0.174537 0.040567 0.080556
1 0.936217 0.050000 0.064027 0.100000
1 0.929374 0.109259 0.023949 0.070370
1 0.867791 0.308796 0.044477 0.087963
1 0.839932 0.350926 0.052297 0.075926
1 0.840665 0.212037 0.037146 0.075926
1 0.835777 0.273148 0.044966 0.081481
1 0.925464 0.906481 0.038612 0.081481
1 0.941838 0.868981 0.024438 0.047222
1 0.978983 0.908796 0.038123 0.062037
1 0.967986 0.989352 0.045455 0.019444
1 0.912757 0.966204 0.045455 0.065741
1 0.939638 0.972685 0.044477 0.052778
1 0.600929 0.797685 0.042522 0.100926
1 0.576491 0.805556 0.035679 0.062963
0 0.573803 0.406481 0.195503 0.512963
1 0.516862 0.137963 0.024927 0.064815
0 0.500244 0.884259 0.113881 0.229630
0 0.576246 0.703241 0.256109 0.362037
1 0.403715 0.323148 0.022483 0.055556
1 0.383675 0.342593 0.028348 0.077778
1 0.213099 0.497685 0.019550 0.034259
1 0.047654 0.159259 0.095308 0.272222
1 0.707967 0.093519 0.121701 0.187037
1 0.717253 0.184722 0.070870 0.117593