1 0.669844 0.928241 0.032747 0.045370
1 0.943793 0.715741 0.018573 0.046296
1 0.055230 0.478241 0.020528 0.036111
1 0.257820 0.421759 0.012219 0.025000
1 0.930108 0.379630 0.013685 0.027778
1 0.857283 0.357870 0.018573 0.019444
1 0.653226 0.287037 0.032747 0.072222
1 0.025415 0.255093 0.011730 0.025000
1 0.509286 0.194907 0.048876 0.076852
1 0.409091 0.649537 0.012708 0.067593
0 0.523949 0.228704 0.156403 0.457407
0 0.542766 0.334259 0.255621 0.668519
0 0.561584 0.795833 0.411535 0.232407
1 0.702590 0.938426 0.026882 0.058333
0 0.524438 0.859259 0.353861 0.279630
1 0.883187 0.514815 0.024438 0.029630
1 0.091153 0.070370 0.021017 0.031481
1 0.913245 0.581944 0.027859 0.056481
1 0.805963 0.552778 0.166178 0.240741
1 0.495357 0.254630 0.017107 0.092593