1 0.327468 0.986111 0.008798 0.025926
1 0.165200 0.867593 0.010753 0.016667
1 0.144673 0.725000 0.026393 0.027778
1 0.224585 0.699537 0.009286 0.015741
1 0.402248 0.685648 0.034213 0.037963
1 0.807185 0.666204 0.034702 0.049074
1 0.977028 0.654167 0.042033 0.091667
1 0.109482 0.617130 0.012708 0.084259
1 0.869257 0.588426 0.029814 0.056481
1 0.290323 0.565741 0.046921 0.064815
1 0.763441 0.534722 0.021505 0.054630
1 0.962121 0.494907 0.013196 0.023148
1 0.327468 0.492593 0.028348 0.033333
1 0.381965 0.420370 0.021994 0.035185
1 0.322825 0.427315 0.045455 0.063889
1 0.098485 0.309722 0.040567 0.060185
1 0.102639 0.209722 0.030303 0.047222
1 0.728006 0.183333 0.014174 0.068519
1 0.332845 0.187963 0.017595 0.053704
1 0.156647 0.100926 0.022972 0.040741
1 0.110459 0.090741 0.020528 0.027778
1 0.230205 0.029630 0.029326 0.024074
1 0.047898 0.029167 0.020528 0.058333
1 0.360948 0.035648 0.037634 0.071296
1 0.239247 0.005093 0.035679 0.010185
1 0.273705 0.648611 0.037146 0.084259
1 0.293744 0.052315 0.032258 0.069444
1 0.056207 0.603704 0.030303 0.057407
1 0.111193 0.810648 0.027859 0.041667
1 0.037634 0.860185 0.032258 0.068519
1 0.608993 0.704167 0.055718 0.084259
1 0.626344 0.775463 0.041544 0.100926
1 0.748289 0.781019 0.045943 0.060185
1 0.614858 0.303704 0.021505 0.042593
1 0.589198 0.077778 0.024927 0.024074
1 0.422532 0.482407 0.077713 0.129630
1 0.462121 0.607870 0.032747 0.041667
0 0.468475 0.751852 0.229228 0.492593
1 0.454301 0.836574 0.036657 0.078704
0 0.546188 0.866204 0.241935 0.265741
1 0.463832 0.158333 0.016618 0.037037
0 0.487781 0.416204 0.470186 0.634259
0 0.568182 0.117130 0.300587 0.234259
1 0.845552 0.861574 0.038123 0.063889
1 0.865103 0.849537 0.026393 0.093519
1 0.898094 0.789352 0.018084 0.052778
1 0.972385 0.614352 0.012219 0.025000
1 0.878055 0.515741 0.050342 0.081481
1 0.872923 0.081481 0.067449 0.096296
1 0.897605 0.208796 0.017107 0.049074
1 0.861926 0.190741 0.055230 0.109259
1 0.900049 0.251852 0.034702 0.064815
1 0.989980 0.431481 0.018084 0.040741
1 0.975562 0.534722 0.015640 0.058333