1 0.156891 0.224074 0.012708 0.046296
1 0.024194 0.249537 0.043500 0.137963
1 0.124633 0.372222 0.014663 0.016667
1 0.149804 0.705093 0.018084 0.028704
1 0.015885 0.879630 0.030792 0.053704
1 0.123412 0.716204 0.013196 0.021296
1 0.057674 0.526389 0.005865 0.023148
1 0.403959 0.101389 0.021017 0.050926
0 0.496334 0.143981 0.116813 0.287963
0 0.507576 0.389815 0.324047 0.485185
1 0.401271 0.534722 0.062561 0.089815
1 0.368035 0.606944 0.037146 0.108333
0 0.499756 0.843981 0.491202 0.308333
0 0.443548 0.706481 0.307429 0.492593
1 0.739247 0.218056 0.063050 0.128704
1 0.768573 0.185185 0.035679 0.098148
1 0.705523 0.532870 0.042522 0.063889
1 0.715543 0.758333 0.033236 0.079630
1 0.613392 0.795833 0.032258 0.047222
1 0.740469 0.678704 0.021505 0.055556
1 0.771505 0.819444 0.032747 0.096296
1 0.846530 0.842130 0.017595 0.039815
1 0.904203 0.853241 0.018573 0.054630
1 0.939394 0.956019 0.059629 0.076852
1 0.944526 0.477778 0.027859 0.053704