0 0.222874 0.176852 0.197458 0.244444
1 0.341153 0.198148 0.024438 0.062963
0 0.221652 0.543519 0.181329 0.177778
0 0.215787 0.400463 0.156891 0.225000
1 0.312317 0.353704 0.038123 0.046296
1 0.269550 0.606481 0.067937 0.114815
1 0.093353 0.676389 0.071359 0.056481
0 0.212121 0.857407 0.228739 0.281481
1 0.088710 0.829630 0.041544 0.038889
1 0.413978 0.331019 0.063539 0.050926
1 0.410068 0.504630 0.127077 0.174074
1 0.415200 0.593519 0.034702 0.081481
1 0.461632 0.591667 0.078690 0.177778
1 0.489980 0.535648 0.033724 0.099074
1 0.526393 0.945370 0.120235 0.107407
1 0.612170 0.831019 0.076735 0.152778
1 0.518573 0.671759 0.029326 0.062037
1 0.603372 0.601389 0.037634 0.119444
1 0.620723 0.693519 0.045943 0.131481
1 0.481183 0.260648 0.044477 0.112037
1 0.528837 0.239352 0.050831 0.069444
1 0.552053 0.155093 0.065982 0.104630
1 0.510997 0.031944 0.046432 0.063889
1 0.582356 0.043519 0.033724 0.087037
1 0.638807 0.163426 0.060606 0.065741
1 0.650293 0.254630 0.052297 0.083333
1 0.614125 0.279630 0.049365 0.055556
1 0.511730 0.565741 0.025415 0.051852
1 0.515396 0.537963 0.028837 0.037037
1 0.501711 0.632407 0.032747 0.101852
1 0.664956 0.705093 0.018084 0.058333
0 0.746579 0.812037 0.096285 0.235185
0 0.771505 0.678241 0.136364 0.252778
1 0.692815 0.525926 0.038612 0.061111
0 0.792033 0.493981 0.123656 0.230556
1 0.762952 0.350926 0.147605 0.150000
0 0.772972 0.248148 0.126588 0.257407
1 0.947458 0.272222 0.072825 0.150000
1 0.898338 0.447222 0.083089 0.100000
1 0.918133 0.675000 0.142229 0.225926
1 0.974096 0.570370 0.049853 0.135185
1 0.787879 0.926852 0.146628 0.144444
1 0.815494 0.824537 0.035679 0.075000
1 0.918377 0.844444 0.036168 0.098148
1 0.964321 0.941204 0.040078 0.078704