1 0.178886 0.022222 0.043011 0.044444
1 0.114614 0.223148 0.026882 0.062963
1 0.057429 0.296296 0.036657 0.022222
1 0.070137 0.338426 0.020039 0.045370
1 0.080890 0.697222 0.042522 0.061111
1 0.342131 0.572685 0.026393 0.063889
1 0.007087 0.137037 0.014174 0.035185
1 0.176686 0.972685 0.028837 0.049074
1 0.428641 0.309722 0.011730 0.010185
1 0.810362 0.044444 0.019550 0.038889
0 0.636852 0.416204 0.189638 0.593519
0 0.610704 0.618056 0.118768 0.423148
1 0.568671 0.686111 0.027859 0.046296
1 0.693304 0.707870 0.021994 0.050926
0 0.611193 0.889815 0.203812 0.218519
1 0.948192 0.833796 0.030303 0.073148
1 0.964565 0.825463 0.022972 0.069444
1 0.917889 0.701389 0.021505 0.041667
1 0.964565 0.747222 0.021994 0.048148