0 0.282502 0.298611 0.151515 0.319444
1 0.212121 0.882407 0.054741 0.081481
0 0.260020 0.971296 0.061584 0.044444
1 0.272727 0.672222 0.029326 0.035185
1 0.276637 0.749537 0.030303 0.028704
0 0.281036 0.067130 0.153470 0.134259
1 0.312561 0.127315 0.041544 0.037963
1 0.493891 0.065741 0.034702 0.046296
1 0.604839 0.037963 0.030792 0.075926
1 0.680352 0.101852 0.031281 0.057407
0 0.820870 0.062963 0.087488 0.125926
0 0.797654 0.233796 0.126100 0.241667
0 0.851173 0.443519 0.140274 0.268519
1 0.711144 0.749074 0.042033 0.048148
1 0.669355 0.646296 0.029814 0.050000
1 0.734115 0.701389 0.037146 0.093519
1 0.577957 0.589815 0.021994 0.035185
1 0.604839 0.750000 0.033724 0.062963
1 0.751711 0.541204 0.027370 0.054630
0 0.801075 0.696296 0.093842 0.266667
0 0.823803 0.921759 0.115836 0.147222
1 0.987048 0.293056 0.024927 0.052778
1 0.894428 0.177778 0.030303 0.037037
0 0.268084 0.556481 0.138319 0.196296
0 0.307429 0.475926 0.073314 0.144444