0 0.484115 0.231944 0.087488 0.184259
1 0.522239 0.359722 0.062072 0.073148
1 0.491202 0.398148 0.042033 0.083333
0 0.491691 0.530556 0.164223 0.142593
1 0.413001 0.712500 0.025415 0.052778
0 0.467253 0.827778 0.113392 0.237037
1 0.457967 0.756944 0.016618 0.030556
0 0.479961 0.934259 0.136852 0.129630
1 0.186461 0.913889 0.039589 0.109259
1 0.252199 0.934259 0.036168 0.068519
1 0.186217 0.814352 0.055718 0.063889
1 0.158602 0.758796 0.058162 0.123148
1 0.287634 0.737037 0.029814 0.062963
1 0.267107 0.835648 0.025904 0.045370
1 0.017595 0.803241 0.033236 0.060185
1 0.035435 0.644444 0.042522 0.087037
1 0.191593 0.442130 0.027370 0.054630
1 0.178152 0.415741 0.033724 0.055556
1 0.200147 0.340278 0.014174 0.060185
1 0.210411 0.274074 0.032747 0.051852
1 0.221896 0.382870 0.019550 0.043519
1 0.275415 0.275926 0.033724 0.048148
1 0.285191 0.342130 0.020039 0.047222
1 0.351417 0.047222 0.034213 0.083333
1 0.850196 0.100000 0.031769 0.053704
1 0.769306 0.832407 0.025415 0.079630
1 0.802542 0.748611 0.049853 0.097222
1 0.880010 0.686111 0.031769 0.048148
1 0.982405 0.582407 0.021505 0.035185
1 0.867302 0.425000 0.021994 0.040741
1 0.913490 0.417593 0.022483 0.046296
1 0.875855 0.620833 0.016618 0.045370
1 0.891740 0.631019 0.021017 0.043519
1 0.202102 0.044444 0.033724 0.051852
1 0.282991 0.513426 0.030303 0.049074
1 0.294233 0.428241 0.023460 0.034259