0 0.018573 0.971759 0.037146 0.054630
1 0.162023 0.966204 0.050342 0.065741
1 0.793744 0.963889 0.059629 0.070370
1 0.667400 0.952315 0.022972 0.054630
1 0.311828 0.907870 0.025415 0.039815
1 0.636364 0.830093 0.008798 0.023148
1 0.182063 0.789815 0.017107 0.035185
1 0.718231 0.803241 0.030792 0.063889
1 0.145406 0.810648 0.024927 0.084259
0 0.460411 0.876852 0.136852 0.244444
1 0.509042 0.760185 0.011241 0.012963
1 0.303030 0.768981 0.060606 0.087963
1 0.158113 0.743981 0.020039 0.036111
1 0.863148 0.730093 0.018573 0.050926
1 0.481672 0.728241 0.019062 0.047222
1 0.824291 0.682870 0.027859 0.028704
1 0.198192 0.675000 0.043500 0.050000
1 0.210655 0.524537 0.035191 0.047222
1 0.758798 0.518519 0.020039 0.055556
1 0.081134 0.535185 0.081134 0.103704
0 0.015396 0.472685 0.030792 0.054630
1 0.487048 0.475000 0.043500 0.116667
1 0.900293 0.428704 0.009775 0.027778
0 0.008065 0.326852 0.016129 0.033333
1 0.240958 0.199537 0.020528 0.034259
1 0.209922 0.171296 0.021017 0.044444
0 0.005621 0.208796 0.011241 0.143519
1 0.364370 0.136111 0.042522 0.048148
1 0.325024 0.118519 0.022483 0.055556
1 0.885630 0.022685 0.015640 0.037963
1 0.085288 0.761111 0.030792 0.062963
1 0.070870 0.808796 0.021505 0.050926
1 0.318182 0.644907 0.028348 0.047222
1 0.426197 0.634259 0.055718 0.092593
1 0.431574 0.689352 0.039101 0.087963
1 0.242669 0.904167 0.034702 0.123148
1 0.281036 0.892130 0.027370 0.067593
1 0.064761 0.889352 0.041544 0.037963
1 0.058651 0.933333 0.028348 0.050000
0 0.503177 0.073611 0.203812 0.147222
0 0.481916 0.195833 0.212121 0.234259
1 0.489247 0.656019 0.043011 0.065741
1 0.538123 0.579630 0.108504 0.200000
1 0.597507 0.607407 0.041544 0.120370
1 0.584311 0.737037 0.035679 0.103704
1 0.620235 0.793056 0.028348 0.043519
1 0.580156 0.820833 0.035191 0.075000
1 0.573803 0.932407 0.053763 0.070370
1 0.535191 0.895833 0.025415 0.050926
1 0.542278 0.823148 0.032747 0.116667
1 0.784213 0.534722 0.020039 0.050926
1 0.790811 0.442130 0.026393 0.050926
1 0.827957 0.398148 0.036168 0.061111
1 0.865347 0.371759 0.022972 0.075000
1 0.785679 0.257407 0.021017 0.042593
1 0.824047 0.072685 0.028348 0.045370
1 0.980450 0.285185 0.037146 0.053704