1 0.036657 0.976852 0.043988 0.042593
0 0.518084 0.965741 0.095797 0.066667
1 0.010264 0.913889 0.015640 0.024074
1 0.616080 0.886574 0.009286 0.028704
1 0.925464 0.852778 0.010264 0.050000
1 0.841398 0.719444 0.009286 0.025926
1 0.005376 0.646759 0.010753 0.026852
1 0.085777 0.637963 0.047410 0.066667
1 0.012952 0.600463 0.020039 0.047222
1 0.417155 0.564352 0.010264 0.028704
1 0.305474 0.548611 0.020528 0.034259
1 0.447703 0.515741 0.025415 0.016667
1 0.821114 0.464352 0.027370 0.030556
1 0.018328 0.443981 0.036657 0.076852
1 0.650782 0.367593 0.014174 0.027778
1 0.987781 0.339815 0.007820 0.014815
1 0.225562 0.356481 0.020039 0.050000
1 0.345064 0.330093 0.009775 0.037963
0 0.026637 0.328241 0.053275 0.080556
1 0.009775 0.277778 0.019550 0.020370
1 0.902737 0.304630 0.031281 0.101852
1 0.003910 0.246759 0.007820 0.030556
1 0.074536 0.229630 0.042522 0.025926
1 0.939150 0.205093 0.009286 0.043519
1 0.232160 0.174074 0.012708 0.025926
1 0.718719 0.196296 0.015152 0.083333
1 0.293011 0.173611 0.058162 0.115741
1 0.457722 0.138426 0.042522 0.071296
1 0.221896 0.099074 0.016618 0.024074
1 0.869257 0.093056 0.022972 0.021296
1 0.937928 0.092130 0.018573 0.041667
1 0.935973 0.016204 0.029326 0.032407
1 0.312805 0.028704 0.027370 0.057407
0 0.017840 0.076852 0.035679 0.153704
1 0.086510 0.102778 0.022483 0.051852
1 0.137341 0.083333 0.055718 0.062963
1 0.067449 0.473611 0.012708 0.025000
1 0.026393 0.543519 0.016618 0.053704
1 0.242913 0.422222 0.034213 0.050000
1 0.258065 0.459259 0.026393 0.033333
0 0.244868 0.716204 0.054741 0.150926
1 0.210166 0.919444 0.037146 0.070370
1 0.181574 0.942130 0.051320 0.071296
1 0.197214 0.982407 0.043500 0.029630
0 0.287146 0.925926 0.099218 0.146296
1 0.298876 0.891667 0.022972 0.040741
0 0.292522 0.662963 0.097263 0.175926
1 0.332845 0.378241 0.019550 0.039815
1 0.311584 0.476852 0.024927 0.053704
1 0.337732 0.493981 0.028348 0.049074
1 0.580890 0.613426 0.027859 0.036111
0 0.525415 0.696296 0.198436 0.290741
0 0.531525 0.478241 0.083578 0.228704
1 0.577224 0.077315 0.012708 0.008333
1 0.599218 0.077315 0.014663 0.026852
0 0.548143 0.200926 0.116813 0.209259
0 0.525904 0.108796 0.068426 0.197222
1 0.597752 0.230556 0.032258 0.057407
0 0.434995 0.311574 0.091887 0.217593
1 0.743646 0.231019 0.043500 0.071296
1 0.769306 0.225926 0.013685 0.033333
1 0.703324 0.395370 0.040078 0.038889
1 0.716520 0.505093 0.039101 0.062037
1 0.740469 0.616667 0.021505 0.042593
1 0.659580 0.762500 0.018084 0.037963
1 0.675220 0.765741 0.021017 0.050000
1 0.891251 0.587037 0.018084 0.048148
1 0.866325 0.607870 0.022972 0.036111