1 0.018817 0.155556 0.019062 0.059259
1 0.132209 0.366204 0.025904 0.056481
1 0.102639 0.473611 0.027370 0.041667
1 0.113881 0.646296 0.031281 0.035185
1 0.052297 0.729167 0.015640 0.052778
1 0.026882 0.869907 0.023460 0.039815
1 0.107527 0.830093 0.030303 0.056481
1 0.123656 0.809722 0.018573 0.036111
1 0.076246 0.956481 0.022483 0.051852
1 0.280792 0.051389 0.022972 0.039815
1 0.265396 0.202315 0.034213 0.075000
1 0.392473 0.141204 0.046921 0.058333
1 0.264418 0.286574 0.009775 0.032407
1 0.291056 0.310648 0.008309 0.060185
1 0.239247 0.545833 0.034702 0.087963
1 0.294477 0.536574 0.033724 0.063889
1 0.256598 0.640278 0.035191 0.056481
1 0.283480 0.612037 0.021505 0.053704
1 0.256354 0.847222 0.025904 0.044444
1 0.309873 0.879167 0.041056 0.121296
1 0.381232 0.876389 0.105572 0.241667
1 0.425464 0.039815 0.023949 0.024074
1 0.443793 0.117593 0.021505 0.035185
1 0.461877 0.076389 0.023460 0.045370
0 0.560606 0.141667 0.269795 0.283333
1 0.437683 0.293519 0.032747 0.062963
1 0.484604 0.331944 0.027859 0.084259
1 0.521505 0.295833 0.038123 0.100926
1 0.609482 0.304167 0.055718 0.087963
1 0.693060 0.300926 0.037146 0.066667
1 0.510264 0.380556 0.040078 0.105556
1 0.497067 0.464815 0.058651 0.070370
1 0.536413 0.448611 0.041544 0.076852
1 0.467742 0.510648 0.031281 0.058333
0 0.512952 0.285185 0.351417 0.325926
1 0.388319 0.290741 0.011241 0.037037
0 0.509286 0.772222 0.363636 0.453704
1 0.472874 0.582407 0.014174 0.020370
1 0.544233 0.694444 0.042522 0.029630
1 0.625367 0.740278 0.017107 0.036111
1 0.633675 0.799537 0.017107 0.062037
1 0.676686 0.803704 0.026882 0.037037
0 0.544477 0.949074 0.119257 0.100000
0 0.455767 0.906944 0.103128 0.182407
1 0.718475 0.402778 0.034213 0.092593
1 0.737048 0.376389 0.011730 0.039815
1 0.753666 0.385648 0.035191 0.056481
1 0.823803 0.426389 0.031769 0.052778
1 0.740469 0.606481 0.024438 0.062963
1 0.775171 0.728241 0.043988 0.089815
1 0.751955 0.768519 0.021017 0.046296
1 0.950635 0.947685 0.024438 0.049074
1 0.978983 0.947685 0.028348 0.049074
1 0.908358 0.962037 0.019062 0.048148
1 0.896628 0.598611 0.011241 0.032407
1 0.945503 0.747222 0.031769 0.044444
1 0.957722 0.708796 0.015152 0.026852
1 0.950391 0.877778 0.023949 0.046296
1 0.967253 0.851389 0.043988 0.058333
1 0.980938 0.791204 0.035191 0.067593
1 0.992424 0.649074 0.013196 0.055556
1 0.893451 0.451389 0.013685 0.058333
1 0.925709 0.075463 0.032258 0.065741
1 0.948192 0.041667 0.028348 0.081481
1 0.978983 0.041667 0.020528 0.051852
1 0.956989 0.047222 0.020528 0.029630
1 0.868768 0.058333 0.077713 0.116667