0 0.622190 0.019907 0.066471 0.039815
0 0.546676 0.193519 0.178397 0.383333
0 0.585044 0.563426 0.182796 0.469444
1 0.630010 0.515278 0.015640 0.030556
1 0.667889 0.562037 0.025904 0.038889
1 0.683040 0.611111 0.021994 0.038889
1 0.725806 0.745833 0.024438 0.050926
1 0.441593 0.957407 0.020039 0.035185
0 0.536413 0.887500 0.261486 0.223148
1 0.058895 0.141204 0.024927 0.034259
1 0.053275 0.175463 0.022483 0.023148
1 0.084311 0.308796 0.025904 0.047222
1 0.101906 0.278704 0.015152 0.016667
1 0.127810 0.289352 0.016129 0.026852
1 0.138563 0.537963 0.021994 0.035185
1 0.340909 0.793056 0.031769 0.037963
1 0.301564 0.418519 0.032258 0.051852
1 0.032258 0.116667 0.021505 0.031481
1 0.029081 0.081481 0.014174 0.027778
1 0.762219 0.268519 0.006354 0.027778
1 0.859482 0.803704 0.018084 0.050000
1 0.919599 0.831481 0.032747 0.072222
1 0.388074 0.823148 0.009775 0.022222
1 0.396139 0.948611 0.007331 0.019444
1 0.556207 0.483796 0.055718 0.091667
1 0.507576 0.362963 0.043500 0.220370