1 0.184751 0.082407 0.027370 0.040741
1 0.216276 0.018519 0.020039 0.037037
1 0.221652 0.055556 0.015152 0.027778
1 0.303030 0.138426 0.055718 0.147222
1 0.198192 0.202778 0.026882 0.055556
1 0.013441 0.325463 0.026882 0.110185
1 0.114125 0.157870 0.209677 0.308333
1 0.110459 0.333333 0.020528 0.040741
1 0.217742 0.381944 0.015152 0.054630
1 0.256109 0.343056 0.022483 0.041667
1 0.301320 0.296759 0.021994 0.032407
1 0.127322 0.352778 0.023949 0.050000
1 0.017595 0.436574 0.035191 0.113889
1 0.039345 0.416667 0.024927 0.044444
1 0.148827 0.444907 0.017107 0.056481
1 0.119990 0.405556 0.019062 0.027778
1 0.064516 0.594444 0.043011 0.035185
1 0.029814 0.594907 0.015640 0.041667
1 0.023216 0.708796 0.046432 0.249074
1 0.113881 0.678241 0.014663 0.047222
1 0.175953 0.704630 0.030303 0.083333
1 0.255621 0.721296 0.017595 0.038889
1 0.348240 0.567593 0.026882 0.037037
1 0.109238 0.846296 0.023949 0.050000
1 0.097996 0.970833 0.026882 0.039815
1 0.291789 0.799537 0.017595 0.047222
1 0.295210 0.674074 0.025415 0.040741
1 0.297410 0.713889 0.021017 0.024074
1 0.240225 0.049074 0.020039 0.027778
1 0.338710 0.093519 0.007820 0.033333
1 0.377322 0.146296 0.039101 0.142593
1 0.428886 0.054630 0.025904 0.062963
1 0.448436 0.028704 0.030792 0.057407
1 0.495601 0.056019 0.028348 0.047222
1 0.480938 0.111574 0.035191 0.054630
1 0.474340 0.300926 0.032747 0.062963
1 0.434018 0.227778 0.024438 0.051852
1 0.559140 0.203704 0.041056 0.033333
1 0.531281 0.254630 0.057674 0.050000
1 0.524194 0.286111 0.018084 0.037037
1 0.412757 0.233796 0.006354 0.023148
1 0.395894 0.284259 0.058651 0.075926
1 0.476784 0.459722 0.046432 0.054630
1 0.403959 0.542130 0.039589 0.128704
1 0.384897 0.398611 0.041544 0.041667
1 0.412757 0.409722 0.036657 0.076852
1 0.390029 0.419444 0.027370 0.031481
1 0.455279 0.620370 0.026882 0.066667
1 0.482649 0.536111 0.026882 0.044444
1 0.532991 0.583796 0.027859 0.041667
1 0.558651 0.535185 0.024438 0.046296
1 0.559629 0.485185 0.021505 0.024074
1 0.480694 0.614815 0.030792 0.129630
1 0.507331 0.726852 0.032258 0.098148
1 0.474585 0.740278 0.054741 0.134259
1 0.384164 0.650926 0.013685 0.035185
1 0.535435 0.834259 0.051320 0.125926
1 0.406647 0.835648 0.071359 0.108333
1 0.458944 0.831944 0.047898 0.067593
1 0.413001 0.960648 0.034213 0.041667
1 0.524682 0.941204 0.050342 0.112037
1 0.395406 0.728241 0.067449 0.082407
1 0.430596 0.731481 0.087977 0.122222
1 0.699413 0.180093 0.070381 0.080556
0 0.598240 0.230093 0.086999 0.069444
1 0.569404 0.122222 0.012708 0.024074
0 0.608260 0.048611 0.069892 0.097222
1 0.588221 0.068981 0.028837 0.047222
1 0.634897 0.070833 0.024438 0.125000
1 0.693060 0.038426 0.072336 0.076852
1 0.736070 0.023148 0.034213 0.046296
1 0.742913 0.110648 0.035191 0.102778
1 0.776882 0.085648 0.011241 0.071296
1 0.761486 0.021296 0.021505 0.042593
1 0.768084 0.165741 0.023949 0.055556
1 0.791300 0.252315 0.032258 0.113889
1 0.804497 0.331019 0.052786 0.084259
1 0.821848 0.184259 0.050342 0.075926
1 0.824536 0.114815 0.028348 0.079630
1 0.854839 0.159259 0.028348 0.101852
1 0.830156 0.044907 0.028837 0.047222
1 0.594330 0.314815 0.046921 0.111111
1 0.724829 0.333796 0.059629 0.062037
1 0.599218 0.359722 0.018573 0.030556
1 0.604839 0.397222 0.035679 0.046296
1 0.688661 0.408333 0.033236 0.079630
1 0.649560 0.496759 0.033236 0.063889
1 0.681818 0.483796 0.048876 0.063889
1 0.751711 0.492593 0.034213 0.109259
1 0.703079 0.519907 0.016129 0.021296
1 0.788123 0.572685 0.021017 0.060185
1 0.824291 0.429630 0.061095 0.085185
1 0.810606 0.492593 0.037634 0.042593
1 0.846774 0.512963 0.022972 0.050000
1 0.869257 0.473611 0.023949 0.028704
1 0.868280 0.510648 0.023949 0.036111
1 0.725806 0.575926 0.041056 0.081481
1 0.734115 0.514352 0.019550 0.045370
0 0.604594 0.534259 0.092864 0.268519
1 0.666178 0.577315 0.025415 0.056481
1 0.613636 0.681019 0.101173 0.230556
1 0.638563 0.805556 0.063050 0.112963
1 0.605083 0.834259 0.048876 0.074074
1 0.566227 0.695370 0.070870 0.146296
1 0.601417 0.635185 0.023949 0.046296
1 0.613392 0.729167 0.040078 0.043519
1 0.604839 0.887037 0.039589 0.061111
1 0.602151 0.906944 0.019550 0.060185
0 0.612659 0.958796 0.116813 0.080556
1 0.679374 0.733333 0.012708 0.040741
1 0.751955 0.806481 0.118768 0.275926
1 0.716520 0.932407 0.008798 0.061111
1 0.699413 0.973148 0.019550 0.048148
1 0.731916 0.969444 0.031769 0.059259
1 0.796432 0.988426 0.009286 0.017593
1 0.822581 0.827315 0.030303 0.069444
1 0.852639 0.790741 0.047410 0.083333
1 0.845308 0.854167 0.049365 0.082407
1 0.831134 0.700463 0.041544 0.104630
1 0.868280 0.721296 0.029814 0.083333
1 0.902493 0.705556 0.034702 0.092593
1 0.898827 0.654167 0.024438 0.026852
1 0.983138 0.843981 0.030792 0.062037
1 0.968719 0.958333 0.043011 0.072222
1 0.890029 0.745370 0.019550 0.031481
1 0.937439 0.664352 0.006843 0.039815
1 0.917400 0.543981 0.013685 0.047222
1 0.887586 0.557870 0.022483 0.041667
1 0.892717 0.465741 0.036657 0.087037
1 0.932796 0.483333 0.034702 0.040741
1 0.980450 0.491667 0.037146 0.148148
1 0.950391 0.392130 0.019062 0.050926
1 0.845308 0.312500 0.063050 0.126852
1 0.982649 0.311111 0.032747 0.088889
1 0.910802 0.354630 0.040567 0.105556
1 0.919355 0.052315 0.022483 0.058333
1 0.880743 0.229630 0.057674 0.064815
1 0.916911 0.206944 0.050831 0.134259
1 0.917155 0.103704 0.025904 0.072222
1 0.890029 0.028704 0.029326 0.057407
1 0.963343 0.140741 0.059629 0.109259
1 0.974585 0.220833 0.032258 0.047222
1 0.985826 0.093519 0.024438 0.122222
1 0.477028 0.989815 0.010753 0.018519
1 0.416667 0.995370 0.016129 0.007407
1 0.349951 0.754167 0.007820 0.026852
1 0.696237 0.345370 0.017107 0.024074
1 0.714076 0.413889 0.003910 0.027778
1 0.637830 0.429167 0.016618 0.041667
1 0.825269 0.553704 0.014174 0.048148
1 0.803763 0.530093 0.018084 0.039815