0 0.449413 0.202315 0.217498 0.402778
0 0.498534 0.593519 0.255132 0.644444
0 0.474096 0.810185 0.220919 0.374074
1 0.761486 0.600000 0.073314 0.200000
1 0.844575 0.548611 0.067449 0.180556
1 0.787879 0.459259 0.035191 0.072222
1 0.695503 0.254630 0.031281 0.100000
1 0.891007 0.343056 0.037146 0.063889
1 0.968231 0.146759 0.056696 0.099074
1 0.887097 0.038426 0.056696 0.075000
1 0.788123 0.106019 0.045455 0.084259
1 0.827224 0.154630 0.022972 0.053704
1 0.827224 0.278241 0.032747 0.039815
1 0.363636 0.158333 0.025415 0.068519
1 0.209922 0.098148 0.061095 0.138889
1 0.130499 0.167130 0.028348 0.050926
1 0.053763 0.083333 0.015640 0.046296
1 0.217498 0.743056 0.058651 0.099074
1 0.081134 0.474537 0.031281 0.073148
1 0.154448 0.909259 0.054741 0.070370
1 0.059873 0.915278 0.021994 0.099074
1 0.367791 0.720370 0.020039 0.044444
1 0.337243 0.584722 0.018573 0.054630
1 0.358016 0.237963 0.034702 0.048148
1 0.362170 0.954630 0.041056 0.059259
1 0.206500 0.648611 0.021994 0.058333
1 0.183773 0.768519 0.039101 0.066667