0 0.263930 0.298611 0.141740 0.275000
0 0.250733 0.463426 0.085044 0.143519
0 0.278348 0.632870 0.140274 0.178704
0 0.265885 0.750926 0.049853 0.105556
0 0.223851 0.910648 0.066471 0.169444
0 0.804741 0.611111 0.170577 0.292593
0 0.779081 0.847685 0.164223 0.250926
0 0.743646 0.956944 0.054252 0.078704
0 0.769550 0.231944 0.194037 0.426852
0 0.779081 0.020370 0.031281 0.040741
1 0.315738 0.103704 0.066471 0.140741
1 0.131720 0.874074 0.053275 0.092593
1 0.211877 0.581481 0.039589 0.057407
1 0.335044 0.514352 0.027859 0.060185
1 0.495601 0.788426 0.031281 0.087963
1 0.520039 0.852315 0.024438 0.039815
1 0.405914 0.704167 0.034702 0.041667
1 0.570381 0.707870 0.030303 0.037963
1 0.568915 0.874074 0.022483 0.051852
1 0.600196 0.560648 0.038123 0.060185
1 0.575758 0.482407 0.044966 0.066667
1 0.518573 0.493981 0.037146 0.075000
1 0.477273 0.480556 0.033724 0.057407
1 0.417155 0.532870 0.025904 0.049074
1 0.511975 0.308796 0.021994 0.065741
1 0.514907 0.186574 0.034702 0.054630
1 0.496334 0.148148 0.034702 0.066667
1 0.398094 0.154630 0.023949 0.044444
1 0.373900 0.143519 0.017595 0.074074
1 0.595064 0.252315 0.034702 0.054630
1 0.628543 0.499074 0.030303 0.046296
1 0.666422 0.731481 0.028837 0.048148
1 0.717498 0.630093 0.026393 0.052778
1 0.695503 0.922685 0.026393 0.043519
1 0.958456 0.631944 0.025415 0.039815
1 0.960166 0.585185 0.031769 0.033333
1 0.849218 0.547222 0.039589 0.094444
1 0.901026 0.457407 0.028837 0.062963
1 0.867302 0.455093 0.023949 0.045370
0 0.235337 0.021759 0.041544 0.037963
0 0.243157 0.101852 0.083578 0.185185
1 0.379521 0.034259 0.026882 0.042593
1 0.399071 0.021296 0.020039 0.042593
1 0.949658 0.209259 0.010753 0.024074
1 0.992913 0.181481 0.009286 0.012963
1 0.952102 0.811574 0.015640 0.041667
1 0.980938 0.734259 0.017595 0.037037
1 0.967742 0.761574 0.026393 0.047222
1 0.995112 0.015278 0.008798 0.030556