1 0.032014 0.070370 0.045455 0.088889
1 0.126344 0.069907 0.090420 0.086111
1 0.145161 0.562963 0.121212 0.114815
1 0.236315 0.557870 0.048387 0.086111
1 0.082111 0.810648 0.061584 0.115741
1 0.329668 0.678241 0.045455 0.084259
1 0.398094 0.176389 0.059140 0.075000
1 0.428152 0.098611 0.047898 0.084259
0 0.534702 0.286574 0.163245 0.563889
0 0.541789 0.741667 0.324047 0.288889
0 0.521261 0.880093 0.180352 0.228704
1 0.413734 0.851389 0.073803 0.099074
1 0.820381 0.833333 0.079668 0.096296
1 0.941105 0.698148 0.052297 0.146296
1 0.641740 0.503704 0.115347 0.190741
1 0.655914 0.266204 0.036168 0.069444
1 0.701857 0.088889 0.095797 0.159259
1 0.788368 0.048611 0.056696 0.084259
1 0.848729 0.031481 0.047410 0.050000
1 0.793988 0.674537 0.031769 0.082407