0 0.475318 0.878704 0.338710 0.237037
1 0.858016 0.649537 0.091398 0.184259
1 0.944037 0.940278 0.082600 0.106481
1 0.897116 0.836574 0.027859 0.049074
1 0.579912 0.887500 0.036657 0.049074
1 0.675709 0.389815 0.021994 0.079630
1 0.760508 0.384722 0.034213 0.054630
1 0.810362 0.317130 0.026393 0.065741
1 0.872678 0.471296 0.039589 0.083333
1 0.913734 0.468519 0.015152 0.033333
1 0.835288 0.039352 0.023460 0.045370
1 0.465054 0.172222 0.041544 0.079630
1 0.429374 0.033796 0.038612 0.065741
1 0.291300 0.678241 0.040078 0.104630
1 0.053763 0.706481 0.020528 0.070370
1 0.401026 0.397685 0.056207 0.076852
1 0.366080 0.468056 0.030303 0.073148
0 0.524927 0.109722 0.183773 0.217593
0 0.524927 0.619907 0.228739 0.208333
0 0.489980 0.327778 0.246823 0.612963