1 0.026882 0.633333 0.053763 0.100000
0 0.358260 0.056481 0.063539 0.112963
0 0.313294 0.194907 0.087977 0.313889
0 0.326002 0.377315 0.087977 0.104630
0 0.295455 0.636111 0.169599 0.361111
0 0.329423 0.870370 0.075269 0.094444
1 0.493157 0.521296 0.017595 0.027778
1 0.650538 0.893519 0.039101 0.114815
1 0.661535 0.662037 0.041544 0.072222
1 0.921554 0.900000 0.027859 0.057407
0 0.820381 0.892593 0.114858 0.211111
0 0.828935 0.730093 0.121212 0.100926
0 0.802297 0.557407 0.147116 0.277778
1 0.728495 0.458333 0.030792 0.064815
1 0.649316 0.333796 0.029814 0.030556
1 0.720186 0.310648 0.017107 0.030556
1 0.693304 0.481019 0.016129 0.025000
0 0.820870 0.215278 0.074780 0.195370
1 0.819648 0.044907 0.055718 0.089815
1 0.825269 0.109259 0.052297 0.042593
1 0.813783 0.409722 0.021505 0.060185