1 0.489980 0.967130 0.013196 0.037963
1 0.709433 0.956481 0.022972 0.037037
1 0.237781 0.936111 0.007331 0.018519
1 0.825269 0.934722 0.020039 0.025000
1 0.789589 0.906481 0.018084 0.037037
1 0.352151 0.882870 0.012219 0.032407
1 0.611437 0.865741 0.013685 0.024074
1 0.231916 0.858796 0.024927 0.034259
1 0.420577 0.841667 0.007331 0.022222
1 0.519062 0.803241 0.023460 0.026852
1 0.444770 0.756481 0.018573 0.048148
1 0.949413 0.629167 0.010264 0.054630
1 0.205767 0.599537 0.016618 0.021296
1 0.731672 0.577315 0.008798 0.039815
1 0.780059 0.546759 0.015640 0.025000
1 0.924487 0.543981 0.013196 0.023148
1 0.955523 0.480556 0.021505 0.038889
1 0.813539 0.486111 0.031769 0.074074
1 0.837488 0.445833 0.010264 0.047222
1 0.706256 0.421759 0.021505 0.037963
1 0.770039 0.375000 0.016129 0.022222
1 0.949658 0.329167 0.017595 0.013889
1 0.399804 0.330093 0.030303 0.041667
1 0.739003 0.273148 0.021505 0.038889
1 0.246823 0.268519 0.022483 0.038889
1 0.698192 0.206481 0.022972 0.042593
1 0.451369 0.164352 0.013196 0.036111
1 0.889052 0.151852 0.007820 0.012963
1 0.817937 0.147222 0.021017 0.024074
1 0.953812 0.081481 0.021994 0.024074
1 0.119501 0.009722 0.011241 0.010185
0 0.987537 0.029630 0.023949 0.059259
1 0.579668 0.012037 0.035191 0.024074
1 0.039834 0.200926 0.010264 0.066667
1 0.108993 0.454630 0.016618 0.040741
1 0.253666 0.855556 0.016618 0.016667
1 0.234848 0.136111 0.010264 0.042593
1 0.223118 0.053704 0.029814 0.042593
1 0.272483 0.208333 0.021994 0.048148
1 0.272727 0.077778 0.015640 0.029630
1 0.297410 0.150000 0.024927 0.051852
1 0.049853 0.843981 0.015640 0.026852
1 0.155181 0.325463 0.015152 0.023148
1 0.137341 0.243519 0.013685 0.029630
1 0.310850 0.831481 0.028348 0.040741
1 0.371945 0.870833 0.012708 0.052778
1 0.413245 0.975463 0.018084 0.045370
1 0.440860 0.929630 0.023460 0.037037
1 0.727273 0.742593 0.029326 0.096296
1 0.681085 0.558796 0.012219 0.028704
1 0.790811 0.695833 0.017595 0.032407
1 0.850684 0.609722 0.019062 0.028704
1 0.840909 0.600926 0.012219 0.035185
1 0.834311 0.625463 0.014663 0.039815
1 0.228983 0.516204 0.016129 0.028704
1 0.380499 0.615278 0.028837 0.052778
1 0.449169 0.544444 0.014663 0.029630
1 0.415934 0.561111 0.022483 0.035185
1 0.414956 0.530093 0.019550 0.043519
1 0.411779 0.499537 0.013196 0.030556
1 0.421554 0.806481 0.018084 0.024074
1 0.317693 0.689815 0.017595 0.033333
1 0.527370 0.958796 0.050831 0.052778
1 0.576491 0.944907 0.013196 0.071296
1 0.610948 0.625000 0.012708 0.029630
1 0.617058 0.714352 0.009286 0.012037
0 0.565982 0.693056 0.099707 0.126852
0 0.555718 0.557870 0.163245 0.093519
1 0.562072 0.527778 0.019550 0.024074
1 0.511486 0.427778 0.042522 0.074074
1 0.520772 0.465278 0.020039 0.036111
1 0.586022 0.511111 0.099707 0.096296
0 0.560606 0.382407 0.082111 0.157407
0 0.553275 0.104630 0.103617 0.116667
0 0.576735 0.214815 0.070381 0.201852
1 0.559873 0.244444 0.019062 0.027778
1 0.690371 0.463426 0.015152 0.036111
1 0.655425 0.444444 0.065494 0.150000
1 0.700635 0.369444 0.013196 0.024074
1 0.735582 0.413889 0.038123 0.059259
1 0.768084 0.356944 0.021017 0.026852
1 0.750000 0.338889 0.034702 0.057407
1 0.776882 0.259722 0.019062 0.043519
1 0.770772 0.222222 0.015640 0.027778
1 0.728983 0.220833 0.014174 0.036111
1 0.727273 0.195833 0.018573 0.049074
1 0.711388 0.187037 0.010264 0.027778
1 0.690371 0.118056 0.022972 0.032407
1 0.640762 0.127315 0.020528 0.030556
1 0.638563 0.141667 0.019062 0.029630
1 0.730450 0.113426 0.016129 0.025000
1 0.732649 0.038426 0.031281 0.065741
1 0.790811 0.039352 0.016618 0.049074
0 0.984604 0.601852 0.029814 0.066667
1 0.983382 0.650000 0.017595 0.031481
1 0.894673 0.409722 0.016129 0.039815
1 0.951124 0.365278 0.023460 0.025000
1 0.923021 0.400926 0.033724 0.070370
1 0.923998 0.335648 0.010264 0.039815
1 0.976295 0.235185 0.040567 0.059259
1 0.934506 0.268519 0.048876 0.101852
0 0.990958 0.323611 0.017107 0.062037
1 0.820626 0.017130 0.020528 0.034259
1 0.878788 0.021296 0.026393 0.042593
1 0.865591 0.027315 0.011730 0.025000