1 0.042522 0.975463 0.037146 0.036111
1 0.446725 0.877315 0.024438 0.037963
1 0.323314 0.735185 0.048387 0.059259
1 0.090665 0.650000 0.021994 0.025926
1 0.684995 0.599074 0.015152 0.035185
1 0.125611 0.591204 0.010753 0.013889
1 0.287146 0.448611 0.011241 0.012037
1 0.842131 0.445833 0.006843 0.019444
1 0.933040 0.312500 0.028348 0.052778
1 0.889541 0.300463 0.016618 0.043519
1 0.674487 0.212037 0.055718 0.074074
1 0.087977 0.073148 0.016618 0.061111
1 0.741935 0.015741 0.018573 0.031481
1 0.510264 0.830556 0.026393 0.070370
1 0.516862 0.906019 0.081623 0.158333
1 0.797165 0.823611 0.028348 0.069444
0 0.651760 0.827778 0.318182 0.340741
0 0.539101 0.564815 0.415445 0.583333
1 0.425220 0.459722 0.027370 0.056481
1 0.460411 0.476852 0.017595 0.046296
1 0.673998 0.405556 0.058651 0.077778
0 0.651026 0.227315 0.299120 0.454630
1 0.444770 0.034722 0.028348 0.065741
1 0.805474 0.074074 0.058651 0.103704
1 0.824291 0.173611 0.038612 0.126852
1 0.936706 0.212963 0.041544 0.074074
1 0.945992 0.175463 0.016129 0.036111