1 0.230450 0.472222 0.044477 0.107407
1 0.160313 0.562037 0.012708 0.025926
1 0.176197 0.549537 0.017107 0.025000
1 0.055230 0.617593 0.024438 0.068519
1 0.034946 0.959722 0.039589 0.062037
1 0.140274 0.826852 0.019550 0.050000
1 0.106061 0.747685 0.021505 0.028704
1 0.257087 0.839352 0.011730 0.034259
1 0.105816 0.693519 0.014174 0.044444
1 0.086266 0.617593 0.018084 0.037037
1 0.080890 0.556944 0.020039 0.043519
1 0.062317 0.532407 0.017107 0.037037
1 0.192571 0.548148 0.021505 0.035185
1 0.286657 0.148148 0.031769 0.088889
1 0.445259 0.073611 0.020528 0.043519
1 0.559140 0.088889 0.043988 0.066667
1 0.837243 0.042130 0.036168 0.065741
1 0.985093 0.368056 0.021017 0.104630
1 0.884897 0.284259 0.013196 0.031481
1 0.907625 0.228241 0.013685 0.047222
1 0.772239 0.782407 0.024438 0.046296
1 0.811584 0.812963 0.033724 0.070370
0 0.641496 0.902778 0.067937 0.192593
1 0.630254 0.329630 0.010264 0.029630
1 0.620235 0.536111 0.012708 0.024074
1 0.376833 0.150926 0.018573 0.037037
1 0.543744 0.320370 0.022972 0.033333
1 0.355083 0.934259 0.023949 0.033333
1 0.254399 0.603704 0.025904 0.035185
1 0.542766 0.640278 0.011241 0.050926
1 0.557674 0.017593 0.025415 0.033333
0 0.506109 0.848611 0.148094 0.297222
0 0.405914 0.515741 0.311339 0.507407
0 0.543255 0.275926 0.224340 0.325926