1 0.247067 0.884259 0.021017 0.029630
1 0.889052 0.680556 0.053763 0.111111
1 0.684995 0.528241 0.042522 0.110185
1 0.026393 0.503241 0.032258 0.032407
1 0.913978 0.478704 0.014663 0.037037
1 0.047898 0.476389 0.013685 0.041667
1 0.950880 0.460185 0.026882 0.062963
1 0.863392 0.438889 0.011241 0.025926
1 0.775171 0.442130 0.035191 0.032407
1 0.515152 0.420833 0.030303 0.041667
1 0.733627 0.427315 0.029326 0.047222
1 0.785191 0.410648 0.022972 0.026852
1 0.979228 0.462037 0.039589 0.135185
1 0.755132 0.404630 0.032258 0.027778
1 0.820626 0.381019 0.017595 0.067593
1 0.601662 0.395833 0.042033 0.067593
1 0.757087 0.368981 0.011730 0.032407
1 0.463099 0.361111 0.021017 0.025926
1 0.648338 0.398611 0.056207 0.110185
1 0.695503 0.332407 0.030303 0.033333
1 0.735582 0.326389 0.058651 0.104630
1 0.848729 0.291667 0.021994 0.048148
1 0.475806 0.271296 0.014174 0.042593
1 0.822825 0.253704 0.015152 0.066667
1 0.917400 0.256481 0.025415 0.066667
1 0.892229 0.268056 0.063050 0.106481
1 0.852639 0.214352 0.028837 0.062037
1 0.991691 0.227778 0.015640 0.055556
1 0.783969 0.226852 0.074291 0.098148
1 0.847263 0.145833 0.036657 0.065741
1 0.961144 0.186111 0.042522 0.114815
1 0.302542 0.134722 0.024438 0.019444
1 0.899560 0.138889 0.044477 0.081481
1 0.030547 0.125000 0.012219 0.040741
1 0.760020 0.139815 0.067449 0.092593
1 0.709433 0.131019 0.037634 0.082407
1 0.370235 0.085185 0.009286 0.027778
1 0.651026 0.078241 0.033236 0.039815
1 0.975806 0.075926 0.030792 0.040741
1 0.911046 0.086111 0.043988 0.066667
1 0.987292 0.033796 0.008798 0.026852
1 0.599218 0.029167 0.012708 0.028704
1 0.771261 0.048611 0.031281 0.080556
1 0.688416 0.041667 0.049365 0.079630
1 0.647361 0.017130 0.021994 0.026852
1 0.956745 0.030093 0.018084 0.060185
1 0.938905 0.012037 0.021505 0.024074
1 0.797165 0.008796 0.012708 0.017593
1 0.068915 0.016667 0.032258 0.024074
1 0.054985 0.133796 0.017107 0.080556
1 0.107527 0.531481 0.025415 0.064815
1 0.163978 0.540278 0.042522 0.071296
1 0.038612 0.632407 0.034213 0.053704
1 0.221408 0.682870 0.049853 0.080556
1 0.270772 0.562963 0.064516 0.164815
1 0.277126 0.709722 0.030303 0.041667
1 0.295699 0.740741 0.037146 0.042593
1 0.182307 0.934722 0.026393 0.041667
1 0.279570 0.872222 0.020528 0.048148
1 0.297898 0.844444 0.025904 0.022222
0 0.576491 0.854167 0.367058 0.284259
0 0.562317 0.682407 0.343597 0.501852
1 0.625367 0.700000 0.062072 0.087037
1 0.756843 0.655093 0.049365 0.123148
1 0.814272 0.877315 0.035191 0.069444
1 0.809873 0.921759 0.028348 0.049074
0 0.514174 0.215741 0.303030 0.429630
1 0.897849 0.897685 0.038123 0.060185
1 0.904203 0.615741 0.057674 0.048148
1 0.950391 0.587963 0.033724 0.048148
1 0.967742 0.562037 0.032258 0.059259
1 0.951369 0.681019 0.043500 0.054630
1 0.973607 0.645833 0.041056 0.069444
1 0.938416 0.634722 0.038123 0.095370
1 0.972874 0.281944 0.041544 0.075000
1 0.777615 0.291667 0.057674 0.064815