1 0.004154 0.654630 0.008309 0.011111
1 0.678397 0.661574 0.023460 0.041667
1 0.760997 0.548611 0.051808 0.065741
1 0.074291 0.381481 0.014663 0.016667
1 0.043744 0.355556 0.054252 0.077778
1 0.967742 0.302315 0.008798 0.021296
1 0.908847 0.250463 0.016129 0.054630
1 0.834311 0.234722 0.019550 0.071296
1 0.245357 0.049537 0.018573 0.019444
1 0.114614 0.033333 0.031769 0.066667
1 0.073803 0.033333 0.022483 0.037037
1 0.936461 0.038889 0.054741 0.077778
1 0.352884 0.085648 0.028348 0.052778
1 0.374389 0.106481 0.033236 0.048148
1 0.687195 0.531944 0.066471 0.091667
1 0.685973 0.464352 0.038612 0.054630
1 0.707722 0.400463 0.047898 0.026852
1 0.720430 0.356944 0.016618 0.025000
1 0.706500 0.357870 0.020039 0.008333
1 0.710655 0.380093 0.016618 0.030556
1 0.344086 0.725000 0.027370 0.029630
0 0.580401 0.858796 0.305474 0.280556
0 0.507087 0.776389 0.433529 0.437963
1 0.523705 0.550000 0.036657 0.040741
1 0.501711 0.566667 0.037634 0.057407
1 0.476540 0.637500 0.024438 0.023148
1 0.525904 0.592130 0.016618 0.037963
1 0.515396 0.628241 0.019062 0.041667
1 0.628299 0.062963 0.046432 0.075926
1 0.584555 0.292130 0.029326 0.093519
1 0.649560 0.271759 0.059629 0.119444
1 0.604839 0.230556 0.019062 0.068519
1 0.587488 0.211574 0.010753 0.054630
1 0.525904 0.327315 0.018573 0.041667
0 0.554741 0.164815 0.158358 0.329630
1 0.535924 0.138426 0.028837 0.067593
0 0.546676 0.280093 0.175464 0.495370
0 0.551075 0.184259 0.207722 0.368519
1 0.763685 0.035648 0.036657 0.069444
1 0.791300 0.032407 0.013685 0.064815
1 0.992913 0.092593 0.013196 0.066667