1 0.925220 0.937037 0.033236 0.068519
1 0.137341 0.837037 0.011730 0.031481
1 0.034213 0.795370 0.012708 0.031481
1 0.669599 0.748611 0.039101 0.087963
1 0.112659 0.743056 0.040567 0.049074
1 0.979228 0.759259 0.040567 0.112963
1 0.885386 0.726852 0.062072 0.079630
1 0.653470 0.700463 0.054741 0.158333
1 0.400538 0.765278 0.145161 0.262037
1 0.394428 0.605093 0.023460 0.041667
1 0.488025 0.623148 0.021017 0.072222
1 0.889541 0.574074 0.011730 0.027778
1 0.593109 0.557407 0.018084 0.055556
1 0.133675 0.500926 0.015152 0.024074
1 0.092620 0.487963 0.025904 0.059259
1 0.345064 0.482870 0.023460 0.086111
1 0.438905 0.478241 0.036168 0.126852
1 0.838954 0.414815 0.015152 0.050000
1 0.591887 0.425926 0.046921 0.088889
1 0.622923 0.401389 0.028837 0.078704
1 0.922776 0.357870 0.021505 0.028704
1 0.768573 0.332407 0.020039 0.050000
1 0.983138 0.308796 0.032747 0.065741
1 0.654692 0.275000 0.026882 0.033333
1 0.740469 0.260185 0.020528 0.059259
1 0.929863 0.217593 0.019062 0.031481
1 0.405181 0.233796 0.071359 0.160185
1 0.968475 0.178704 0.019062 0.051852
1 0.620235 0.165278 0.032258 0.043519
1 0.081378 0.155556 0.016129 0.050000
1 0.936706 0.143056 0.020039 0.063889
1 0.315982 0.161574 0.043500 0.112037
1 0.586266 0.132407 0.044477 0.062963
1 0.521261 0.115278 0.047410 0.071296
1 0.222630 0.066667 0.013196 0.050000
1 0.631720 0.057407 0.036657 0.037037
1 0.966031 0.030556 0.017107 0.061111
1 0.630743 0.018519 0.017107 0.037037
0 0.233627 0.851852 0.173998 0.294444
0 0.207967 0.661111 0.156891 0.200000
0 0.196725 0.251852 0.162757 0.344444
0 0.219697 0.450000 0.153959 0.288889
1 0.091153 0.313426 0.041544 0.063889
1 0.866080 0.073148 0.123167 0.146296
0 0.749267 0.485185 0.109482 0.229630
0 0.780059 0.669444 0.140762 0.162963
1 0.787879 0.744907 0.031281 0.073148
1 0.659580 0.899537 0.055230 0.115741
1 0.344575 0.587963 0.078201 0.105556
1 0.343353 0.248611 0.025904 0.017593
1 0.426686 0.078241 0.020528 0.067593
1 0.524682 0.365741 0.074780 0.200000
1 0.466276 0.327315 0.067449 0.119444
1 0.537879 0.602778 0.022972 0.053704
1 0.541789 0.554630 0.026882 0.050000
1 0.469453 0.903241 0.026882 0.100926
1 0.479228 0.972685 0.026882 0.052778
1 0.541300 0.889352 0.053275 0.095370
1 0.512708 0.906019 0.032258 0.078704
0 0.765885 0.089815 0.126100 0.179630
1 0.689883 0.150463 0.040567 0.050926
1 0.701369 0.222222 0.043988 0.083333
0 0.737292 0.822685 0.102151 0.204630
1 0.783480 0.930556 0.155425 0.137037
1 0.860704 0.812963 0.086022 0.166667
1 0.944770 0.562963 0.055718 0.105556
1 0.939394 0.475000 0.046921 0.142593
1 0.159824 0.105093 0.047898 0.052778
1 0.119501 0.088889 0.044477 0.085185
1 0.932063 0.842593 0.043988 0.133333
1 0.977028 0.973148 0.044966 0.051852