1 0.086999 0.967593 0.039101 0.053704
1 0.393695 0.931481 0.010264 0.020370
1 0.893939 0.902315 0.012708 0.025000
1 0.585777 0.865741 0.011241 0.024074
1 0.467009 0.841204 0.021994 0.032407
1 0.223607 0.829167 0.026882 0.030556
0 0.253666 0.901389 0.184751 0.195370
1 0.298143 0.747685 0.021505 0.045370
1 0.006843 0.731019 0.013685 0.017593
1 0.960166 0.706019 0.021994 0.028704
1 0.685484 0.719444 0.020039 0.048148
1 0.026637 0.594444 0.038612 0.092593
1 0.656158 0.567130 0.017107 0.012037
1 0.127566 0.589352 0.050831 0.108333
1 0.624389 0.521296 0.021994 0.046296
1 0.542033 0.512963 0.023460 0.033333
1 0.432551 0.437500 0.018573 0.047222
1 0.554008 0.431481 0.021994 0.038889
1 0.845797 0.361574 0.012219 0.034259
1 0.466520 0.300000 0.015152 0.031481
1 0.329179 0.273148 0.024927 0.055556
1 0.442571 0.244444 0.007331 0.018519
1 0.212854 0.216204 0.024927 0.032407
1 0.695503 0.201389 0.015640 0.050926
1 0.308407 0.208333 0.024438 0.046296
1 0.978006 0.173148 0.013685 0.033333
1 0.452102 0.082870 0.027370 0.049074
1 0.712366 0.033796 0.009286 0.010185
1 0.648583 0.018981 0.022483 0.037963
1 0.447703 0.010648 0.024438 0.021296
1 0.032502 0.756019 0.034702 0.025000
0 0.227273 0.631019 0.164223 0.169444
1 0.226540 0.353704 0.030792 0.059259
0 0.247556 0.292130 0.126588 0.097222
1 0.346285 0.341204 0.028837 0.037963
0 0.248534 0.450000 0.217498 0.214815
1 0.238759 0.312500 0.022972 0.023148
0 0.263930 0.117130 0.069404 0.141667
0 0.255376 0.047685 0.194037 0.095370
1 0.467009 0.680093 0.019062 0.054630
1 0.469453 0.896296 0.022972 0.031481
1 0.496090 0.031944 0.011730 0.013889
1 0.574536 0.782870 0.032747 0.045370
1 0.583822 0.282407 0.026882 0.059259
1 0.670332 0.357407 0.025904 0.051852
1 0.680352 0.376852 0.009775 0.042593
1 0.606305 0.049537 0.026882 0.023148
0 0.794477 0.869907 0.160802 0.258333
0 0.812561 0.932407 0.129521 0.133333
0 0.794966 0.657407 0.116813 0.205556
1 0.891496 0.720833 0.072336 0.099074
0 0.790078 0.492130 0.146139 0.147222
1 0.832600 0.438426 0.021017 0.037963
1 0.849218 0.454630 0.014174 0.027778
1 0.898827 0.281019 0.042033 0.065741
0 0.799609 0.249537 0.094819 0.204630
0 0.789345 0.092130 0.172043 0.112037
0 0.771505 0.026852 0.098240 0.051852
1 0.894428 0.549074 0.009775 0.020370