1 0.201857 0.227778 0.016618 0.014815
1 0.062317 0.904630 0.014174 0.029630
1 0.251955 0.836574 0.059140 0.076852
1 0.215543 0.965278 0.022483 0.056481
1 0.237048 0.557870 0.020528 0.049074
1 0.447703 0.011574 0.018573 0.023148
0 0.438661 0.214352 0.213587 0.387963
1 0.404692 0.401389 0.022483 0.075000
0 0.521505 0.530093 0.247312 0.434259
1 0.472141 0.363889 0.032258 0.038889
1 0.454057 0.475926 0.014663 0.031481
1 0.459677 0.637963 0.014174 0.031481
1 0.476540 0.633796 0.087977 0.082407
1 0.488514 0.648611 0.057185 0.056481
0 0.501222 0.848611 0.256598 0.300926
1 0.778837 0.028241 0.012219 0.039815
1 0.889785 0.070833 0.018084 0.039815
1 0.864614 0.132870 0.034213 0.050926
1 0.947947 0.046296 0.024927 0.037037
1 0.835533 0.018981 0.018084 0.037963
1 0.958944 0.017593 0.081134 0.035185
1 0.958211 0.009722 0.006354 0.019444
1 0.977517 0.026389 0.017595 0.034259
1 0.989492 0.028241 0.018084 0.043519
1 0.987292 0.103704 0.024438 0.059259
1 0.929863 0.118519 0.050342 0.114815
1 0.913001 0.181481 0.019550 0.033333
1 0.974585 0.188889 0.009775 0.038889
1 0.912757 0.205556 0.011241 0.022222
1 0.929130 0.076852 0.015640 0.027778
1 0.886608 0.230556 0.011730 0.037037
1 0.933284 0.245370 0.029814 0.051852
1 0.971896 0.368981 0.022972 0.041667
1 0.971652 0.316204 0.015640 0.021296
1 0.972874 0.297685 0.020039 0.023148
1 0.987537 0.273148 0.015152 0.020370
1 0.984848 0.288889 0.019550 0.022222
1 0.980694 0.307407 0.015152 0.029630
1 0.986804 0.317593 0.011730 0.027778
1 0.923754 0.381481 0.015640 0.040741
1 0.936706 0.375926 0.009286 0.027778
1 0.948192 0.376389 0.011730 0.025000
1 0.943060 0.412037 0.014174 0.018519
1 0.980205 0.434722 0.014174 0.039815
1 0.973607 0.482870 0.024438 0.047222
1 0.953568 0.448611 0.021505 0.013889
1 0.902004 0.493056 0.032747 0.080556
1 0.913978 0.596296 0.030303 0.077778
1 0.905914 0.564352 0.016129 0.037963
1 0.951613 0.593981 0.019550 0.034259
1 0.991202 0.569444 0.015640 0.020370
1 0.943793 0.610648 0.039101 0.089815
1 0.992180 0.670370 0.013685 0.020370
1 0.938661 0.660648 0.031769 0.062037
1 0.957967 0.681944 0.028348 0.039815
1 0.975073 0.752315 0.011730 0.030556
1 0.965298 0.780556 0.012708 0.024074
1 0.912512 0.775926 0.015640 0.044444
1 0.956012 0.851852 0.012708 0.029630
1 0.908602 0.891667 0.030303 0.055556
1 0.910557 0.853241 0.024438 0.013889
1 0.967742 0.950463 0.012708 0.028704
1 0.928152 0.029630 0.008798 0.029630
1 0.865836 0.232870 0.029814 0.071296
1 0.847996 0.317130 0.015640 0.032407
1 0.869013 0.411574 0.021505 0.030556
1 0.834555 0.413426 0.035679 0.087963
1 0.802053 0.555093 0.020528 0.041667
1 0.846774 0.727315 0.061095 0.075000
1 0.816471 0.775463 0.024927 0.030556
1 0.743402 0.912963 0.007820 0.037037
1 0.725318 0.733796 0.025415 0.056481
1 0.768573 0.795833 0.032747 0.058333
1 0.713099 0.683333 0.037146 0.061111
1 0.735826 0.689352 0.029814 0.073148
1 0.689638 0.233333 0.012708 0.020370
1 0.678397 0.458333 0.023460 0.044444
1 0.570137 0.350000 0.028837 0.029630
1 0.507576 0.393519 0.047410 0.055556