0 0.274927 0.412963 0.157869 0.183333
1 0.267595 0.250926 0.071848 0.090741
1 0.285924 0.178704 0.124145 0.077778
1 0.292278 0.527778 0.061584 0.170370
1 0.252933 0.598148 0.033724 0.059259
0 0.260997 0.759259 0.165200 0.231481
0 0.275904 0.926389 0.085533 0.130556
1 0.494624 0.572222 0.036168 0.057407
1 0.587243 0.657870 0.055230 0.091667
1 0.562072 0.780556 0.057674 0.112963
1 0.613392 0.568981 0.037146 0.073148
1 0.679619 0.528704 0.026882 0.057407
1 0.695503 0.918981 0.047898 0.043519
0 0.816716 0.908796 0.159335 0.162037
0 0.784946 0.823148 0.136852 0.098148
0 0.816227 0.721296 0.173998 0.185185
0 0.778104 0.564815 0.137830 0.127778
0 0.808651 0.350000 0.172532 0.231481
1 0.802297 0.150926 0.065005 0.072222
0 0.790323 0.050463 0.088954 0.095370
1 0.587243 0.163426 0.038612 0.076852
1 0.626344 0.112037 0.037634 0.059259
1 0.683040 0.070370 0.029814 0.061111
1 0.289589 0.025000 0.043500 0.044444