0 0.806940 0.441667 0.147605 0.151852
0 0.807429 0.606019 0.167155 0.184259
0 0.828690 0.945370 0.095308 0.094444
0 0.649560 0.893981 0.099707 0.163889
0 0.546921 0.747685 0.100684 0.217593
0 0.494868 0.492593 0.107038 0.183333
0 0.566471 0.361574 0.066471 0.228704
0 0.319892 0.654167 0.120723 0.232407
0 0.269795 0.829167 0.089932 0.195370
1 0.226784 0.954630 0.090909 0.068519
1 0.198925 0.690741 0.042033 0.046296
1 0.179863 0.755556 0.043011 0.057407
1 0.269062 0.556944 0.045455 0.075000
1 0.039589 0.940741 0.055718 0.035185
1 0.081623 0.545370 0.030303 0.042593
1 0.187439 0.590278 0.029814 0.030556
1 0.083822 0.701389 0.027859 0.050926
1 0.519550 0.902778 0.076246 0.157407
1 0.406891 0.802315 0.027859 0.037963
1 0.646872 0.493519 0.057185 0.092593
1 0.723851 0.563889 0.035191 0.075926
1 0.610459 0.416667 0.049853 0.092593
1 0.605327 0.499537 0.025904 0.052778
1 0.743646 0.742130 0.034702 0.069444
1 0.908113 0.730093 0.080156 0.089815
1 0.962610 0.368981 0.031769 0.037963
0 0.814516 0.145370 0.132454 0.140741
0 0.300831 0.094907 0.194037 0.189815
0 0.275660 0.280093 0.170088 0.193519
0 0.294721 0.376852 0.059629 0.096296
1 0.464809 0.316204 0.039101 0.115741
1 0.501466 0.328704 0.015640 0.057407
1 0.517351 0.235648 0.032747 0.039815
1 0.532747 0.164815 0.029326 0.068519
1 0.486315 0.150463 0.043011 0.123148
1 0.472874 0.074074 0.027859 0.103704
1 0.657136 0.154167 0.047410 0.065741
1 0.671799 0.283796 0.027859 0.041667
1 0.671799 0.365741 0.027859 0.031481
1 0.177419 0.200926 0.059629 0.088889
1 0.233382 0.053704 0.033724 0.079630
1 0.660557 0.064352 0.077713 0.113889
1 0.865836 0.068981 0.051320 0.062037
1 0.927664 0.033796 0.054741 0.065741
1 0.766862 0.025926 0.069404 0.050000
1 0.549365 0.111111 0.017595 0.035185
1 0.446725 0.759259 0.010753 0.029630
1 0.905670 0.181019 0.059629 0.113889
1 0.971408 0.200000 0.026882 0.064815
1 0.952590 0.146759 0.033236 0.050926
1 0.931818 0.620370 0.018084 0.022222
1 0.983138 0.331019 0.018084 0.023148
1 0.950147 0.962500 0.041056 0.069444
1 0.969941 0.893056 0.046432 0.082407
1 0.969453 0.092593 0.026882 0.040741