1 0.531769 0.924537 0.023460 0.026852
1 0.804985 0.909722 0.015640 0.013889
1 0.588221 0.903704 0.019062 0.040741
1 0.500489 0.781019 0.021505 0.041667
1 0.562805 0.716667 0.018084 0.042593
1 0.674242 0.720370 0.025904 0.053704
1 0.952590 0.680556 0.015640 0.027778
1 0.989492 0.684259 0.020039 0.059259
1 0.250733 0.694444 0.087977 0.081481
1 0.698192 0.668981 0.014174 0.047222
1 0.587488 0.604630 0.018573 0.057407
1 0.941349 0.527778 0.011730 0.011111
1 0.679619 0.491204 0.037634 0.032407
1 0.546432 0.466204 0.017595 0.037963
1 0.715543 0.275463 0.017595 0.025000
1 0.836266 0.268519 0.019550 0.029630
1 0.286168 0.242130 0.027859 0.036111
1 0.476540 0.203241 0.025415 0.058333
0 0.763930 0.306481 0.139785 0.218519
1 0.549853 0.195833 0.018573 0.041667
1 0.623900 0.187500 0.023949 0.065741
1 0.376833 0.177315 0.025415 0.041667
1 0.568182 0.152778 0.029814 0.059259
1 0.932063 0.143981 0.025415 0.052778
1 0.568915 0.108333 0.022483 0.046296
1 0.988759 0.064815 0.019550 0.040741
1 0.564761 0.049074 0.026882 0.033333
1 0.516129 0.012500 0.022483 0.025000
0 0.282258 0.096759 0.087488 0.193519
0 0.259775 0.445370 0.200880 0.107407
0 0.252688 0.559259 0.062561 0.155556
0 0.244624 0.896296 0.138319 0.205556
1 0.264174 0.818981 0.089443 0.076852
1 0.398094 0.725926 0.020039 0.042593
1 0.430596 0.770833 0.023460 0.054630
1 0.444770 0.561111 0.026393 0.029630
1 0.478006 0.405556 0.018573 0.038889
1 0.502444 0.399537 0.023460 0.034259
1 0.400049 0.055556 0.025904 0.044444
1 0.598729 0.450463 0.018573 0.043519
1 0.574291 0.465278 0.024438 0.039815
1 0.603617 0.558333 0.016618 0.038889
1 0.546921 0.506481 0.019550 0.033333
1 0.572581 0.702778 0.021017 0.035185
1 0.621457 0.755556 0.026882 0.048148
1 0.630499 0.686111 0.022483 0.031481
1 0.411779 0.084722 0.017107 0.034259
1 0.430841 0.139815 0.026882 0.048148
1 0.425709 0.092593 0.013685 0.040741
1 0.383431 0.125000 0.021017 0.040741
1 0.311339 0.051852 0.017595 0.037037
1 0.534213 0.056944 0.025415 0.037963
1 0.471896 0.862037 0.025904 0.051852
1 0.499756 0.849074 0.017107 0.035185
1 0.565494 0.598148 0.025415 0.051852
1 0.557674 0.631019 0.016618 0.043519
1 0.658358 0.651852 0.026393 0.029630
1 0.614858 0.546759 0.027370 0.039815
1 0.608260 0.512500 0.025904 0.049074
1 0.667889 0.459259 0.020039 0.037037
1 0.706256 0.442130 0.020528 0.037963
1 0.673509 0.524074 0.017595 0.038889
1 0.666422 0.064352 0.018084 0.028704
1 0.732405 0.598148 0.028837 0.048148
1 0.742424 0.571759 0.020528 0.047222
1 0.725318 0.668056 0.017595 0.034259
1 0.722874 0.777315 0.018573 0.028704
1 0.748045 0.820370 0.017107 0.029630
1 0.707967 0.835185 0.024927 0.055556
1 0.627077 0.775926 0.023460 0.040741
1 0.739736 0.888889 0.018084 0.033333
1 0.971408 0.258333 0.030792 0.053704
1 0.982893 0.328704 0.031281 0.064815
1 0.944282 0.414352 0.035191 0.058333
1 0.933284 0.428704 0.019062 0.037037
1 0.959189 0.487963 0.019062 0.042593
1 0.956500 0.571759 0.017595 0.041667
1 0.976051 0.565741 0.010753 0.016667
1 0.960899 0.612500 0.015640 0.026852
1 0.816716 0.875926 0.023460 0.040741
1 0.879277 0.700000 0.018573 0.035185
1 0.921310 0.709722 0.023460 0.043519
1 0.836755 0.700463 0.018573 0.043519
1 0.847263 0.729630 0.021017 0.038889
1 0.855083 0.873148 0.018084 0.042593
1 0.867058 0.883333 0.022483 0.014815
1 0.970430 0.865278 0.021994 0.030556
1 0.990714 0.862500 0.014663 0.052778
1 0.982405 0.896759 0.023460 0.037963
1 0.946725 0.811574 0.013685 0.034259
1 0.855327 0.624074 0.023460 0.046296
1 0.850684 0.228704 0.019062 0.024074
1 0.866080 0.755093 0.010753 0.013889
0 0.774927 0.765278 0.100196 0.221296
0 0.797410 0.539352 0.148094 0.254630
0 0.816960 0.099537 0.174487 0.162037
0 0.765396 0.026389 0.083089 0.052778