1 0.911046 0.963426 0.015640 0.030556
1 0.206500 0.855093 0.032747 0.036111
1 0.809384 0.817593 0.005865 0.027778
1 0.260020 0.641667 0.022483 0.059259
1 0.011486 0.613426 0.022972 0.052778
1 0.623656 0.592130 0.008798 0.021296
1 0.043500 0.568056 0.018573 0.043519
1 0.226540 0.549537 0.024927 0.071296
1 0.638074 0.492130 0.012219 0.032407
1 0.675220 0.498148 0.028837 0.051852
1 0.277615 0.473611 0.017595 0.028704
1 0.121212 0.440741 0.028348 0.064815
1 0.229228 0.390278 0.016618 0.021296
1 0.006598 0.385648 0.013196 0.030556
1 0.259042 0.356019 0.007820 0.015741
1 0.288856 0.365741 0.019550 0.070370
1 0.321848 0.310648 0.046432 0.086111
1 0.121212 0.283333 0.030303 0.051852
0 0.018084 0.218056 0.036168 0.130556
0 0.526882 0.057407 0.102639 0.114815
0 0.534457 0.277315 0.151026 0.393519
0 0.509286 0.543519 0.174976 0.288889
0 0.489247 0.687037 0.075269 0.174074
0 0.025904 0.709722 0.051808 0.073148
1 0.079668 0.743519 0.146628 0.174074
1 0.017351 0.079167 0.033724 0.075000
1 0.923265 0.874537 0.018573 0.019444
1 0.885142 0.650000 0.040078 0.075926
1 0.881476 0.536574 0.022972 0.047222
1 0.902737 0.542130 0.012708 0.037963
1 0.970674 0.201389 0.010753 0.017593
1 0.826979 0.885185 0.012708 0.014815
1 0.777370 0.111574 0.005376 0.015741
1 0.302297 0.957407 0.026882 0.066667
1 0.587488 0.762963 0.021505 0.094444
1 0.076002 0.118519 0.024927 0.059259
1 0.114125 0.204630 0.039589 0.048148
1 0.094086 0.419444 0.016129 0.029630
1 0.110948 0.564815 0.023460 0.037037
1 0.125122 0.648611 0.034213 0.037963
1 0.657625 0.653704 0.033724 0.096296
1 0.626588 0.439352 0.018573 0.034259
1 0.828690 0.043981 0.056207 0.082407
1 0.519062 0.942130 0.044966 0.062037
0 0.457967 0.970370 0.064516 0.057407
1 0.424487 0.919444 0.036657 0.074074
1 0.377322 0.842130 0.100684 0.165741
1 0.144673 0.118056 0.061584 0.110185
1 0.127077 0.127778 0.019550 0.029630
1 0.369746 0.103704 0.033724 0.055556
1 0.358016 0.187500 0.074780 0.117593
1 0.305474 0.262500 0.045943 0.054630
1 0.257576 0.229630 0.067449 0.098148
1 0.422532 0.550000 0.026882 0.040741