1 0.117302 0.013426 0.023460 0.026852
1 0.092620 0.099537 0.037634 0.086111
1 0.089198 0.171296 0.024927 0.040741
1 0.133675 0.225926 0.020039 0.046296
1 0.046188 0.284722 0.016129 0.037963
1 0.082111 0.316667 0.020528 0.040741
1 0.195015 0.021296 0.012708 0.025926
1 0.199413 0.049074 0.015640 0.025926
1 0.230450 0.095833 0.032747 0.039815
1 0.185484 0.106944 0.029814 0.028704
1 0.216031 0.175463 0.022483 0.025000
1 0.200391 0.231944 0.008798 0.039815
1 0.227028 0.214352 0.020039 0.015741
1 0.236804 0.255093 0.020039 0.017593
1 0.210899 0.288889 0.028837 0.038889
1 0.276149 0.242130 0.013685 0.030556
1 0.253666 0.382407 0.019550 0.031481
1 0.206989 0.400926 0.031769 0.044444
1 0.179130 0.394907 0.016129 0.025000
1 0.093353 0.477778 0.020528 0.050000
1 0.195748 0.087500 0.007331 0.023148
1 0.180108 0.009259 0.012219 0.018519
1 0.299120 0.330093 0.012708 0.019444
1 0.292522 0.362500 0.020039 0.025000
1 0.230205 0.420833 0.012708 0.034259
1 0.199413 0.441667 0.010753 0.025926
1 0.193548 0.470833 0.017595 0.036111
1 0.135386 0.473148 0.022483 0.029630
1 0.128788 0.757870 0.043500 0.041667
1 0.123656 0.797222 0.012708 0.029630
1 0.161535 0.913426 0.028837 0.076852
1 0.171310 0.734722 0.035679 0.045370
1 0.226540 0.693981 0.031769 0.063889
1 0.201124 0.785185 0.015152 0.044444
1 0.218964 0.876852 0.017595 0.042593
1 0.250244 0.895833 0.015640 0.036111
1 0.231427 0.763426 0.021017 0.015741
1 0.237537 0.785185 0.023460 0.038889
1 0.260020 0.767130 0.019550 0.041667
1 0.254643 0.810185 0.016618 0.042593
1 0.267351 0.794444 0.017595 0.040741
1 0.294966 0.765741 0.011241 0.038889
1 0.292766 0.830556 0.015640 0.029630
1 0.315494 0.812963 0.017107 0.031481
1 0.282502 0.021296 0.026393 0.040741
1 0.313539 0.032870 0.023949 0.025000
1 0.339443 0.125463 0.022972 0.021296
1 0.345797 0.417593 0.025904 0.027778
1 0.356549 0.462037 0.017107 0.031481
1 0.397116 0.468056 0.027859 0.034259
1 0.337488 0.522685 0.031769 0.071296
1 0.347752 0.608333 0.025904 0.062963
1 0.365103 0.610648 0.017595 0.030556
1 0.399560 0.676389 0.014174 0.026852
1 0.298876 0.615278 0.029814 0.026852
1 0.202590 0.593519 0.013196 0.033333
1 0.306696 0.663426 0.018084 0.041667
1 0.337488 0.752778 0.017107 0.044444
1 0.367058 0.821296 0.017595 0.024074
1 0.407136 0.885648 0.028348 0.043519
1 0.471896 0.023611 0.016129 0.026852
1 0.474340 0.060185 0.017107 0.040741
1 0.525660 0.018981 0.014174 0.037963
1 0.479228 0.100926 0.040567 0.061111
1 0.447703 0.120833 0.025415 0.030556
1 0.387830 0.104630 0.012219 0.022222
1 0.534946 0.132407 0.019062 0.029630
1 0.587732 0.118056 0.025904 0.041667
1 0.610459 0.136111 0.012708 0.024074
1 0.608749 0.011111 0.026882 0.022222
1 0.655181 0.050000 0.016129 0.046296
1 0.473363 0.211111 0.014174 0.051852
1 0.507087 0.186111 0.026882 0.033333
1 0.583822 0.223148 0.012219 0.035185
1 0.488270 0.248148 0.019550 0.081481
1 0.467498 0.255093 0.008309 0.025000
1 0.508309 0.228241 0.021505 0.013889
1 0.532014 0.293056 0.013196 0.039815
1 0.502444 0.279630 0.038123 0.061111
1 0.540078 0.412037 0.016618 0.044444
1 0.467009 0.476389 0.021017 0.026852
1 0.470430 0.535648 0.012219 0.032407
1 0.486559 0.534259 0.018084 0.027778
1 0.515640 0.569907 0.020528 0.045370
1 0.477273 0.590278 0.016129 0.036111
1 0.636119 0.266204 0.014174 0.023148
1 0.652004 0.250926 0.012708 0.027778
1 0.659580 0.285648 0.018084 0.058333
1 0.607283 0.331019 0.022972 0.028704
1 0.543011 0.501852 0.037146 0.079630
1 0.563539 0.525926 0.018573 0.031481
1 0.590420 0.471296 0.033236 0.064815
1 0.615591 0.463426 0.025904 0.050926
1 0.654448 0.463889 0.019550 0.025926
1 0.432796 0.753704 0.021017 0.046296
1 0.387097 0.726389 0.007820 0.013889
1 0.472874 0.673611 0.044477 0.071296
1 0.494135 0.702778 0.016618 0.035185
1 0.530792 0.637037 0.013685 0.033333
1 0.571114 0.656481 0.029814 0.048148
1 0.542522 0.664815 0.028348 0.042593
1 0.530303 0.728704 0.021505 0.061111
1 0.606061 0.730556 0.017595 0.033333
1 0.592864 0.773148 0.019550 0.038889
1 0.567449 0.811574 0.018573 0.056481
1 0.534946 0.863889 0.011241 0.035185
1 0.484360 0.875463 0.030303 0.052778
1 0.571848 0.952778 0.025415 0.046296
1 0.681574 0.007870 0.010264 0.013889
1 0.755376 0.013426 0.020039 0.023148
1 0.821848 0.037500 0.033724 0.069444
1 0.858749 0.049537 0.015640 0.017593
1 0.843842 0.108333 0.024927 0.042593
1 0.860215 0.106944 0.017595 0.026852
1 0.894428 0.136574 0.016618 0.036111
1 0.781036 0.100926 0.030303 0.033333
1 0.894428 0.118056 0.045943 0.071296
1 0.872190 0.109722 0.017107 0.028704
1 0.698925 0.094444 0.020528 0.042593
1 0.678397 0.119444 0.041056 0.072222
1 0.694770 0.181019 0.026882 0.036111
1 0.664712 0.222222 0.016618 0.025926
1 0.732160 0.174074 0.017595 0.048148
1 0.782258 0.183333 0.020039 0.024074
1 0.810362 0.199074 0.017595 0.046296
1 0.782258 0.237963 0.017107 0.038889
1 0.704545 0.266204 0.015152 0.025000
1 0.681574 0.319444 0.018084 0.046296
1 0.715054 0.233796 0.033236 0.067593
1 0.751222 0.343519 0.030303 0.053704
1 0.731427 0.429630 0.047410 0.070370
1 0.831134 0.437963 0.019062 0.037037
1 0.664223 0.495833 0.019550 0.056481
1 0.675709 0.512963 0.027859 0.046296
1 0.700147 0.509259 0.016129 0.042593
1 0.830890 0.616667 0.014663 0.031481
1 0.704301 0.620370 0.024438 0.033333
1 0.722874 0.674074 0.024438 0.024074
1 0.644184 0.653241 0.021505 0.034259
1 0.781525 0.812037 0.015640 0.057407
1 0.675709 0.702315 0.017107 0.021296
1 0.831134 0.861574 0.029814 0.043519
1 0.694770 0.945370 0.023949 0.050000
1 0.739736 0.870370 0.020039 0.040741
1 0.737537 0.889815 0.017595 0.024074
1 0.663734 0.886111 0.017595 0.024074
1 0.662023 0.922222 0.026882 0.059259
1 0.654448 0.959722 0.020528 0.045370
1 0.656647 0.982407 0.023949 0.018519
1 0.760508 0.626389 0.020528 0.032407
1 0.783724 0.474074 0.012219 0.027778
1 0.843353 0.482870 0.010264 0.023148
1 0.919355 0.860648 0.038123 0.056481
1 0.924487 0.904630 0.019062 0.031481
1 0.939883 0.890278 0.017595 0.034259
1 0.916178 0.969907 0.017107 0.054630
1 0.946481 0.987037 0.015152 0.022222
1 0.982160 0.940741 0.029814 0.027778
1 0.938172 0.766204 0.023949 0.043519
1 0.990714 0.750000 0.017595 0.048148
1 0.934995 0.625000 0.020528 0.042593
1 0.933529 0.532870 0.018573 0.032407
1 0.991935 0.576852 0.014174 0.038889
1 0.936217 0.420370 0.035679 0.064815
1 0.938172 0.464352 0.025904 0.039815
1 0.915445 0.434259 0.018573 0.018519
1 0.920088 0.518056 0.020039 0.028704
1 0.939638 0.587500 0.017107 0.036111
1 0.913978 0.212037 0.009775 0.018519
1 0.947703 0.214352 0.023460 0.030556
1 0.989980 0.167130 0.016129 0.045370
1 0.932551 0.149537 0.011730 0.039815
1 0.994624 0.256481 0.009775 0.050000
1 0.990469 0.286574 0.016129 0.023148
1 0.979228 0.036111 0.012219 0.038889
1 0.933284 0.100926 0.045455 0.075926
1 0.926442 0.079630 0.015152 0.027778
1 0.986559 0.069444 0.024927 0.050000
1 0.255621 0.319444 0.013685 0.024074
1 0.489980 0.731019 0.016129 0.041667
1 0.468231 0.757407 0.012708 0.024074
1 0.442815 0.771759 0.012708 0.023148
1 0.457234 0.749074 0.011241 0.027778
1 0.655425 0.399074 0.007820 0.007407
1 0.652981 0.373611 0.010753 0.021296
1 0.637341 0.425463 0.008798 0.021296
1 0.649071 0.513889 0.010753 0.025926
1 0.595064 0.695370 0.013196 0.020370