1 0.653226 0.894907 0.014174 0.026852
1 0.432307 0.808796 0.013196 0.030556
1 0.007576 0.412037 0.015152 0.035185
1 0.765640 0.093519 0.011241 0.037037
1 0.651026 0.028704 0.010753 0.014815
1 0.732160 0.022222 0.011730 0.024074
0 0.462121 0.009722 0.014174 0.019444
1 0.035924 0.160648 0.028837 0.049074
1 0.083089 0.191667 0.019550 0.037037
1 0.162268 0.091667 0.029326 0.046296
1 0.252199 0.342130 0.031281 0.037963
1 0.078935 0.314352 0.021994 0.037963
1 0.262463 0.458796 0.038123 0.049074
1 0.009531 0.890278 0.019062 0.043519
1 0.115836 0.984259 0.031281 0.029630
1 0.188416 0.694444 0.046432 0.068519
1 0.241447 0.875926 0.022483 0.044444
1 0.257576 0.739815 0.020528 0.050000
1 0.082845 0.745370 0.019062 0.057407
1 0.476051 0.357407 0.027370 0.048148
0 0.533724 0.208333 0.219941 0.224074
1 0.643451 0.397685 0.022972 0.076852
1 0.577468 0.072685 0.025904 0.054630
0 0.534213 0.567593 0.380254 0.261111
1 0.693548 0.689352 0.031281 0.075000
0 0.524682 0.810185 0.168622 0.292593
0 0.609971 0.947222 0.085044 0.103704
0 0.500489 0.957870 0.028348 0.082407
0 0.424976 0.947222 0.022972 0.103704
1 0.953079 0.152778 0.022483 0.040741
1 0.967742 0.187963 0.029326 0.064815