1 0.697703 0.981944 0.020039 0.034259
1 0.140029 0.973148 0.018084 0.029630
0 0.760020 0.954167 0.060606 0.089815
1 0.441838 0.876389 0.020528 0.030556
1 0.136608 0.818056 0.043500 0.062037
0 0.812805 0.887963 0.135875 0.222222
0 0.271505 0.898611 0.185239 0.200926
1 0.411535 0.605556 0.009775 0.025926
1 0.677175 0.479167 0.024927 0.047222
1 0.543744 0.431481 0.029814 0.059259
1 0.349707 0.372685 0.014174 0.030556
1 0.340665 0.338889 0.015640 0.022222
1 0.336510 0.162037 0.011241 0.029630
1 0.589443 0.160648 0.015640 0.028704
1 0.011486 0.081019 0.022972 0.045370
0 0.798387 0.116667 0.118768 0.233333
0 0.823558 0.477315 0.125122 0.219444
0 0.784213 0.682407 0.108993 0.216667
1 0.824536 0.962037 0.015640 0.070370
1 0.591642 0.700000 0.022972 0.057407
1 0.201124 0.268056 0.022972 0.047222
0 0.255621 0.691204 0.122190 0.226852
0 0.278592 0.334722 0.113392 0.308333
1 0.228495 0.480093 0.100196 0.125000
0 0.225073 0.559722 0.150049 0.149074
1 0.224340 0.101852 0.106549 0.203704
0 0.267595 0.187963 0.140274 0.096296