1 0.018573 0.275463 0.037146 0.106481
1 0.013196 0.749074 0.026393 0.055556
1 0.344819 0.922222 0.054252 0.074074
1 0.359971 0.514815 0.031769 0.133333
1 0.313539 0.635648 0.019062 0.030556
1 0.277859 0.620833 0.021017 0.034259
0 0.471163 0.071759 0.291300 0.143519
0 0.541789 0.409722 0.260508 0.717593
0 0.524194 0.857870 0.290811 0.282407
0 0.485337 0.801389 0.416422 0.317593
1 0.228006 0.030556 0.032747 0.050000
1 0.224829 0.076852 0.039101 0.053704
1 0.729228 0.110185 0.029326 0.083333
1 0.686706 0.430093 0.026393 0.060185
1 0.749022 0.606019 0.027859 0.050926
1 0.901026 0.257870 0.016129 0.054630