1 0.155914 0.105556 0.026393 0.053704
1 0.099707 0.040741 0.050831 0.051852
1 0.123900 0.107407 0.052297 0.074074
1 0.131476 0.217130 0.040078 0.062037
1 0.166911 0.393519 0.026882 0.066667
1 0.138807 0.480556 0.022483 0.031481
1 0.135630 0.594907 0.065982 0.056481
1 0.160802 0.885648 0.048876 0.110185
1 0.008798 0.573611 0.017595 0.043519
1 0.056452 0.067593 0.020039 0.035185
1 0.258309 0.794907 0.014174 0.028704
1 0.244624 0.625000 0.018084 0.040741
1 0.294233 0.592130 0.028348 0.050926
1 0.299365 0.520370 0.052297 0.035185
1 0.403226 0.199537 0.058651 0.080556
1 0.424487 0.034259 0.023949 0.038889
1 0.505865 0.064815 0.040078 0.090741
1 0.531036 0.044907 0.020039 0.028704
1 0.423021 0.371759 0.018084 0.015741
1 0.479717 0.699537 0.032747 0.082407
1 0.497312 0.736111 0.022972 0.020370
1 0.503666 0.673611 0.049365 0.058333
1 0.484848 0.615278 0.023460 0.045370
1 0.520772 0.633796 0.025904 0.041667
1 0.522483 0.522222 0.007820 0.012963
1 0.539101 0.507870 0.011730 0.023148
1 0.530547 0.066204 0.011241 0.023148
1 0.620723 0.069907 0.026393 0.062037
1 0.631476 0.102315 0.022483 0.037963
1 0.638319 0.003704 0.009775 0.007407
1 0.637586 0.291667 0.035679 0.062963
1 0.650782 0.301852 0.020039 0.029630
1 0.664223 0.541204 0.028348 0.049074
1 0.625855 0.744907 0.027859 0.034259
1 0.631965 0.889352 0.018573 0.050926
1 0.764174 0.092130 0.049365 0.065741
1 0.706256 0.562037 0.049853 0.133333
1 0.691105 0.704630 0.016618 0.025926
1 0.740958 0.906944 0.012708 0.021296
1 0.746823 0.824537 0.014663 0.034259
1 0.782502 0.907870 0.013685 0.039815
1 0.860948 0.929630 0.025904 0.038889
1 0.841887 0.598148 0.009286 0.038889
1 0.892717 0.095370 0.057185 0.066667
1 0.936950 0.031481 0.040078 0.062963
1 0.994624 0.117593 0.009775 0.020370
1 0.987537 0.146759 0.023949 0.045370
1 0.996334 0.305556 0.006354 0.035185
1 0.981916 0.358796 0.016618 0.025000
1 0.991935 0.523611 0.014174 0.073148
1 0.877810 0.498148 0.012708 0.020370
1 0.993891 0.751852 0.011241 0.053704
0 0.791789 0.935648 0.082111 0.123148
0 0.795699 0.781019 0.096774 0.212037
1 0.745601 0.791667 0.012219 0.024074
0 0.759531 0.529630 0.097752 0.233333
0 0.824047 0.424537 0.106549 0.252778
0 0.268573 0.705093 0.096285 0.130556
1 0.301564 0.771296 0.018573 0.094444
1 0.288123 0.665278 0.067937 0.037963
1 0.327713 0.714352 0.014174 0.110185
1 0.260997 0.130093 0.046921 0.062037
0 0.250244 0.031944 0.038123 0.063889
1 0.291789 0.043981 0.047898 0.087963
0 0.260997 0.147222 0.179863 0.151852
0 0.275904 0.284722 0.252688 0.208333
1 0.303030 0.874074 0.040078 0.081481
0 0.267595 0.885648 0.117791 0.226852
0 0.244379 0.402315 0.142717 0.187963
1 0.279570 0.418981 0.076246 0.160185
0 0.801564 0.034722 0.105572 0.069444