1 0.182551 0.993056 0.007331 0.012037
1 0.228250 0.985185 0.015640 0.027778
1 0.195992 0.973611 0.031281 0.050926
1 0.748534 0.787963 0.017107 0.029630
1 0.007331 0.775926 0.014663 0.057407
1 0.043744 0.723148 0.005376 0.016667
1 0.225073 0.730093 0.020039 0.036111
1 0.648827 0.705556 0.012219 0.016667
1 0.813539 0.573148 0.010264 0.014815
1 0.382209 0.525000 0.027370 0.038889
1 0.320870 0.562963 0.058162 0.114815
1 0.540323 0.499537 0.024927 0.043519
1 0.700880 0.429167 0.008798 0.030556
1 0.922043 0.423148 0.009286 0.025926
1 0.386364 0.391667 0.066960 0.074074
0 0.019062 0.413426 0.038123 0.126852
1 0.514418 0.339352 0.011241 0.039815
0 0.466276 0.462500 0.120235 0.291667
1 0.418866 0.249537 0.026393 0.025000
1 0.311095 0.239352 0.013196 0.026852
1 0.508553 0.197685 0.012219 0.021296
1 0.399560 0.165278 0.026882 0.019444
1 0.005865 0.162500 0.011730 0.026852
1 0.100440 0.151389 0.018084 0.028704
1 0.758309 0.128241 0.020039 0.037963
1 0.014907 0.110185 0.019062 0.024074
1 0.986559 0.023148 0.025904 0.046296
1 0.044721 0.008796 0.016129 0.017593
1 0.010020 0.502778 0.020039 0.040741
1 0.142962 0.471296 0.076735 0.092593
1 0.161290 0.432870 0.015640 0.019444
1 0.144917 0.678704 0.009286 0.020370
1 0.163734 0.366667 0.051808 0.077778
1 0.206500 0.388889 0.035679 0.053704
1 0.225806 0.464815 0.032258 0.074074
1 0.224340 0.340741 0.020528 0.059259
1 0.260264 0.198611 0.024927 0.047222
1 0.271505 0.348148 0.031769 0.057407
1 0.398583 0.286111 0.008309 0.025926
1 0.461144 0.064815 0.009286 0.022222
1 0.453812 0.045370 0.010264 0.012963
1 0.430596 0.212963 0.021505 0.048148
0 0.456745 0.169444 0.056207 0.201852
1 0.449902 0.296759 0.011241 0.023148
1 0.507576 0.512500 0.007331 0.019444
0 0.447947 0.800463 0.178397 0.395370
1 0.475318 0.051389 0.036657 0.063889
1 0.522239 0.100000 0.073803 0.111111
1 0.574780 0.128241 0.050831 0.115741
1 0.693060 0.585648 0.017595 0.045370
1 0.657380 0.353704 0.006843 0.033333
1 0.665200 0.353704 0.008798 0.029630
1 0.674731 0.196296 0.039589 0.070370
1 0.683529 0.167130 0.011241 0.023148
1 0.813294 0.382407 0.026393 0.035185
1 0.762219 0.455556 0.059140 0.033333
1 0.875122 0.418056 0.024927 0.043519
1 0.860215 0.181481 0.016618 0.042593
1 0.865347 0.005093 0.010264 0.010185
1 0.275904 0.097222 0.028837 0.055556