1 0.129277 0.029630 0.032747 0.040741
1 0.116325 0.065278 0.023460 0.050926
1 0.110704 0.134259 0.025904 0.048148
1 0.168133 0.316667 0.047898 0.050000
1 0.289101 0.123148 0.017107 0.074074
1 0.074291 0.376852 0.024438 0.053704
1 0.014418 0.311111 0.026882 0.046296
1 0.014174 0.519907 0.010753 0.045370
1 0.005132 0.564352 0.010264 0.036111
1 0.082600 0.819444 0.039101 0.059259
1 0.005132 0.914815 0.010264 0.081481
0 0.535679 0.815278 0.150538 0.362037
1 0.581134 0.739352 0.014663 0.028704
1 0.568671 0.701852 0.021994 0.027778
0 0.550831 0.501389 0.321603 0.323148
1 0.562072 0.467130 0.032258 0.052778
1 0.586755 0.292593 0.057185 0.038889
1 0.577468 0.171296 0.010264 0.044444
1 0.598485 0.073611 0.024927 0.041667
0 0.534457 0.014352 0.044477 0.026852
1 0.359726 0.014352 0.019550 0.019444
1 0.747312 0.238426 0.017595 0.037963
1 0.713587 0.178704 0.009775 0.020370
1 0.938661 0.037500 0.028837 0.047222
1 0.926442 0.072685 0.021994 0.028704
1 0.878543 0.448148 0.018084 0.031481
1 0.834555 0.524537 0.012219 0.028704
1 0.964809 0.298611 0.013685 0.032407
1 0.789589 0.725463 0.021017 0.034259
1 0.743891 0.687037 0.013685 0.035185
1 0.851417 0.587963 0.020528 0.033333
1 0.898583 0.910185 0.016129 0.027778