1 0.026882 0.137037 0.050831 0.092593
1 0.150049 0.163426 0.035191 0.082407
1 0.013196 0.428704 0.023460 0.068519
1 0.137341 0.409259 0.023460 0.059259
1 0.142717 0.545370 0.044966 0.062963
1 0.010020 0.588889 0.020039 0.085185
1 0.081378 0.465741 0.027859 0.046296
1 0.067449 0.773148 0.030303 0.075926
1 0.032014 0.873611 0.027859 0.052778
1 0.007820 0.934722 0.015640 0.054630
1 0.158847 0.712963 0.031281 0.046296
1 0.004888 0.768519 0.009775 0.057407
1 0.076979 0.635648 0.022972 0.041667
0 0.265640 0.887500 0.175464 0.219444
0 0.269795 0.695833 0.144673 0.210185
0 0.286413 0.478241 0.179863 0.295370
0 0.290811 0.245833 0.148583 0.230556
0 0.261486 0.080556 0.111437 0.161111
1 0.337488 0.206019 0.033724 0.050926
1 0.372678 0.199537 0.057185 0.063889
1 0.452590 0.038889 0.031281 0.068519
1 0.439394 0.188889 0.015640 0.033333
1 0.504399 0.194444 0.034213 0.114815
1 0.497067 0.018981 0.031281 0.037963
1 0.519795 0.062963 0.040567 0.081481
1 0.553763 0.016204 0.049853 0.030556
1 0.546921 0.192593 0.038123 0.070370
1 0.554008 0.372222 0.052297 0.092593
1 0.586022 0.499537 0.031281 0.063889
1 0.501466 0.387963 0.036168 0.092593
1 0.484115 0.317593 0.035679 0.070370
1 0.528348 0.565278 0.038123 0.076852
1 0.564272 0.586574 0.033724 0.041667
1 0.546432 0.621296 0.030303 0.044444
1 0.570137 0.655093 0.045455 0.073148
1 0.515396 0.642593 0.023949 0.057407
1 0.477028 0.600926 0.049853 0.105556
1 0.586022 0.758333 0.049853 0.094444
1 0.591398 0.832407 0.018573 0.074074
1 0.537634 0.792130 0.029326 0.063889
1 0.490714 0.818056 0.048876 0.115741
1 0.536901 0.857407 0.032747 0.050000
1 0.528837 0.908796 0.030303 0.041667
1 0.570137 0.896296 0.033724 0.053704
1 0.587732 0.968056 0.040567 0.058333
1 0.493157 0.929167 0.031281 0.056481
1 0.473118 0.881944 0.039101 0.045370
1 0.472630 0.713426 0.049853 0.069444
1 0.440860 0.652778 0.049853 0.046296
1 0.412512 0.568519 0.030303 0.061111
1 0.448436 0.564815 0.041544 0.062963
1 0.433529 0.606481 0.027370 0.033333
1 0.382942 0.580556 0.026882 0.062963
1 0.377077 0.669444 0.052297 0.053704
1 0.363881 0.529167 0.039589 0.110185
1 0.379032 0.404167 0.037634 0.086111
1 0.377322 0.331019 0.038123 0.065741
1 0.435484 0.467130 0.015640 0.026852
1 0.312805 0.668056 0.032258 0.041667
1 0.427175 0.920833 0.024438 0.030556
0 0.778837 0.831019 0.119746 0.319444
1 0.833822 0.965741 0.049853 0.059259
1 0.704057 0.728241 0.048387 0.063889
1 0.719941 0.648611 0.059629 0.076852
0 0.794233 0.646296 0.071359 0.225926
1 0.837732 0.601852 0.028348 0.070370
1 0.843597 0.712500 0.025415 0.086111
1 0.826246 0.801852 0.032747 0.070370
1 0.901515 0.767593 0.032747 0.090741
1 0.860459 0.831019 0.024927 0.060185
1 0.889785 0.855093 0.034702 0.050926
1 0.873900 0.933796 0.043988 0.062037
1 0.933040 0.950000 0.048876 0.090741
1 0.961877 0.948611 0.030303 0.075000
1 0.945503 0.788426 0.034702 0.036111
1 0.952835 0.614352 0.051320 0.065741
1 0.935973 0.567130 0.036168 0.050926
1 0.925464 0.494907 0.023949 0.041667
1 0.876588 0.517593 0.023949 0.044444
1 0.842864 0.419444 0.021994 0.072222
1 0.939150 0.434259 0.065982 0.083333
1 0.983627 0.465278 0.021994 0.065741
1 0.983627 0.535648 0.020039 0.052778
1 0.928152 0.331944 0.048876 0.102778
1 0.968231 0.352315 0.043011 0.065741
1 0.947947 0.191204 0.063050 0.121296
1 0.968475 0.240741 0.050342 0.096296
1 0.966764 0.050000 0.037146 0.059259
1 0.974096 0.131481 0.031281 0.059259
1 0.871457 0.168981 0.042033 0.102778
1 0.899071 0.018056 0.021017 0.030556
1 0.735582 0.040741 0.045943 0.081481
1 0.711632 0.097222 0.054741 0.057407
1 0.649560 0.093981 0.028348 0.037963
0 0.788123 0.196759 0.138319 0.325000
1 0.660068 0.203241 0.025904 0.071296
1 0.714809 0.248611 0.016129 0.054630
0 0.787879 0.421759 0.104594 0.169444
1 0.610704 0.308796 0.028837 0.034259
1 0.792278 0.546296 0.032258 0.061111