1 0.950147 0.979630 0.026393 0.035185
1 0.307185 0.909722 0.035679 0.069444
1 0.829179 0.798611 0.043500 0.084259
1 0.482649 0.676389 0.016129 0.039815
1 0.462366 0.673611 0.007820 0.023148
1 0.989492 0.649537 0.020039 0.043519
1 0.828446 0.618056 0.026393 0.028704
1 0.859971 0.440278 0.025904 0.025000
1 0.390029 0.442593 0.005865 0.018519
1 0.914956 0.430556 0.025415 0.029630
1 0.423754 0.327778 0.053763 0.053704
1 0.311584 0.318981 0.049365 0.049074
1 0.373900 0.278704 0.040078 0.059259
1 0.910557 0.140741 0.024438 0.038889
1 0.636119 0.143519 0.021994 0.053704
1 0.552542 0.084259 0.007331 0.018519
1 0.526393 0.067130 0.012708 0.032407
1 0.063539 0.080556 0.018573 0.087037
0 0.734604 0.062500 0.230694 0.125000
0 0.542766 0.016667 0.047410 0.033333
0 0.594819 0.286111 0.266862 0.375926
0 0.560117 0.473611 0.358749 0.350926
1 0.537634 0.150463 0.017595 0.047222
1 0.684506 0.744444 0.036657 0.085185
1 0.718475 0.659722 0.035191 0.097222
1 0.680596 0.627778 0.065982 0.135185
1 0.907380 0.342130 0.050342 0.113889
1 0.947458 0.351852 0.021994 0.029630
1 0.526637 0.644444 0.008309 0.050000
0 0.455279 0.956481 0.057185 0.085185
1 0.302542 0.461111 0.081134 0.129630
1 0.259286 0.521296 0.033724 0.040741
0 0.600684 0.792130 0.353861 0.413889