1 0.679374 0.953704 0.029326 0.053704
1 0.174976 0.946296 0.016618 0.051852
1 0.720674 0.902315 0.034702 0.030556
0 0.783969 0.932870 0.104594 0.132407
1 0.229228 0.932407 0.085044 0.133333
1 0.390029 0.867593 0.022483 0.029630
1 0.272483 0.829167 0.033724 0.082407
1 0.925220 0.787500 0.042033 0.052778
0 0.234360 0.720833 0.170577 0.286111
1 0.257087 0.550000 0.025415 0.033333
1 0.855816 0.391204 0.018573 0.063889
1 0.333578 0.147685 0.015152 0.056481
1 0.651271 0.181481 0.017107 0.059259
0 0.223118 0.224537 0.116813 0.376852
0 0.780303 0.072222 0.115836 0.144444
1 0.253421 0.019907 0.035679 0.039815
0 0.248534 0.428241 0.163734 0.204630
1 0.173509 0.528704 0.130987 0.175926
1 0.303275 0.102778 0.039589 0.053704
1 0.511730 0.281019 0.039101 0.102778
1 0.466031 0.389352 0.090420 0.145370
1 0.850684 0.425000 0.042522 0.037037
0 0.773949 0.236111 0.098240 0.201852
0 0.788123 0.326389 0.052297 0.175000
0 0.742669 0.523148 0.138319 0.316667
0 0.804252 0.698148 0.153959 0.155556
1 0.771994 0.774537 0.097263 0.134259