0 0.258553 0.221759 0.196481 0.202778
1 0.363636 0.093981 0.086999 0.187963
1 0.325269 0.107870 0.077713 0.108333
0 0.228739 0.418056 0.157380 0.139815
1 0.262952 0.501852 0.016618 0.053704
1 0.293988 0.512500 0.028837 0.110185
0 0.237781 0.644907 0.142229 0.243519
1 0.173265 0.704167 0.047410 0.078704
1 0.118035 0.802315 0.051320 0.062037
1 0.047654 0.977315 0.064027 0.041667
1 0.121701 0.959722 0.082111 0.076852
0 0.236559 0.940741 0.125122 0.114815
0 0.214809 0.851852 0.158847 0.229630
1 0.353128 0.804630 0.048387 0.112963
1 0.438661 0.673148 0.048387 0.096296
1 0.357038 0.550463 0.060117 0.100926
1 0.315005 0.601852 0.027859 0.040741
1 0.388319 0.340741 0.038612 0.068519
1 0.357283 0.419907 0.032258 0.065741
1 0.433284 0.429167 0.041544 0.108333
1 0.393695 0.450463 0.023949 0.065741
1 0.456256 0.383796 0.037634 0.123148
1 0.420332 0.198148 0.053763 0.107407
1 0.455034 0.188889 0.053763 0.161111
1 0.472141 0.097685 0.040078 0.091667
1 0.514174 0.079630 0.046921 0.114815
1 0.460411 0.027315 0.044966 0.054630
1 0.574780 0.093056 0.038123 0.112037
1 0.567937 0.249537 0.083089 0.089815
1 0.558651 0.407870 0.058651 0.099074
1 0.471652 0.444444 0.047898 0.125926
1 0.633920 0.055093 0.049853 0.108333
1 0.653226 0.201852 0.086510 0.118519
1 0.524438 0.556944 0.046921 0.136111
1 0.512708 0.682870 0.043988 0.073148
1 0.645161 0.350463 0.058651 0.150926
1 0.660313 0.431019 0.025415 0.121296
1 0.635875 0.515278 0.049853 0.143519
1 0.577224 0.539352 0.041056 0.091667
1 0.556940 0.750000 0.100196 0.144444
1 0.606549 0.937963 0.050831 0.120370
1 0.471163 0.823611 0.042033 0.110185
0 0.740469 0.374074 0.147605 0.277778
1 0.686461 0.403241 0.015152 0.093519
1 0.809629 0.436111 0.052297 0.133333
1 0.635875 0.753241 0.022483 0.065741
1 0.681818 0.830093 0.024438 0.110185
0 0.783969 0.648148 0.108504 0.111111
0 0.760753 0.763889 0.106061 0.174074
1 0.725073 0.678704 0.050342 0.112963
1 0.806696 0.514815 0.047410 0.107407
1 0.829423 0.589815 0.064516 0.133333
1 0.831867 0.736111 0.098729 0.200000
1 0.901271 0.613889 0.109482 0.133333
0 0.781525 0.948148 0.175953 0.098148
1 0.690860 0.956944 0.057185 0.067593
1 0.748778 0.528241 0.051808 0.125000
1 0.916911 0.843056 0.087977 0.187963
1 0.963587 0.840741 0.055230 0.159259
1 0.957722 0.689815 0.034702 0.062963
1 0.953324 0.500926 0.076735 0.094444
1 0.982405 0.468519 0.034213 0.114815
1 0.965787 0.045833 0.050831 0.080556
1 0.820626 0.062963 0.029326 0.061111
0 0.783969 0.055093 0.076246 0.110185
1 0.844330 0.439352 0.022972 0.060185
1 0.840909 0.372222 0.054252 0.122222
1 0.889785 0.402315 0.049365 0.071296
1 0.938416 0.298611 0.019550 0.117593
1 0.911535 0.342130 0.036168 0.076852
1 0.910557 0.256944 0.045943 0.075000
1 0.945748 0.153704 0.054741 0.040741
1 0.985826 0.143981 0.027370 0.073148
1 0.954301 0.251389 0.035679 0.095370
1 0.862414 0.193519 0.036657 0.077778
1 0.867302 0.242130 0.038612 0.113889