1 0.036901 0.041667 0.014174 0.050000
1 0.065249 0.022685 0.034702 0.043519
1 0.090665 0.075000 0.042522 0.072222
1 0.148827 0.039815 0.069892 0.074074
1 0.210655 0.028704 0.015640 0.027778
1 0.167400 0.168519 0.021017 0.053704
1 0.266862 0.240741 0.014663 0.055556
1 0.288123 0.303241 0.017107 0.021296
1 0.297410 0.020833 0.018084 0.039815
1 0.038123 0.333796 0.027370 0.050926
1 0.097019 0.400926 0.029814 0.064815
1 0.175709 0.320833 0.023949 0.045370
1 0.203812 0.416667 0.027370 0.025926
1 0.237537 0.399074 0.014663 0.024074
1 0.261486 0.447222 0.011730 0.046296
1 0.029326 0.552315 0.031281 0.078704
1 0.049120 0.553704 0.030792 0.044444
1 0.099218 0.650926 0.020528 0.057407
1 0.125611 0.648148 0.052786 0.081481
1 0.202835 0.680093 0.079179 0.078704
1 0.170088 0.755093 0.017595 0.021296
1 0.133431 0.710648 0.023460 0.041667
1 0.019306 0.916204 0.035679 0.054630
1 0.087243 0.851852 0.062072 0.074074
1 0.076491 0.898148 0.011241 0.016667
1 0.032747 0.990741 0.013685 0.016667
1 0.075758 0.969907 0.043011 0.056481
1 0.171065 0.896296 0.165200 0.201852
1 0.186950 0.980093 0.008309 0.037963
1 0.238270 0.964815 0.039589 0.064815
1 0.205279 0.838889 0.065494 0.164815
1 0.290323 0.917593 0.024438 0.048148
1 0.297165 0.971759 0.033236 0.054630
1 0.312805 0.914352 0.029326 0.050926
1 0.331867 0.899537 0.012708 0.078704
1 0.338954 0.732407 0.040567 0.051852
0 0.429374 0.967593 0.034702 0.057407
1 0.481427 0.946296 0.021505 0.042593
0 0.416911 0.809722 0.172043 0.195370
1 0.548631 0.795833 0.053275 0.093519
0 0.429619 0.658333 0.089932 0.187037
0 0.404203 0.574537 0.121212 0.204630
1 0.357527 0.500000 0.008309 0.027778
1 0.337488 0.463426 0.021017 0.039815
0 0.408358 0.398611 0.118768 0.186111
1 0.478006 0.384259 0.020528 0.085185
0 0.414712 0.288889 0.100196 0.248148
1 0.393206 0.183333 0.020039 0.031481
0 0.415200 0.117130 0.112903 0.234259
1 0.531281 0.198148 0.018573 0.038889
1 0.530303 0.254167 0.024438 0.041667
1 0.552542 0.342593 0.029814 0.046296
1 0.535679 0.451389 0.007820 0.021296
1 0.538856 0.399074 0.075758 0.100000
1 0.634409 0.753704 0.011730 0.035185
1 0.613881 0.745833 0.025415 0.052778
1 0.666178 0.641667 0.022483 0.046296
1 0.634653 0.611111 0.025904 0.053704
1 0.719697 0.363889 0.009286 0.011111
1 0.610459 0.014352 0.008798 0.026852
1 0.575269 0.024074 0.007820 0.025926
1 0.649804 0.051852 0.041544 0.072222
1 0.633187 0.015741 0.013196 0.024074
1 0.760020 0.063889 0.014663 0.020370
1 0.796676 0.326852 0.017595 0.046296
1 0.780303 0.352315 0.037634 0.063889
1 0.737048 0.558333 0.013685 0.020370
1 0.801320 0.587037 0.020039 0.029630
1 0.815494 0.657407 0.020039 0.048148
1 0.784702 0.859722 0.011241 0.036111
1 0.751955 0.806944 0.015152 0.015741
1 0.698680 0.883796 0.008309 0.026852
1 0.796188 0.906481 0.030303 0.035185
1 0.835044 0.967130 0.030792 0.047222
1 0.888563 0.975000 0.012708 0.022222
1 0.912757 0.987963 0.012219 0.020370
1 0.835044 0.865741 0.030792 0.051852
1 0.842864 0.418056 0.022972 0.060185
1 0.810117 0.512037 0.018084 0.038889
1 0.891007 0.368056 0.019550 0.080556
1 0.835044 0.212037 0.024927 0.061111
1 0.953812 0.200926 0.025904 0.027778
1 0.969208 0.158796 0.009775 0.015741
1 0.129521 0.823611 0.039101 0.041667