1 0.052542 0.085185 0.105083 0.170370
1 0.018084 0.808796 0.036168 0.121296
1 0.018573 0.910185 0.037146 0.053704
1 0.185239 0.935648 0.016618 0.034259
1 0.202590 0.713889 0.028837 0.025926
1 0.248534 0.841204 0.063050 0.097222
1 0.248045 0.946759 0.027859 0.026852
1 0.068182 0.650463 0.027859 0.045370
1 0.072336 0.482870 0.025415 0.037963
1 0.043255 0.491667 0.024927 0.040741
1 0.025171 0.476852 0.015152 0.025926
1 0.134409 0.363426 0.018573 0.030556
1 0.097263 0.590278 0.019550 0.041667
1 0.072825 0.610648 0.021505 0.030556
1 0.082600 0.583796 0.020528 0.032407
1 0.191105 0.164352 0.025415 0.063889
1 0.102639 0.325000 0.020528 0.037037
1 0.281769 0.517130 0.078690 0.110185
1 0.326002 0.476389 0.057674 0.108333
1 0.372923 0.375000 0.064516 0.151852
1 0.308895 0.236574 0.022483 0.060185
1 0.346530 0.252778 0.023460 0.079630
1 0.367058 0.041667 0.045943 0.055556
1 0.402248 0.027778 0.021505 0.046296
1 0.371457 0.149537 0.062561 0.130556
1 0.409335 0.152778 0.024927 0.050000
1 0.404448 0.278704 0.027859 0.035185
1 0.444282 0.310185 0.039101 0.133333
1 0.484604 0.417593 0.039589 0.046296
1 0.353861 0.935185 0.037146 0.042593
1 0.413001 0.912963 0.070381 0.098148
1 0.399071 0.976852 0.030792 0.042593
1 0.432307 0.970833 0.031769 0.056481
1 0.448925 0.845833 0.048387 0.099074
1 0.445015 0.740741 0.071848 0.109259
1 0.481916 0.011111 0.022483 0.022222
1 0.507087 0.049537 0.021017 0.060185
1 0.495601 0.105093 0.015640 0.036111
1 0.492669 0.168981 0.075269 0.143519
0 0.585777 0.092593 0.138319 0.185185
1 0.630254 0.118056 0.060117 0.113889
0 0.605816 0.244907 0.133431 0.167593
0 0.571848 0.364352 0.102639 0.132407
1 0.621945 0.357407 0.021017 0.050000
1 0.469208 0.568056 0.026393 0.049074
0 0.555963 0.555093 0.137341 0.275000
1 0.527370 0.576389 0.056696 0.087963
1 0.521261 0.754630 0.081623 0.207407
1 0.545210 0.637963 0.026882 0.053704
1 0.569892 0.723611 0.056696 0.139815
1 0.631232 0.473148 0.054252 0.118519
0 0.563539 0.820833 0.098729 0.136111
1 0.568915 0.959722 0.025415 0.050926
1 0.619746 0.868519 0.073314 0.137037
1 0.661535 0.881944 0.067937 0.108333
1 0.675220 0.951852 0.064027 0.094444
1 0.673021 0.772222 0.032258 0.046296
1 0.666178 0.718981 0.024438 0.045370
1 0.649560 0.662037 0.023460 0.068519
1 0.674976 0.636574 0.034213 0.067593
1 0.673754 0.571296 0.039589 0.053704
1 0.686706 0.284259 0.048876 0.094444
1 0.698192 0.337037 0.071848 0.090741
1 0.665934 0.375926 0.050342 0.085185
1 0.696481 0.409722 0.042033 0.049074
1 0.756354 0.359722 0.098240 0.145370
1 0.739492 0.437500 0.049853 0.049074
1 0.681329 0.012963 0.029326 0.025926
1 0.730694 0.120370 0.114370 0.240741
1 0.776637 0.047685 0.073314 0.095370
1 0.929863 0.020370 0.030792 0.040741
1 0.959922 0.128704 0.068426 0.101852
1 0.955523 0.300926 0.067449 0.127778
1 0.897116 0.362037 0.058162 0.085185
1 0.908358 0.415741 0.010264 0.055556
1 0.882454 0.446296 0.033724 0.044444
1 0.909335 0.500000 0.027859 0.070370
1 0.886364 0.194444 0.036657 0.079630
1 0.873412 0.134259 0.072336 0.098148
1 0.879765 0.068056 0.023460 0.043519
1 0.842864 0.023611 0.075758 0.047222
1 0.826979 0.082870 0.048876 0.080556
1 0.798143 0.122685 0.063539 0.075000
1 0.808651 0.191667 0.094330 0.103704
1 0.750000 0.284722 0.025904 0.049074
1 0.811095 0.314352 0.043500 0.034259
1 0.817449 0.394907 0.029814 0.095370
1 0.725073 0.477315 0.060117 0.069444
1 0.733382 0.560648 0.071848 0.108333
1 0.826002 0.624074 0.122190 0.218519
1 0.722385 0.741667 0.060606 0.122222
1 0.723363 0.816667 0.026393 0.053704
1 0.771261 0.731481 0.050831 0.109259
1 0.763441 0.806944 0.065494 0.073148
1 0.817693 0.806019 0.079179 0.221296
1 0.750000 0.917593 0.060117 0.083333
1 0.759531 0.973611 0.096774 0.050926
0 0.959189 0.956481 0.078690 0.085185
1 0.844575 0.911111 0.033236 0.072222
1 0.868280 0.800926 0.040567 0.120370
1 0.771750 0.872222 0.021505 0.050000
1 0.867546 0.874537 0.030303 0.062037
1 0.868768 0.670370 0.061095 0.118519
1 0.899804 0.676852 0.058651 0.059259
1 0.950635 0.704630 0.026393 0.070370
1 0.975562 0.694907 0.046921 0.056481
1 0.952590 0.599074 0.057674 0.062963
1 0.948192 0.550000 0.031281 0.061111
1 0.856794 0.790741 0.022483 0.046296