1 0.534213 0.888426 0.012708 0.028704
1 0.968231 0.857870 0.020528 0.028704
1 0.851173 0.791667 0.036657 0.062963
1 0.645894 0.717593 0.012219 0.035185
1 0.534213 0.710648 0.015640 0.025000
1 0.103617 0.690741 0.022483 0.033333
1 0.025415 0.648148 0.015640 0.022222
1 0.387341 0.572685 0.012219 0.019444
1 0.575269 0.631944 0.092864 0.160185
1 0.969941 0.555556 0.021994 0.040741
1 0.408113 0.543056 0.010753 0.025000
1 0.626344 0.515278 0.014174 0.026852
1 0.577713 0.493981 0.026393 0.080556
1 0.393939 0.367130 0.034213 0.063889
1 0.639052 0.366667 0.021994 0.033333
1 0.953568 0.332407 0.026393 0.046296
1 0.549120 0.334722 0.093353 0.152778
1 0.991447 0.164815 0.016129 0.024074
1 0.838954 0.137037 0.021994 0.042593
0 0.669110 0.147222 0.228739 0.153704
1 0.079668 0.075926 0.012708 0.012963
1 0.982160 0.070833 0.022972 0.047222
1 0.867058 0.039815 0.025415 0.053704
1 0.451613 0.144444 0.008798 0.018519
1 0.603861 0.232407 0.013196 0.061111
0 0.595308 0.786574 0.235582 0.423148
1 0.905425 0.511111 0.024927 0.057407
1 0.676931 0.307870 0.027370 0.052778
1 0.644917 0.301852 0.015152 0.031481
1 0.980450 0.190278 0.014663 0.030556
1 0.865103 0.495370 0.015640 0.025926