1 0.597996 0.618519 0.030792 0.075926
1 0.245601 0.595370 0.021994 0.035185
1 0.641251 0.554167 0.006843 0.012037
1 0.905181 0.503704 0.008798 0.012963
1 0.541056 0.412500 0.012708 0.028704
1 0.166667 0.379167 0.020528 0.017593
1 0.118524 0.327315 0.026882 0.034259
1 0.851417 0.262963 0.011730 0.012963
1 0.855327 0.231019 0.031281 0.034259
1 0.094819 0.158333 0.033236 0.066667
1 0.924487 0.093519 0.031769 0.038889
1 0.021505 0.056944 0.043011 0.041667
1 0.938172 0.052778 0.016129 0.037037
1 0.956256 0.011574 0.026882 0.023148
1 0.826002 0.036111 0.033236 0.072222
1 0.075758 0.443519 0.043011 0.051852
1 0.158602 0.392593 0.011241 0.029630
1 0.185239 0.193056 0.041056 0.037963
1 0.348240 0.079167 0.039589 0.054630
1 0.340665 0.207870 0.037146 0.080556
1 0.371457 0.231481 0.019550 0.046296
1 0.371945 0.294444 0.040078 0.111111
1 0.415934 0.283333 0.026393 0.027778
1 0.416178 0.330093 0.026882 0.086111
1 0.394428 0.562037 0.021505 0.040741
1 0.337243 0.650000 0.011730 0.012963
1 0.431329 0.706019 0.025904 0.058333
1 0.379765 0.726852 0.029326 0.075926
1 0.602395 0.116204 0.040567 0.080556
1 0.514174 0.081019 0.059629 0.063889
1 0.538368 0.171296 0.019062 0.029630
1 0.523460 0.314352 0.018573 0.036111
1 0.666667 0.290278 0.034213 0.062037
1 0.727028 0.315741 0.051320 0.061111
0 0.496090 0.080093 0.058651 0.160185
0 0.659091 0.215278 0.185239 0.430556
0 0.601906 0.257870 0.225318 0.232407
1 0.758553 0.111111 0.038123 0.062963
1 0.683040 0.081944 0.006354 0.023148
1 0.806696 0.109722 0.021017 0.036111
1 0.809873 0.162963 0.038123 0.094444
1 0.879032 0.141667 0.025904 0.061111
1 0.844575 0.145370 0.034213 0.059259
1 0.827713 0.248611 0.018084 0.041667
1 0.940860 0.200463 0.025415 0.030556
1 0.883187 0.039815 0.025415 0.046296
1 0.889296 0.229630 0.022972 0.033333
1 0.899804 0.200000 0.032258 0.070370
1 0.839443 0.347685 0.021017 0.045370
1 0.995112 0.456944 0.008798 0.023148
1 0.991935 0.371759 0.014174 0.069444
1 0.945015 0.496759 0.040567 0.041667
1 0.835044 0.407870 0.032747 0.073148
1 0.820137 0.513889 0.105572 0.225926
1 0.817449 0.650926 0.069892 0.059259
1 0.827957 0.682870 0.035191 0.052778
1 0.993891 0.615741 0.010264 0.072222
1 0.953568 0.554167 0.015640 0.032407
1 0.957967 0.661111 0.039101 0.087037
1 0.800342 0.881944 0.065005 0.126852
1 0.836755 0.800000 0.033236 0.042593
1 0.857038 0.764352 0.022972 0.054630
1 0.831134 0.845370 0.019062 0.040741
1 0.850196 0.875926 0.022972 0.070370
1 0.844330 0.921759 0.035679 0.052778
1 0.952102 0.743519 0.034213 0.057407
1 0.870235 0.784722 0.031769 0.080556
1 0.902737 0.816667 0.056696 0.094444
1 0.949169 0.789815 0.034213 0.064815
1 0.882698 0.894444 0.045943 0.079630
1 0.953324 0.849537 0.031769 0.069444
1 0.930841 0.906944 0.050342 0.117593
1 0.987292 0.112500 0.016618 0.030556
1 0.665445 0.492130 0.022972 0.034259
1 0.590909 0.526852 0.019550 0.018519
1 0.614370 0.836574 0.041056 0.075000
0 0.604350 0.851389 0.248778 0.293519
1 0.568426 0.906481 0.028348 0.057407
1 0.516129 0.728704 0.030303 0.059259
0 0.539589 0.641204 0.162268 0.334259
1 0.532991 0.553241 0.043500 0.086111