0 0.272483 0.986111 0.021994 0.025926
0 0.836755 0.943056 0.081134 0.112037
1 0.271994 0.807870 0.034702 0.078704
0 0.818182 0.872685 0.118280 0.176852
1 0.854839 0.737963 0.014663 0.031481
1 0.816227 0.715278 0.008798 0.039815
1 0.729961 0.698148 0.031769 0.066667
1 0.647116 0.630093 0.029326 0.054630
1 0.399316 0.621296 0.041056 0.085185
1 0.478250 0.563426 0.020039 0.030556
1 0.135386 0.418056 0.009775 0.026852
1 0.414223 0.343519 0.008309 0.022222
0 0.813294 0.456944 0.073314 0.241667
1 0.241202 0.363889 0.045455 0.098148
1 0.839687 0.336111 0.048876 0.090741
1 0.362659 0.291204 0.007820 0.021296
1 0.872190 0.107870 0.060117 0.091667
1 0.007820 0.018519 0.015640 0.022222
1 0.598729 0.056019 0.067449 0.112037
0 0.294721 0.081481 0.084066 0.162963
0 0.275415 0.581944 0.176442 0.402778
0 0.291789 0.337037 0.118280 0.275926
1 0.182796 0.065278 0.023460 0.037963
1 0.159824 0.139815 0.024438 0.059259
1 0.208700 0.263426 0.031281 0.039815
1 0.164223 0.075000 0.017595 0.027778
1 0.027859 0.571759 0.014663 0.039815
1 0.181085 0.148611 0.018084 0.013889
1 0.429130 0.292130 0.022483 0.037963
1 0.510753 0.281944 0.028348 0.041667
1 0.425220 0.017130 0.024438 0.034259
1 0.505376 0.798148 0.023460 0.029630
1 0.474096 0.768981 0.021505 0.041667
1 0.739247 0.030556 0.020039 0.038889
1 0.578446 0.048148 0.022972 0.048148
1 0.664712 0.122222 0.032258 0.055556
1 0.657136 0.181944 0.031769 0.045370
1 0.661535 0.264815 0.009286 0.037037
1 0.740714 0.306944 0.021017 0.036111
1 0.569648 0.237963 0.021017 0.029630
1 0.545455 0.214815 0.036168 0.064815
1 0.632454 0.155093 0.037146 0.065741
1 0.614370 0.112963 0.034213 0.064815
1 0.600196 0.174537 0.023460 0.052778
1 0.589443 0.196759 0.021505 0.034259
1 0.875367 0.162500 0.023460 0.056481
0 0.812317 0.256019 0.109482 0.121296
1 0.710166 0.530556 0.022483 0.066667
1 0.895894 0.481481 0.020528 0.020370
1 0.772972 0.513889 0.020039 0.025926
1 0.773949 0.537963 0.024927 0.042593
1 0.792278 0.570833 0.021505 0.050926
1 0.805718 0.663889 0.019062 0.059259
1 0.892717 0.619907 0.017107 0.030556
1 0.780303 0.148148 0.033724 0.033333
1 0.773216 0.180556 0.022483 0.042593
1 0.773460 0.211111 0.048387 0.055556
1 0.801075 0.193056 0.015640 0.026852
1 0.760508 0.256019 0.019550 0.052778
1 0.581378 0.783333 0.026882 0.038889
1 0.539101 0.745370 0.024438 0.050000
1 0.468964 0.893519 0.030792 0.040741
1 0.489247 0.872222 0.027370 0.051852
1 0.520283 0.886574 0.041544 0.073148
1 0.529814 0.923611 0.026393 0.043519
1 0.543988 0.646759 0.033236 0.037963
1 0.539345 0.570833 0.027859 0.058333
1 0.523949 0.498611 0.016618 0.025000
1 0.423754 0.419444 0.022483 0.031481
1 0.522972 0.406019 0.061584 0.078704
1 0.469697 0.468519 0.038123 0.044444
1 0.421310 0.322685 0.018573 0.025000
1 0.482405 0.097685 0.028348 0.062037
1 0.532014 0.077315 0.065982 0.154630
1 0.346774 0.054630 0.017107 0.053704
1 0.350929 0.023611 0.015640 0.023148
1 0.970674 0.040278 0.037146 0.078704
1 0.856061 0.005556 0.021994 0.011111
1 0.982649 0.220833 0.033724 0.041667
1 0.966764 0.289352 0.012708 0.034259
1 0.903226 0.356019 0.013685 0.019444
1 0.991202 0.399537 0.010753 0.032407
1 0.978495 0.367130 0.020528 0.047222
1 0.970919 0.340741 0.029814 0.044444
1 0.992913 0.340741 0.012219 0.038889
1 0.826979 0.773148 0.023460 0.059259
1 0.949413 0.743519 0.019062 0.059259
1 0.883920 0.700926 0.021017 0.059259
1 0.936461 0.643056 0.026393 0.041667
1 0.903959 0.702778 0.017107 0.057407
1 0.908847 0.667593 0.015152 0.048148
1 0.984604 0.681019 0.028837 0.036111
1 0.923754 0.835648 0.032258 0.062037
1 0.982649 0.941204 0.029814 0.045370
1 0.989736 0.557407 0.019550 0.064815
1 0.989980 0.623148 0.018084 0.048148
1 0.988270 0.093056 0.012708 0.026852
1 0.237537 0.756481 0.031281 0.055556
1 0.247312 0.795370 0.029326 0.044444
1 0.267840 0.903704 0.023460 0.040741
1 0.302786 0.863889 0.030792 0.046296
1 0.285191 0.873611 0.025904 0.041667
1 0.290811 0.837037 0.042033 0.051852
1 0.263196 0.447685 0.015152 0.025000
1 0.279570 0.468056 0.009775 0.028704
1 0.686217 0.674537 0.006843 0.036111
1 0.730205 0.961111 0.020528 0.055556
1 0.707234 0.955556 0.021505 0.048148
1 0.719208 0.834722 0.021017 0.063889
1 0.716764 0.868519 0.031769 0.027778
1 0.668866 0.862963 0.027859 0.044444
1 0.246334 0.983333 0.022483 0.029630
1 0.854594 0.399537 0.022972 0.060185
1 0.208944 0.282870 0.015152 0.021296