1 0.965543 0.986111 0.020039 0.025926
1 0.942082 0.984722 0.020039 0.028704
1 0.821359 0.986574 0.015152 0.025000
1 0.855327 0.969907 0.021505 0.058333
1 0.489980 0.560185 0.029814 0.083333
1 0.352639 0.560185 0.028837 0.081481
1 0.890518 0.437500 0.035191 0.013889
1 0.895406 0.371759 0.018573 0.050926
1 0.414712 0.192593 0.040567 0.037037
1 0.395894 0.059259 0.024438 0.053704
1 0.913734 0.016204 0.012219 0.032407
1 0.002933 0.023611 0.005865 0.036111
1 0.012219 0.011574 0.013685 0.023148
1 0.116080 0.284722 0.027859 0.078704
1 0.210655 0.393056 0.024438 0.030556
1 0.176931 0.377778 0.036168 0.068519
1 0.186461 0.638426 0.045455 0.043519
1 0.091153 0.617130 0.021017 0.060185
1 0.041544 0.943056 0.024438 0.039815
1 0.005865 0.887963 0.011730 0.037037
1 0.131965 0.954630 0.048876 0.088889
1 0.289101 0.873148 0.022972 0.081481
1 0.298631 0.817130 0.064516 0.089815
1 0.271017 0.780093 0.034702 0.067593
1 0.282991 0.543056 0.036168 0.102778
1 0.246334 0.606019 0.054741 0.110185
1 0.273460 0.668056 0.030792 0.102778
1 0.340909 0.901852 0.039589 0.055556
1 0.383675 0.917593 0.116325 0.161111
1 0.408602 0.930093 0.012708 0.043519
1 0.433773 0.926389 0.018084 0.028704
1 0.317693 0.964352 0.044966 0.065741
1 0.355816 0.987963 0.022483 0.022222
1 0.402004 0.672222 0.064027 0.068519
1 0.388319 0.727778 0.044477 0.066667
1 0.417889 0.731019 0.028348 0.069444
1 0.450880 0.750000 0.027859 0.085185
1 0.465054 0.776389 0.018084 0.095370
1 0.431818 0.494444 0.041544 0.038889
1 0.438661 0.565741 0.058162 0.131481
0 0.532991 0.953704 0.116813 0.090741
1 0.491447 0.877315 0.019062 0.054630
0 0.537146 0.817593 0.083089 0.227778
1 0.563539 0.836111 0.026393 0.040741
1 0.424487 0.291667 0.041544 0.050000
1 0.371212 0.312500 0.078690 0.099074
1 0.296432 0.239352 0.025904 0.067593
1 0.337488 0.257407 0.087488 0.135185
1 0.333578 0.377778 0.031769 0.050000
1 0.328201 0.150463 0.030792 0.058333
1 0.280792 0.102778 0.037634 0.074074
1 0.341398 0.025000 0.047410 0.048148
1 0.376588 0.109722 0.050342 0.110185
1 0.340420 0.109259 0.044477 0.090741
1 0.431818 0.059722 0.063050 0.119444
0 0.574047 0.029167 0.074780 0.058333
0 0.532258 0.075000 0.176931 0.150000
1 0.591642 0.070833 0.043500 0.047222
0 0.550587 0.228241 0.086510 0.193519
0 0.540323 0.415741 0.065982 0.188889
1 0.590176 0.345833 0.048387 0.065741
1 0.628543 0.447222 0.010753 0.029630
0 0.550831 0.547222 0.083089 0.201852
1 0.592131 0.550463 0.029814 0.050926
1 0.552053 0.643981 0.021994 0.075000
1 0.648338 0.039815 0.072825 0.079630
1 0.713343 0.065278 0.048387 0.130556
1 0.754154 0.068981 0.027370 0.047222
1 0.664712 0.401852 0.033236 0.066667
1 0.669355 0.497685 0.027859 0.050926
1 0.718964 0.557870 0.033236 0.099074
1 0.727028 0.407870 0.027859 0.078704
1 0.733871 0.464352 0.014174 0.052778
1 0.614614 0.868519 0.076735 0.098148
1 0.597996 0.893981 0.025904 0.039815
1 0.600196 0.746759 0.035191 0.054630
1 0.639785 0.737037 0.038123 0.070370
1 0.750978 0.778704 0.102151 0.201852
1 0.739492 0.715278 0.022483 0.049074
1 0.672776 0.847222 0.092375 0.187037
1 0.703812 0.966667 0.054741 0.064815
1 0.729228 0.922222 0.020528 0.040741
1 0.748778 0.947685 0.031281 0.102778
1 0.848240 0.845370 0.015152 0.074074
1 0.892717 0.801389 0.007331 0.047222
1 0.808162 0.692130 0.025904 0.034259
1 0.960166 0.839352 0.009286 0.049074
0 0.983138 0.859722 0.032747 0.223148
1 0.958944 0.720370 0.034213 0.081481
1 0.959922 0.680556 0.043011 0.055556
1 0.934995 0.603241 0.036168 0.125000
0 0.950635 0.557407 0.096774 0.270370
1 0.981916 0.706019 0.033236 0.065741
1 0.873656 0.697685 0.037634 0.067593
1 0.886364 0.653704 0.032747 0.035185
1 0.828446 0.564352 0.066471 0.143519
1 0.818426 0.633796 0.050342 0.093519
1 0.795699 0.412963 0.045943 0.096296
1 0.896628 0.462500 0.020039 0.026852
1 0.919355 0.481481 0.019550 0.044444
1 0.930352 0.461574 0.007331 0.017593
1 0.909335 0.422222 0.023949 0.020370
1 0.771017 0.278704 0.028837 0.027778
1 0.815738 0.028241 0.035191 0.056481
1 0.789345 0.100000 0.029326 0.062963
1 0.835044 0.179630 0.043500 0.118519
1 0.803030 0.232407 0.033236 0.024074
1 0.969453 0.027315 0.056207 0.054630
1 0.902004 0.117130 0.050342 0.049074
1 0.939638 0.108796 0.104106 0.145370
1 0.945015 0.199537 0.107038 0.149074
1 0.937928 0.321759 0.120235 0.226852