1 0.004643 0.049074 0.009286 0.064815
1 0.115591 0.083333 0.037634 0.044444
1 0.141740 0.171759 0.033236 0.073148
1 0.111681 0.281944 0.041544 0.071296
1 0.063539 0.293056 0.028348 0.049074
1 0.132698 0.356481 0.022972 0.051852
1 0.202346 0.339815 0.025415 0.053704
1 0.184506 0.417130 0.015152 0.037963
1 0.140518 0.063889 0.021017 0.044444
1 0.073803 0.458333 0.019550 0.046296
1 0.060362 0.509259 0.031769 0.044444
1 0.072581 0.539815 0.020039 0.048148
1 0.154692 0.506019 0.029814 0.058333
1 0.181818 0.529167 0.022483 0.041667
1 0.191593 0.601389 0.037146 0.087963
1 0.179619 0.639352 0.015152 0.032407
1 0.149071 0.567593 0.038123 0.057407
1 0.036413 0.655556 0.023949 0.061111
1 0.059140 0.645370 0.037146 0.062963
1 0.098729 0.675000 0.024438 0.062963
1 0.126100 0.709259 0.025415 0.048148
1 0.121701 0.662500 0.024438 0.045370
1 0.118280 0.761574 0.032258 0.047222
1 0.099218 0.728704 0.016618 0.050000
1 0.051075 0.713889 0.026882 0.057407
1 0.054741 0.795833 0.024438 0.041667
1 0.068426 0.745833 0.010753 0.049074
1 0.048143 0.866667 0.033724 0.061111
1 0.087732 0.884259 0.032747 0.096296
1 0.109482 0.847222 0.045943 0.055556
1 0.163734 0.918056 0.024438 0.036111
1 0.038368 0.981481 0.036657 0.035185
1 0.085044 0.987500 0.038123 0.019444
1 0.317204 0.874537 0.033236 0.065741
1 0.287390 0.912500 0.030303 0.060185
1 0.275904 0.855556 0.018084 0.048148
1 0.280059 0.814352 0.016618 0.056481
1 0.289589 0.757870 0.021017 0.045370
1 0.325024 0.724537 0.025415 0.037963
1 0.402248 0.873148 0.037146 0.066667
1 0.482893 0.906019 0.056696 0.060185
1 0.528348 0.883333 0.026393 0.048148
1 0.571359 0.884259 0.033236 0.085185
1 0.451124 0.637500 0.030303 0.034259
1 0.294966 0.680093 0.018084 0.043519
1 0.267107 0.676389 0.007331 0.045370
0 0.477273 0.688426 0.562561 0.619444
1 0.248534 0.491204 0.026882 0.054630
1 0.299120 0.540278 0.036168 0.067593
1 0.349462 0.455093 0.030303 0.058333
1 0.301075 0.487963 0.019550 0.064815
1 0.286168 0.455093 0.037634 0.073148
1 0.333333 0.390741 0.024438 0.050000
1 0.426686 0.345370 0.014663 0.064815
1 0.492913 0.565741 0.033724 0.057407
1 0.421065 0.643519 0.011241 0.027778
0 0.531769 0.429167 0.383187 0.636111
1 0.656891 0.734259 0.021505 0.048148
1 0.676442 0.750926 0.015640 0.044444
1 0.663245 0.695370 0.023460 0.038889
1 0.666667 0.656944 0.021505 0.026852
1 0.519795 0.503241 0.013196 0.036111
1 0.529081 0.482407 0.017107 0.048148
1 0.543255 0.478704 0.014174 0.048148
1 0.564761 0.506019 0.033724 0.065741
1 0.584311 0.497685 0.009286 0.025000
1 0.574780 0.456481 0.051808 0.090741
1 0.568671 0.376852 0.036657 0.053704
1 0.589687 0.345370 0.010264 0.033333
1 0.575758 0.332870 0.015640 0.032407
1 0.590909 0.237500 0.021505 0.039815
1 0.559873 0.263889 0.019062 0.050000
1 0.572092 0.161111 0.022972 0.035185
1 0.263441 0.329167 0.026393 0.075000
1 0.298876 0.333333 0.032747 0.074074
1 0.358504 0.235185 0.043500 0.074074
1 0.407625 0.255093 0.022483 0.052778
1 0.481916 0.143056 0.027370 0.043519
1 0.483871 0.068981 0.028348 0.039815
1 0.352395 0.178704 0.023460 0.029630
1 0.331378 0.218981 0.028348 0.047222
1 0.313294 0.250000 0.013685 0.072222
1 0.280059 0.252778 0.028348 0.068519
1 0.299609 0.248611 0.012708 0.062037
1 0.272727 0.185648 0.032258 0.047222
1 0.284457 0.204630 0.026393 0.031481
1 0.319404 0.168519 0.017107 0.024074
1 0.300587 0.140741 0.036168 0.062963
1 0.253177 0.115278 0.023460 0.063889
1 0.307918 0.072685 0.045943 0.067593
1 0.273216 0.017593 0.043988 0.035185
1 0.540811 0.051389 0.022972 0.045370
1 0.557674 0.068981 0.024438 0.034259
1 0.591887 0.067593 0.020528 0.033333
1 0.599707 0.030556 0.042033 0.061111
0 0.523216 0.021759 0.076735 0.043519
1 0.546432 0.023611 0.023460 0.017593
1 0.674487 0.367593 0.023460 0.061111
1 0.758065 0.761574 0.016618 0.032407
1 0.764663 0.715278 0.010264 0.030556
1 0.811095 0.738889 0.026882 0.048148
1 0.806207 0.691204 0.024927 0.049074
1 0.833822 0.818981 0.019550 0.045370
1 0.913490 0.869907 0.025415 0.036111
1 0.934018 0.874537 0.015640 0.045370
1 0.919355 0.926389 0.021505 0.049074
1 0.767840 0.865741 0.020528 0.059259
1 0.943793 0.643981 0.034213 0.062037
1 0.966764 0.732870 0.023460 0.036111
1 0.986804 0.925000 0.020528 0.053704
1 0.989247 0.836574 0.018573 0.065741
1 0.909335 0.594444 0.012219 0.064815
1 0.936950 0.606944 0.030303 0.026852
1 0.927175 0.571759 0.021505 0.050926
1 0.885630 0.565741 0.035191 0.033333
1 0.885875 0.528704 0.027859 0.038889
1 0.776149 0.566667 0.034213 0.098148
1 0.801320 0.552778 0.015152 0.031481
1 0.792278 0.442593 0.033236 0.055556
1 0.782991 0.384259 0.031281 0.044444
1 0.777615 0.312037 0.025415 0.040741
1 0.775415 0.232870 0.021017 0.045370
1 0.829668 0.261111 0.019062 0.044444
1 0.928397 0.264352 0.041544 0.047222
1 0.918866 0.053241 0.041056 0.065741
1 0.926931 0.114352 0.020039 0.036111
1 0.960899 0.137963 0.015640 0.035185
1 0.973607 0.114815 0.019550 0.035185
1 0.989736 0.138426 0.019550 0.050926
1 0.990225 0.196759 0.018573 0.067593
1 0.909091 0.209259 0.016618 0.033333
1 0.929863 0.181481 0.037634 0.072222
1 0.918133 0.407407 0.033724 0.040741
1 0.959677 0.471296 0.021017 0.029630
1 0.987781 0.441204 0.022483 0.045370
1 0.905181 0.480093 0.021505 0.036111
1 0.936217 0.534259 0.030792 0.053704
1 0.994379 0.505556 0.009286 0.031481
1 0.949169 0.690278 0.023460 0.037963
1 0.855572 0.810185 0.019062 0.050000
1 0.971163 0.867130 0.011730 0.026852
1 0.952346 0.851389 0.009286 0.026852
1 0.603372 0.157407 0.017107 0.029630
1 0.797165 0.307870 0.018573 0.049074
1 0.964809 0.172685 0.016618 0.028704