1 0.035679 0.080093 0.009775 0.043519
1 0.004399 0.081481 0.008798 0.022222
1 0.010508 0.117593 0.018084 0.029630
1 0.075024 0.102778 0.018084 0.042593
1 0.076979 0.099537 0.023949 0.043519
1 0.097752 0.105093 0.031281 0.041667
1 0.039101 0.012037 0.010753 0.024074
1 0.078690 0.018519 0.015640 0.037037
1 0.017840 0.194907 0.022972 0.036111
1 0.024682 0.211111 0.026882 0.037037
1 0.021994 0.240278 0.020528 0.050926
1 0.040567 0.232870 0.038123 0.050926
1 0.111681 0.231019 0.016129 0.023148
1 0.084311 0.301852 0.024927 0.033333
1 0.057429 0.342593 0.012219 0.018519
1 0.127077 0.317130 0.013685 0.019444
1 0.121945 0.344444 0.032747 0.068519
1 0.082600 0.458333 0.031281 0.057407
1 0.064027 0.456019 0.021505 0.047222
1 0.071359 0.603704 0.049853 0.064815
1 0.069892 0.568056 0.017595 0.062037
1 0.076002 0.639352 0.014174 0.021296
1 0.033236 0.575463 0.009775 0.026852
1 0.012952 0.574074 0.010264 0.038889
1 0.018084 0.398611 0.022483 0.028704
1 0.006598 0.397685 0.013196 0.028704
1 0.008309 0.418519 0.016618 0.040741
1 0.008309 0.449074 0.016618 0.033333
1 0.017840 0.500000 0.031769 0.050000
1 0.004154 0.538889 0.008309 0.024074
1 0.025415 0.528704 0.021505 0.042593
1 0.012219 0.667130 0.011730 0.015741
1 0.019306 0.693519 0.038612 0.064815
1 0.014907 0.748148 0.027859 0.035185
1 0.006109 0.842593 0.012219 0.031481
1 0.057674 0.852315 0.019550 0.017593
1 0.096285 0.831944 0.019550 0.036111
1 0.036657 0.881481 0.028348 0.038889
1 0.037390 0.872685 0.031769 0.021296
1 0.009286 0.985185 0.018573 0.027778
1 0.043500 0.984722 0.026393 0.028704
1 0.089687 0.747222 0.017107 0.029630
1 0.087732 0.543981 0.012219 0.021296
1 0.096041 0.556481 0.014174 0.025926
1 0.138074 0.578241 0.008309 0.015741
1 0.209677 0.531481 0.026393 0.064815
1 0.222141 0.690741 0.020039 0.027778
1 0.197947 0.978704 0.018573 0.033333
1 0.274927 0.928241 0.020039 0.036111
1 0.266618 0.882870 0.018084 0.034259
1 0.281036 0.877315 0.009775 0.034259
1 0.270772 0.812500 0.013685 0.025000
1 0.247312 0.804167 0.017595 0.050926
1 0.262219 0.785185 0.026882 0.037037
1 0.272239 0.759259 0.030303 0.055556
1 0.286413 0.686111 0.027370 0.050000
1 0.304252 0.750000 0.025904 0.046296
1 0.259531 0.590278 0.019550 0.034259
1 0.280547 0.601852 0.026393 0.038889
1 0.233138 0.612500 0.016618 0.032407
1 0.262463 0.401852 0.038123 0.050000
1 0.294477 0.350000 0.020039 0.031481
1 0.267840 0.337500 0.031281 0.028704
1 0.284702 0.292593 0.038612 0.066667
1 0.282014 0.119444 0.040078 0.059259
1 0.293011 0.118519 0.014174 0.025926
1 0.279326 0.158333 0.010264 0.027778
1 0.269306 0.023148 0.025415 0.038889
1 0.273949 0.025926 0.024927 0.046296
1 0.358260 0.789352 0.015640 0.012037
1 0.373900 0.835648 0.019550 0.026852
1 0.389052 0.894907 0.026393 0.041667
1 0.404692 0.862963 0.019550 0.042593
1 0.364614 0.971759 0.007820 0.036111
1 0.393695 0.978704 0.014174 0.040741
1 0.420332 0.968519 0.029326 0.048148
1 0.466764 0.943519 0.016618 0.024074
1 0.477517 0.981481 0.023460 0.035185
1 0.481916 0.983796 0.020528 0.030556
1 0.380499 0.663426 0.036657 0.065741
1 0.385142 0.363889 0.016618 0.014815
1 0.410557 0.318519 0.010753 0.029630
1 0.424731 0.143056 0.005865 0.017593
1 0.443304 0.181944 0.016618 0.019444
1 0.440616 0.072222 0.021994 0.038889
1 0.470919 0.100926 0.023949 0.035185
1 0.490225 0.114815 0.025415 0.048148
1 0.494624 0.143981 0.046921 0.093519
1 0.507331 0.218519 0.022483 0.044444
1 0.536657 0.154167 0.019550 0.037963
1 0.474096 0.405556 0.021505 0.038889
1 0.464809 0.431481 0.025415 0.046296
1 0.476295 0.444444 0.012219 0.031481
1 0.483627 0.452778 0.014174 0.020370
1 0.523949 0.453241 0.012708 0.030556
1 0.517595 0.420370 0.022483 0.042593
1 0.498778 0.421759 0.019062 0.036111
1 0.510753 0.446296 0.018573 0.020370
1 0.545699 0.447685 0.016129 0.026852
1 0.524682 0.543519 0.039589 0.103704
1 0.485826 0.406944 0.010753 0.010185
1 0.536413 0.758333 0.034702 0.059259
1 0.505865 0.755093 0.016618 0.026852
1 0.496090 0.740278 0.116325 0.256481
0 0.543500 0.620833 0.211144 0.178704
1 0.538612 0.845370 0.017595 0.035185
1 0.541300 0.953241 0.022972 0.045370
1 0.600440 0.075000 0.015152 0.037037
1 0.594086 0.096759 0.010264 0.030556
1 0.622434 0.418981 0.018084 0.045370
1 0.614858 0.575926 0.025415 0.038889
1 0.684995 0.630093 0.021017 0.047222
1 0.624389 0.685185 0.017107 0.024074
1 0.629521 0.718519 0.025415 0.064815
1 0.641740 0.698148 0.035191 0.053704
1 0.637097 0.782870 0.008309 0.030556
1 0.610704 0.973148 0.029814 0.044444
0 0.650538 0.968519 0.050831 0.061111
1 0.725073 0.950000 0.011241 0.022222
1 0.739247 0.929630 0.011241 0.046296
1 0.760020 0.886111 0.023460 0.044444
0 0.747801 0.979630 0.030303 0.038889
1 0.788612 0.804630 0.042522 0.051852
1 0.798876 0.791204 0.017107 0.056481
1 0.803275 0.789815 0.013196 0.016667
1 0.753666 0.746759 0.020528 0.056481
1 0.761730 0.752315 0.029814 0.041667
1 0.725318 0.702778 0.028348 0.035185
1 0.747556 0.685185 0.026882 0.027778
1 0.744379 0.682870 0.018573 0.050926
1 0.739003 0.639815 0.031281 0.050000
1 0.753666 0.576389 0.025415 0.028704
1 0.755621 0.542593 0.024438 0.046296
1 0.737537 0.528704 0.016618 0.044444
1 0.748045 0.511111 0.021017 0.033333
1 0.735093 0.492593 0.025415 0.053704
1 0.761241 0.477778 0.029814 0.046296
1 0.736804 0.461111 0.013196 0.029630
1 0.712366 0.393981 0.005376 0.030556
1 0.750489 0.414815 0.035679 0.075926
1 0.764418 0.399074 0.027370 0.059259
1 0.778348 0.280093 0.018084 0.062037
1 0.771750 0.290741 0.009775 0.018519
1 0.758309 0.264352 0.014174 0.021296
1 0.729472 0.215278 0.017107 0.032407
1 0.741202 0.174537 0.027859 0.052778
1 0.755865 0.006019 0.020039 0.012037
1 0.782502 0.054167 0.030303 0.060185
1 0.717498 0.032870 0.011730 0.021296
1 0.910802 0.928241 0.011241 0.013889
1 0.940860 0.967130 0.022483 0.034259
1 0.955767 0.979630 0.020039 0.038889
1 0.962121 0.991204 0.010264 0.015741
1 0.973607 0.939352 0.035191 0.054630
1 0.973607 0.914352 0.011730 0.028704
1 0.932796 0.801852 0.023949 0.037037
1 0.862659 0.831944 0.013685 0.034259
1 0.891007 0.763889 0.004888 0.024074
1 0.908847 0.775463 0.030792 0.058333
1 0.912757 0.738889 0.022972 0.051852
1 0.921799 0.677778 0.017595 0.044444
1 0.913001 0.648611 0.005865 0.028704
1 0.899560 0.622685 0.014174 0.017593
1 0.849462 0.643981 0.029326 0.039815
1 0.861926 0.469907 0.020039 0.047222
1 0.897361 0.532870 0.015640 0.041667
1 0.893206 0.419907 0.019062 0.034259
1 0.869013 0.393056 0.018573 0.030556
1 0.868035 0.350000 0.019550 0.027778
1 0.871701 0.319907 0.031769 0.050926
1 0.912757 0.326852 0.028837 0.016667
1 0.914956 0.337037 0.014663 0.055556
1 0.886608 0.268519 0.011730 0.038889
1 0.867546 0.233796 0.024438 0.058333
1 0.899804 0.135648 0.030303 0.049074
1 0.908113 0.102778 0.013685 0.025926
1 0.918377 0.102778 0.010753 0.027778
1 0.926442 0.134722 0.037634 0.056481
1 0.954545 0.134259 0.028348 0.044444
1 0.867058 0.017593 0.015640 0.029630
1 0.870723 0.004167 0.009286 0.008333
1 0.889052 0.007870 0.008798 0.015741
1 0.865347 0.032870 0.021017 0.026852
1 0.883187 0.054630 0.043988 0.053704
1 0.871212 0.069907 0.026882 0.052778
1 0.939638 0.052315 0.011241 0.045370
1 0.924242 0.077778 0.027370 0.068519
1 0.969941 0.059259 0.029814 0.038889
1 0.969208 0.085185 0.022483 0.033333
1 0.958456 0.109259 0.022483 0.025926
1 0.980205 0.206019 0.008309 0.030556
1 0.973118 0.253241 0.039101 0.063889
1 0.972874 0.292130 0.024927 0.062037
1 0.966764 0.331019 0.020528 0.034259
1 0.943793 0.446759 0.011730 0.026852
1 0.966520 0.495833 0.031769 0.069444
1 0.969941 0.475000 0.021017 0.025926
1 0.943304 0.613426 0.016618 0.034259
1 0.954545 0.625000 0.022483 0.040741
1 0.946970 0.643056 0.005376 0.019444
1 0.954301 0.664352 0.031769 0.021296
1 0.950880 0.680556 0.022972 0.066667
1 0.968719 0.744907 0.021505 0.041667
1 0.975806 0.649537 0.012219 0.025000
1 0.980205 0.665278 0.011241 0.047222
0 0.642473 0.330093 0.464809 0.595370
0 0.574047 0.244444 0.351417 0.488889
1 0.655914 0.025000 0.008798 0.029630