0 0.803275 0.965741 0.051320 0.064815
1 0.643695 0.908796 0.009775 0.017593
1 0.710655 0.825926 0.010753 0.020370
1 0.883187 0.815278 0.015640 0.049074
1 0.479717 0.822685 0.030792 0.045370
1 0.630254 0.710648 0.034702 0.076852
1 0.735582 0.616667 0.029326 0.051852
0 0.830645 0.632870 0.125611 0.173148
1 0.654936 0.251852 0.009775 0.027778
1 0.874389 0.257407 0.024438 0.064815
1 0.554741 0.173611 0.028348 0.049074
1 0.643206 0.151389 0.011730 0.039815
1 0.536657 0.036111 0.020528 0.064815
0 0.822092 0.106481 0.142717 0.212963
1 0.376100 0.031944 0.032747 0.063889
1 0.329668 0.028241 0.025904 0.056481
1 0.822825 0.263889 0.047410 0.062963
0 0.297165 0.829167 0.112414 0.225000
0 0.291789 0.610185 0.145650 0.188889
0 0.260264 0.386574 0.148094 0.289815
0 0.301320 0.386111 0.160802 0.237037
0 0.311584 0.145833 0.212610 0.252778
1 0.239003 0.856481 0.059629 0.133333