1 0.483138 0.730093 0.073803 0.075000
1 0.218231 0.684722 0.033724 0.065741
1 0.582111 0.403241 0.062561 0.150926
1 0.093109 0.136574 0.026882 0.063889
0 0.280547 0.071296 0.147605 0.142593
1 0.344330 0.881481 0.024927 0.050000
1 0.225073 0.784259 0.051320 0.122222
1 0.295699 0.773148 0.061584 0.094444
0 0.249267 0.891667 0.089932 0.181481
1 0.229228 0.962500 0.134897 0.071296
1 0.380499 0.506481 0.058162 0.135185
0 0.267595 0.556944 0.088465 0.262037
0 0.293500 0.365278 0.153959 0.265741
1 0.692082 0.106481 0.024438 0.040741
1 0.609238 0.124537 0.015152 0.043519
1 0.903959 0.502315 0.010264 0.043519
1 0.945992 0.500463 0.017107 0.045370
0 0.801808 0.765741 0.119746 0.229630
0 0.826491 0.418981 0.159335 0.343519
0 0.826979 0.106481 0.108504 0.209259
1 0.467009 0.180556 0.020039 0.040741