1 0.099218 0.202778 0.017595 0.077778
1 0.020772 0.219907 0.033724 0.063889
1 0.155914 0.288426 0.074291 0.100926
1 0.173998 0.216667 0.024438 0.061111
1 0.091398 0.100926 0.014663 0.038889
1 0.083089 0.569907 0.014663 0.091667
1 0.144184 0.623611 0.086999 0.091667
1 0.160068 0.415741 0.010264 0.050000
1 0.207234 0.394444 0.017595 0.024074
1 0.203568 0.412963 0.014174 0.033333
1 0.239736 0.293056 0.024927 0.065741
1 0.013441 0.959722 0.026882 0.078704
1 0.044721 0.984259 0.038612 0.027778
1 0.178641 0.966204 0.024927 0.043519
1 0.159824 0.854630 0.020528 0.037037
1 0.329423 0.792130 0.055718 0.089815
1 0.333822 0.693519 0.049853 0.042593
1 0.352884 0.876389 0.106549 0.178704
0 0.242180 0.703704 0.143206 0.164815
0 0.239736 0.871759 0.116813 0.252778
1 0.206012 0.600463 0.022972 0.032407
1 0.228250 0.632870 0.022483 0.032407
1 0.249511 0.525926 0.012219 0.037037
1 0.354594 0.557870 0.060117 0.130556
1 0.347019 0.429630 0.038123 0.057407
1 0.300098 0.469907 0.023460 0.091667
1 0.260997 0.468519 0.064516 0.088889
0 0.257331 0.566667 0.097263 0.122222
1 0.363148 0.631019 0.029326 0.039815
1 0.342864 0.629167 0.014174 0.021296
1 0.350196 0.656481 0.017107 0.033333
1 0.323314 0.654630 0.024927 0.029630
1 0.293988 0.771759 0.016129 0.026852
1 0.447214 0.734722 0.033236 0.073148
1 0.401271 0.700463 0.013685 0.045370
1 0.393451 0.759259 0.015640 0.040741
1 0.414712 0.783796 0.030792 0.034259
1 0.406891 0.774074 0.016129 0.066667
1 0.381965 0.775926 0.017107 0.038889
1 0.395161 0.798148 0.011241 0.022222
1 0.394184 0.610185 0.021017 0.020370
1 0.421065 0.647222 0.028837 0.055556
1 0.412512 0.511111 0.047898 0.122222
1 0.377566 0.289815 0.023949 0.035185
1 0.376100 0.352778 0.049365 0.120370
1 0.413978 0.392593 0.047898 0.100000
1 0.330890 0.362963 0.037146 0.079630
1 0.337488 0.289352 0.029814 0.060185
1 0.329423 0.334722 0.014663 0.028704
1 0.446970 0.432407 0.015152 0.033333
1 0.447703 0.458796 0.019550 0.015741
1 0.455034 0.338889 0.030303 0.048148
0 0.278348 0.335648 0.085533 0.167593
1 0.284702 0.417130 0.015152 0.041667
1 0.275171 0.186111 0.084066 0.137037
1 0.300098 0.144444 0.014663 0.042593
1 0.413734 0.136111 0.031769 0.055556
1 0.366813 0.147222 0.020039 0.027778
1 0.312805 0.197222 0.018573 0.048148
1 0.369501 0.106019 0.017595 0.026852
1 0.366813 0.019907 0.022972 0.039815
0 0.270528 0.093519 0.160802 0.187037
1 0.415200 0.022685 0.025904 0.043519
1 0.474096 0.093519 0.028348 0.044444
1 0.493891 0.076389 0.021994 0.056481
1 0.484115 0.031019 0.032747 0.060185
1 0.544477 0.177315 0.017595 0.052778
1 0.572825 0.227778 0.038123 0.103704
1 0.574291 0.136111 0.018573 0.035185
1 0.495357 0.227315 0.058162 0.139815
1 0.518084 0.250000 0.015640 0.035185
1 0.493402 0.275000 0.014174 0.033333
1 0.514907 0.377315 0.060117 0.060185
1 0.431329 0.926389 0.122678 0.143519
1 0.514663 0.878241 0.034213 0.065741
1 0.500733 0.909722 0.010264 0.037963
1 0.492424 0.953704 0.008309 0.024074
1 0.581378 0.929167 0.031769 0.041667
1 0.569648 0.855556 0.064027 0.098148
1 0.511975 0.808796 0.065982 0.141667
1 0.460655 0.818056 0.014174 0.019444
1 0.479472 0.738889 0.016618 0.020370
1 0.513685 0.719907 0.033236 0.086111
1 0.575513 0.780556 0.093353 0.107407
1 0.566471 0.736111 0.019550 0.040741
1 0.617058 0.756019 0.022972 0.036111
1 0.611926 0.131019 0.020528 0.047222
1 0.666178 0.191667 0.031281 0.040741
1 0.599707 0.146759 0.016618 0.030556
1 0.608016 0.182407 0.012708 0.055556
1 0.587243 0.309259 0.035679 0.105556
1 0.621945 0.312500 0.030792 0.052778
1 0.461632 0.444444 0.012219 0.025926
1 0.514907 0.429167 0.042522 0.050926
1 0.525904 0.491204 0.031281 0.125000
1 0.485826 0.553241 0.028348 0.097222
1 0.457722 0.494444 0.016129 0.031481
1 0.473363 0.531019 0.032747 0.043519
1 0.470919 0.501389 0.015152 0.028704
1 0.491447 0.494444 0.023949 0.018519
1 0.661779 0.806019 0.020528 0.062037
1 0.633187 0.616204 0.027859 0.060185
1 0.677664 0.525000 0.063050 0.085185
1 0.695015 0.464352 0.014663 0.041667
1 0.650049 0.677315 0.028348 0.062037
1 0.695503 0.602315 0.020528 0.034259
1 0.762952 0.613889 0.033236 0.050000
1 0.718475 0.648611 0.041056 0.078704
1 0.757820 0.687500 0.034702 0.065741
1 0.697214 0.786111 0.019062 0.037037
1 0.700635 0.746296 0.030792 0.044444
0 0.780059 0.842130 0.162268 0.152778
1 0.905181 0.973611 0.010753 0.037963
1 0.875855 0.763889 0.017595 0.079630
1 0.833578 0.675000 0.009286 0.048148
1 0.902981 0.737963 0.014174 0.053704
1 0.938661 0.693056 0.031769 0.047222
1 0.945259 0.917130 0.045943 0.080556
1 0.983138 0.902315 0.023949 0.076852
1 0.951613 0.827315 0.028348 0.023148
1 0.985582 0.794907 0.026882 0.032407
1 0.988514 0.737963 0.021994 0.042593
1 0.934995 0.740741 0.026393 0.040741
1 0.954545 0.599537 0.033236 0.036111
1 0.952102 0.632870 0.025415 0.026852
1 0.959677 0.545833 0.026882 0.100926
1 0.916667 0.523611 0.043500 0.115741
1 0.978006 0.514352 0.042033 0.075000
1 0.838954 0.612500 0.036657 0.060185
1 0.869990 0.543981 0.037146 0.106481
1 0.939638 0.542593 0.022972 0.042593
1 0.746823 0.447222 0.015640 0.038889
0 0.789589 0.529630 0.075758 0.211111
1 0.699413 0.255093 0.022483 0.036111
1 0.886119 0.278704 0.014663 0.053704
1 0.926197 0.307407 0.012708 0.051852
1 0.937195 0.242593 0.026882 0.053704
1 0.978739 0.323611 0.023949 0.052778
1 0.993157 0.254167 0.012708 0.060185
1 0.982649 0.149537 0.026882 0.060185
1 0.992913 0.162963 0.012219 0.042593
1 0.983627 0.018519 0.019062 0.037037
1 0.858260 0.256481 0.032258 0.092593
1 0.832111 0.306944 0.025904 0.037963
0 0.784213 0.377778 0.156891 0.179630
1 0.722630 0.027315 0.038612 0.050926
1 0.731427 0.072222 0.027859 0.125926
1 0.776149 0.176389 0.038123 0.069444
1 0.814761 0.231019 0.035191 0.115741
1 0.773460 0.243981 0.046432 0.106481
1 0.934506 0.093981 0.052786 0.136111
0 0.791056 0.097685 0.125611 0.195370
0 0.813050 0.022685 0.060117 0.045370
1 0.860704 0.113426 0.109482 0.225000
1 0.866080 0.036574 0.035191 0.069444
1 0.893206 0.017130 0.032747 0.034259
1 0.619013 0.039815 0.017107 0.029630