1 0.021750 0.061111 0.043500 0.035185
1 0.045210 0.092130 0.023949 0.037963
1 0.150293 0.021296 0.036657 0.042593
1 0.026149 0.313889 0.052297 0.077778
1 0.130254 0.358333 0.015152 0.057407
1 0.190127 0.378704 0.024438 0.087037
1 0.188416 0.236574 0.020039 0.034259
1 0.205279 0.455556 0.028348 0.061111
1 0.112903 0.612037 0.028348 0.046296
1 0.045455 0.951389 0.014663 0.028704
0 0.255376 0.638889 0.106061 0.253704
1 0.247312 0.855093 0.043988 0.032407
1 0.263196 0.801852 0.036657 0.057407
1 0.255621 0.886574 0.039101 0.036111
1 0.240714 0.935648 0.008309 0.043519
1 0.356549 0.763426 0.024927 0.034259
1 0.362659 0.829167 0.036168 0.039815
1 0.368035 0.784259 0.019550 0.027778
1 0.279814 0.940741 0.008309 0.016667
1 0.237048 0.988889 0.011730 0.018519
1 0.410068 0.916204 0.075269 0.089815
1 0.399071 0.798148 0.039589 0.094444
1 0.422287 0.775463 0.027370 0.032407
1 0.516862 0.731944 0.021994 0.036111
1 0.499511 0.715741 0.015640 0.059259
1 0.500489 0.764815 0.027370 0.048148
0 0.264907 0.404167 0.080156 0.147222
1 0.230938 0.432407 0.013196 0.024074
0 0.273216 0.158796 0.130010 0.278704
1 0.363636 0.471759 0.030303 0.037963
1 0.393451 0.415278 0.019550 0.037963
1 0.367058 0.250926 0.027370 0.050000
1 0.390762 0.287500 0.067937 0.089815
1 0.447458 0.423611 0.021994 0.082407
1 0.449413 0.274537 0.053275 0.099074
1 0.515640 0.281019 0.052786 0.076852
1 0.568671 0.046296 0.021994 0.044444
1 0.615103 0.051389 0.039589 0.102778
1 0.556696 0.373148 0.025415 0.038889
1 0.532258 0.541204 0.043988 0.071296
1 0.584311 0.631019 0.026882 0.067593
1 0.603617 0.520370 0.035191 0.048148
1 0.533480 0.931944 0.016129 0.041667
0 0.793744 0.872685 0.143695 0.249074
1 0.722141 0.843981 0.022972 0.060185
1 0.914223 0.945370 0.027859 0.088889
1 0.870235 0.951389 0.015152 0.041667
0 0.829668 0.692593 0.108016 0.170370
0 0.782747 0.583333 0.158847 0.240741
1 0.655181 0.205556 0.035679 0.046296
1 0.675953 0.230556 0.021505 0.059259
1 0.680841 0.087500 0.027370 0.045370
1 0.729961 0.127778 0.042522 0.059259
1 0.821603 0.008796 0.035191 0.015741
1 0.828201 0.059259 0.023949 0.072222
0 0.795455 0.152315 0.108016 0.245370
1 0.891496 0.234722 0.033236 0.056481
0 0.793255 0.312037 0.069404 0.146296
0 0.781281 0.447222 0.094330 0.188889
0 0.831134 0.483796 0.025904 0.036111
1 0.894673 0.026852 0.021994 0.050000
1 0.949902 0.161574 0.021017 0.039815
1 0.956989 0.298611 0.017595 0.030556
1 0.949413 0.334259 0.021994 0.048148
1 0.935484 0.380093 0.042033 0.062037
1 0.838710 0.390741 0.022483 0.018519
1 0.936706 0.407870 0.018084 0.028704
1 0.968231 0.874074 0.035191 0.064815
1 0.825024 0.200000 0.011730 0.031481
1 0.898094 0.184259 0.008309 0.033333
1 0.972874 0.100000 0.016129 0.014815
1 0.669844 0.782870 0.013196 0.019444
1 0.212854 0.495370 0.017107 0.029630
1 0.402737 0.159722 0.038123 0.047222