1 0.922776 0.983333 0.015640 0.018519
1 0.686706 0.923611 0.034213 0.069444
1 0.122190 0.824537 0.029326 0.034259
1 0.054985 0.791204 0.040567 0.093519
1 0.009775 0.817130 0.019550 0.071296
1 0.562072 0.859722 0.172043 0.278704
1 0.132698 0.778241 0.052297 0.032407
1 0.462610 0.779630 0.044477 0.057407
1 0.234115 0.778241 0.023460 0.054630
1 0.180596 0.768981 0.035679 0.058333
1 0.914223 0.673148 0.008309 0.014815
1 0.085533 0.679630 0.018573 0.031481
1 0.407869 0.660648 0.011241 0.017593
1 0.061584 0.644907 0.027370 0.026852
1 0.824291 0.672222 0.038612 0.090741
1 0.889785 0.637500 0.018084 0.067593
1 0.307674 0.619907 0.008309 0.036111
1 0.256354 0.632407 0.042522 0.085185
1 0.105816 0.582407 0.019062 0.055556
1 0.678641 0.583333 0.034702 0.079630
1 0.012219 0.576389 0.024438 0.097222
1 0.860948 0.549537 0.039589 0.049074
1 0.005132 0.472685 0.010264 0.025000
1 0.010753 0.438889 0.021505 0.035185
1 0.210166 0.410185 0.021505 0.079630
1 0.848974 0.388889 0.044966 0.081481
1 0.645161 0.352315 0.012708 0.021296
1 0.007331 0.369907 0.014663 0.082407
1 0.692815 0.268519 0.037634 0.061111
1 0.935239 0.310648 0.081623 0.165741
1 0.246334 0.259722 0.043988 0.082407
0 0.601173 0.376852 0.226784 0.425926
1 0.012708 0.205556 0.025415 0.055556
1 0.985826 0.192593 0.027370 0.059259
1 0.582845 0.125926 0.016129 0.018519
1 0.253666 0.087037 0.022483 0.112963
0 0.597507 0.112037 0.062072 0.224074
1 0.295943 0.434259 0.011241 0.014815
1 0.113881 0.173611 0.020528 0.039815
1 0.174731 0.172685 0.037634 0.034259
1 0.216031 0.313426 0.026393 0.047222
1 0.137830 0.225000 0.111437 0.448148
1 0.053519 0.193519 0.098240 0.387037
1 0.181085 0.201852 0.028837 0.035185
1 0.086999 0.095833 0.024438 0.039815
1 0.428641 0.883796 0.046921 0.067593
1 0.423509 0.840741 0.019062 0.012963
1 0.441838 0.421759 0.016618 0.041667
1 0.450147 0.445370 0.012708 0.020370
1 0.527859 0.260648 0.031281 0.054630
1 0.949902 0.018981 0.025904 0.037963
1 0.979472 0.008796 0.022483 0.017593
1 0.778837 0.468056 0.076735 0.134259
1 0.756843 0.702315 0.069892 0.182407