1 0.108016 0.981481 0.018573 0.035185
1 0.771750 0.980093 0.029326 0.037963
1 0.943548 0.963426 0.049365 0.071296
1 0.497556 0.935185 0.027370 0.051852
1 0.214076 0.908796 0.024438 0.025000
0 0.587977 0.940278 0.056696 0.117593
1 0.542033 0.908796 0.045943 0.104630
1 0.904692 0.877315 0.028348 0.062037
1 0.852151 0.858333 0.019062 0.042593
1 0.778837 0.862963 0.025904 0.053704
1 0.490469 0.857870 0.031769 0.054630
1 0.110948 0.833333 0.019550 0.029630
1 0.737537 0.786574 0.038123 0.082407
1 0.529570 0.699537 0.046432 0.063889
1 0.402737 0.688889 0.011730 0.062963
1 0.042033 0.682407 0.031281 0.031481
1 0.422532 0.655093 0.028837 0.012037
1 0.012708 0.668981 0.025415 0.086111
1 0.770039 0.593056 0.024927 0.052778
1 0.125855 0.587963 0.061095 0.096296
1 0.588465 0.575926 0.042033 0.090741
1 0.682796 0.587500 0.046921 0.106481
1 0.073069 0.511111 0.022972 0.046296
1 0.848485 0.506944 0.039101 0.060185
1 0.114858 0.488426 0.071359 0.063889
1 0.025171 0.495370 0.050342 0.066667
1 0.050342 0.458796 0.010753 0.028704
1 0.771505 0.477315 0.039589 0.082407
1 0.924731 0.487037 0.058651 0.103704
1 0.489736 0.412963 0.043988 0.038889
1 0.127077 0.418056 0.038123 0.060185
1 0.965298 0.426389 0.027370 0.084259
1 0.844330 0.390278 0.016129 0.047222
1 0.846530 0.296296 0.038123 0.068519
1 0.150049 0.279167 0.036168 0.043519
1 0.493157 0.274537 0.023460 0.086111
1 0.020039 0.247222 0.018573 0.042593
1 0.761975 0.261111 0.043011 0.077778
1 0.372678 0.225926 0.020039 0.031481
1 0.087488 0.215278 0.035191 0.058333
1 0.733871 0.208796 0.046432 0.052778
1 0.758309 0.112500 0.028837 0.054630
1 0.643695 0.072685 0.025415 0.058333
1 0.146383 0.067593 0.044477 0.051852
1 0.085777 0.061574 0.060117 0.080556
1 0.870723 0.064815 0.045455 0.109259
1 0.917155 0.025926 0.061095 0.051852
1 0.674731 0.023148 0.015152 0.046296
0 0.527615 0.162963 0.312317 0.325926
1 0.153470 0.194444 0.044966 0.064815
1 0.161046 0.584259 0.023949 0.070370
1 0.058162 0.855556 0.026393 0.066667
1 0.184751 0.737037 0.054741 0.112963
1 0.362170 0.036111 0.021505 0.051852
1 0.463587 0.157407 0.025904 0.059259
1 0.385875 0.203241 0.025904 0.058333
1 0.419844 0.221759 0.034213 0.071296
1 0.425953 0.276389 0.049365 0.076852
1 0.394917 0.446296 0.048876 0.105556
1 0.487292 0.500463 0.041056 0.050926
1 0.450635 0.448611 0.038123 0.119444
1 0.430596 0.514815 0.030303 0.077778
1 0.550098 0.490741 0.039589 0.035185
1 0.477028 0.589352 0.033236 0.060185
1 0.466031 0.606019 0.022972 0.054630
1 0.500978 0.606481 0.040078 0.057407
1 0.523705 0.614815 0.030792 0.085185
1 0.449413 0.762037 0.059140 0.087037
1 0.486070 0.694444 0.034702 0.055556
1 0.647116 0.589352 0.030303 0.054630
1 0.699658 0.900926 0.050342 0.068519
1 0.693060 0.963426 0.043011 0.060185
1 0.656647 0.969444 0.035679 0.053704
1 0.822336 0.094444 0.043500 0.048148
1 0.824780 0.150000 0.037634 0.055556
1 0.842131 0.201389 0.042033 0.099074
1 0.865347 0.214815 0.027859 0.074074
1 0.872678 0.465278 0.028837 0.052778
1 0.902493 0.517130 0.044477 0.054630
1 0.886852 0.582407 0.027859 0.046296
1 0.889785 0.649074 0.028837 0.070370
1 0.893206 0.752315 0.054252 0.073148
1 0.915689 0.679167 0.047410 0.082407
1 0.976295 0.656019 0.038612 0.075000
1 0.945015 0.622685 0.039589 0.058333
1 0.974585 0.178704 0.032258 0.070370
1 0.949413 0.045833 0.029814 0.063889
1 0.914467 0.086574 0.037146 0.034259
1 0.895650 0.155556 0.034702 0.057407
1 0.922043 0.156481 0.021994 0.042593
1 0.913245 0.218056 0.021994 0.063889