1 0.016618 0.952315 0.030303 0.028704
0 0.224340 0.956019 0.078201 0.086111
1 0.459922 0.886111 0.023460 0.053704
1 0.396872 0.869907 0.035191 0.071296
1 0.855327 0.846759 0.028348 0.045370
0 0.745357 0.880556 0.100684 0.225926
1 0.876100 0.783796 0.032747 0.045370
1 0.204545 0.782870 0.163734 0.212037
1 0.541056 0.691667 0.029326 0.085185
1 0.827713 0.627778 0.021994 0.057407
1 0.974340 0.652778 0.023949 0.057407
1 0.552786 0.578241 0.037146 0.056481
1 0.652004 0.455556 0.017595 0.037037
1 0.648827 0.326852 0.043500 0.124074
1 0.537146 0.299074 0.018573 0.074074
1 0.263685 0.258333 0.021994 0.072222
1 0.374878 0.256019 0.028348 0.071296
1 0.694526 0.224074 0.021505 0.022222
1 0.966031 0.183333 0.018084 0.027778
1 0.663490 0.164352 0.033724 0.041667
1 0.478250 0.107870 0.026882 0.037963
1 0.596774 0.039815 0.036168 0.077778
1 0.836022 0.033796 0.025904 0.067593
0 0.266862 0.124537 0.112414 0.249074
1 0.533724 0.378241 0.025415 0.045370
0 0.231916 0.369907 0.143206 0.295370
1 0.163001 0.506944 0.139296 0.102778
0 0.249267 0.599074 0.085044 0.090741
1 0.942326 0.835648 0.038123 0.041667
1 0.975806 0.827315 0.020039 0.039815
1 0.952590 0.794444 0.034213 0.037037
1 0.603861 0.740741 0.046432 0.085185
1 0.705279 0.740741 0.032258 0.050000
1 0.671799 0.612037 0.028837 0.055556
1 0.776882 0.588426 0.027859 0.036111
1 0.793500 0.590278 0.026882 0.036111
1 0.854594 0.601852 0.030792 0.048148
1 0.981672 0.483796 0.017107 0.047222
1 0.486070 0.334259 0.043500 0.046296
1 0.790567 0.464352 0.135386 0.212037
0 0.769795 0.289815 0.137830 0.242593
0 0.778837 0.159722 0.092375 0.263889
1 0.750244 0.046296 0.111437 0.092593