1 0.870479 0.991667 0.012708 0.014815
1 0.074780 0.989352 0.011730 0.019444
1 0.791789 0.982407 0.012708 0.033333
1 0.009286 0.984722 0.018573 0.028704
1 0.369990 0.961574 0.021505 0.023148
1 0.395894 0.958796 0.025415 0.023148
1 0.009042 0.927315 0.018084 0.052778
1 0.502199 0.870833 0.024927 0.039815
1 0.349462 0.818519 0.038123 0.061111
1 0.812072 0.795370 0.023949 0.016667
1 0.349218 0.754167 0.048387 0.050926
1 0.430108 0.662963 0.014663 0.042593
1 0.589932 0.631481 0.017595 0.037037
1 0.471408 0.604167 0.038612 0.049074
1 0.359238 0.578704 0.016618 0.081481
1 0.379277 0.544907 0.031281 0.028704
1 0.297165 0.547685 0.025415 0.058333
1 0.188905 0.537037 0.065982 0.074074
1 0.234604 0.538889 0.040078 0.107407
1 0.746579 0.509722 0.036657 0.058333
1 0.021505 0.491667 0.036168 0.051852
1 0.791056 0.485185 0.022972 0.044444
1 0.111681 0.500000 0.049365 0.064815
1 0.446725 0.480556 0.033236 0.050000
1 0.334311 0.484722 0.048876 0.097222
1 0.735337 0.431944 0.027859 0.067593
1 0.231916 0.428704 0.021017 0.064815
1 0.693060 0.412500 0.030303 0.062037
1 0.469697 0.408333 0.042033 0.116667
1 0.646383 0.375463 0.049365 0.060185
1 0.419844 0.369444 0.008798 0.046296
1 0.269795 0.364352 0.024438 0.050926
1 0.475073 0.348611 0.016618 0.025000
1 0.088465 0.360185 0.026393 0.070370
1 0.934018 0.352778 0.024438 0.068519
1 0.993891 0.322685 0.011241 0.052778
1 0.371457 0.316667 0.024438 0.050000
1 0.398827 0.280556 0.019550 0.012963
1 0.715787 0.299537 0.056207 0.112037
1 0.319159 0.238426 0.030303 0.110185
1 0.743157 0.238426 0.018084 0.034259
1 0.448925 0.239815 0.008309 0.037037
1 0.512708 0.271296 0.026393 0.103704
1 0.081378 0.204167 0.035679 0.086111
1 0.094575 0.146759 0.031769 0.030556
1 0.690616 0.163426 0.066471 0.076852
1 0.744379 0.137500 0.072336 0.112037
1 0.423754 0.056019 0.022483 0.026852
1 0.577957 0.052315 0.032747 0.075000
1 0.748778 0.017593 0.040078 0.035185
1 0.525904 0.046759 0.033236 0.091667
1 0.400049 0.016204 0.073803 0.032407
1 0.258798 0.017593 0.028837 0.035185
1 0.032258 0.066667 0.055718 0.133333
1 0.096774 0.030093 0.076246 0.060185
1 0.082356 0.642130 0.164712 0.380556
1 0.154203 0.579167 0.052297 0.091667
1 0.430596 0.566667 0.054741 0.083333
1 0.428397 0.746759 0.040567 0.112037
1 0.382942 0.645833 0.072825 0.141667
1 0.406158 0.599537 0.030303 0.063889
1 0.407380 0.844907 0.050342 0.108333
1 0.478250 0.803704 0.046432 0.100000
1 0.438905 0.844444 0.031281 0.057407
1 0.443793 0.792130 0.018573 0.036111
1 0.626833 0.269444 0.069892 0.144444
1 0.611926 0.200926 0.031281 0.053704
1 0.948192 0.155093 0.012708 0.036111
1 0.956256 0.164352 0.008309 0.028704
1 0.980205 0.175000 0.037634 0.050000
1 0.987537 0.117130 0.022972 0.050926
1 0.680841 0.969907 0.047898 0.058333
1 0.672043 0.902315 0.053763 0.119444
1 0.682063 0.828704 0.020039 0.020370
1 0.759042 0.404167 0.018573 0.067593
1 0.788368 0.358333 0.040078 0.083333
1 0.807674 0.431481 0.040567 0.079630
1 0.830890 0.366667 0.052786 0.103704
1 0.875611 0.364815 0.037634 0.105556
1 0.833578 0.317593 0.023949 0.051852
1 0.836510 0.030556 0.070870 0.057407
1 0.846530 0.079167 0.014663 0.097222
1 0.823314 0.087963 0.032747 0.051852
1 0.885630 0.264815 0.029326 0.072222
1 0.860948 0.252778 0.058162 0.120370
1 0.843597 0.201389 0.054741 0.091667
1 0.853128 0.145370 0.110948 0.061111
1 0.631965 0.962500 0.036168 0.067593
0 0.582845 0.856944 0.081623 0.278704
1 0.623167 0.855093 0.029326 0.097222
0 0.585288 0.693981 0.171554 0.160185
1 0.496823 0.668981 0.040567 0.063889
1 0.543011 0.751389 0.019550 0.039815
1 0.717498 0.931019 0.017595 0.073148
1 0.738025 0.886111 0.025415 0.057407
1 0.718719 0.845833 0.017107 0.045370
1 0.703568 0.775463 0.055230 0.108333
1 0.754888 0.833796 0.046432 0.075000
1 0.783236 0.785648 0.027859 0.026852
1 0.660557 0.762500 0.040567 0.123148
1 0.641740 0.644444 0.036168 0.064815
1 0.659580 0.689352 0.025904 0.047222
1 0.607771 0.569907 0.052297 0.076852
1 0.521505 0.585648 0.027370 0.034259
1 0.551808 0.577315 0.023460 0.052778
1 0.490714 0.553241 0.026393 0.062037
1 0.516129 0.392593 0.057674 0.144444
0 0.572092 0.505556 0.164712 0.138889
1 0.634897 0.552778 0.020528 0.083333
0 0.566716 0.388426 0.053275 0.154630
1 0.552053 0.319907 0.018084 0.047222
1 0.575513 0.288426 0.030792 0.026852
1 0.848240 0.817593 0.056207 0.146296
1 0.968475 0.844907 0.054252 0.125000
1 0.908113 0.803241 0.062561 0.063889
1 0.930108 0.785185 0.027370 0.022222
1 0.912757 0.747222 0.044477 0.051852
1 0.871457 0.771759 0.024438 0.017593
1 0.861437 0.721759 0.031769 0.082407
1 0.855083 0.665741 0.015152 0.027778
1 0.988025 0.625463 0.021994 0.028704
1 0.994379 0.575463 0.007331 0.023148
1 0.978250 0.591667 0.030792 0.059259
1 0.962121 0.550000 0.026882 0.081481
1 0.891740 0.664352 0.021017 0.041667
1 0.865347 0.464815 0.072825 0.075926
1 0.847507 0.547685 0.021505 0.060185
1 0.858504 0.520833 0.031769 0.082407
1 0.960899 0.621296 0.028348 0.053704
1 0.961632 0.970370 0.060117 0.050000
1 0.781036 0.711111 0.019550 0.072222
1 0.702590 0.583333 0.093353 0.237037
1 0.720430 0.712500 0.062561 0.108333
1 0.731427 0.752315 0.010264 0.030556
1 0.779814 0.616667 0.107038 0.207407
1 0.831134 0.662500 0.032747 0.056481
1 0.815494 0.717593 0.038612 0.062963
1 0.845064 0.609259 0.018573 0.051852
1 0.887097 0.546759 0.074291 0.156481
1 0.912268 0.615741 0.063050 0.125926