1 0.016373 0.203241 0.030792 0.102778
1 0.091642 0.290278 0.057185 0.080556
1 0.217742 0.325000 0.062072 0.062963
1 0.278104 0.271296 0.034213 0.053704
1 0.304008 0.144907 0.055718 0.069444
0 0.511241 0.115741 0.118280 0.168519
0 0.489003 0.434722 0.092375 0.293519
1 0.437439 0.374074 0.021505 0.094444
1 0.400782 0.600926 0.023460 0.064815
1 0.194037 0.589352 0.049853 0.080556
1 0.011975 0.465278 0.021994 0.095370
1 0.294721 0.633796 0.040078 0.060185
1 0.310362 0.534722 0.023460 0.076852
1 0.408847 0.777778 0.053275 0.101852
1 0.054497 0.775463 0.106061 0.234259
1 0.534702 0.937500 0.159335 0.119444
1 0.687439 0.731481 0.076735 0.129630
1 0.855572 0.709259 0.069892 0.101852
1 0.662512 0.184722 0.021994 0.071296
0 0.452346 0.033796 0.080645 0.067593
1 0.752444 0.481944 0.047410 0.036111
1 0.859482 0.274074 0.032747 0.092593
1 0.768084 0.299537 0.039589 0.071296
1 0.810850 0.178241 0.020528 0.071296
1 0.920577 0.529167 0.155914 0.671296