1 0.019795 0.940741 0.018084 0.024074
1 0.080890 0.870833 0.015152 0.047222
1 0.012219 0.798148 0.024438 0.050000
1 0.885630 0.798611 0.091887 0.187963
1 0.382454 0.647222 0.025904 0.070370
1 0.014418 0.609722 0.028837 0.054630
1 0.436217 0.556944 0.052297 0.075000
1 0.703568 0.551852 0.017107 0.066667
1 0.496090 0.316667 0.044966 0.044444
1 0.465298 0.180556 0.039101 0.090741
1 0.324780 0.843056 0.036657 0.080556
0 0.505865 0.905556 0.232649 0.183333
0 0.557674 0.794907 0.224829 0.215741
0 0.554741 0.564352 0.164223 0.600926
0 0.562317 0.193056 0.166667 0.386111
1 0.747312 0.099074 0.057674 0.114815
1 0.898094 0.626852 0.040567 0.070370