1 0.220186 0.029167 0.062072 0.058333
1 0.265640 0.079167 0.132454 0.158333
1 0.196725 0.340741 0.036657 0.090741
0 0.231916 0.562037 0.137341 0.133333
1 0.239736 0.715741 0.123656 0.211111
1 0.517351 0.775463 0.020039 0.047222
1 0.568671 0.042593 0.047410 0.074074
1 0.673998 0.237037 0.074291 0.159259
0 0.753421 0.126852 0.112903 0.253704
0 0.736070 0.446759 0.070381 0.204630
0 0.752688 0.711574 0.101662 0.295370
1 0.692815 0.632870 0.028837 0.041667
1 0.959922 0.378241 0.022483 0.041667
1 0.972874 0.456481 0.029814 0.051852
1 0.991691 0.151389 0.015640 0.069444
1 0.242913 0.464815 0.089932 0.057407
1 0.506843 0.455093 0.016618 0.047222
1 0.534946 0.446296 0.025904 0.050000
1 0.522483 0.383796 0.021505 0.052778
1 0.496579 0.234259 0.030303 0.062963
1 0.539345 0.857870 0.030792 0.060185
1 0.587488 0.800926 0.026393 0.044444
1 0.644917 0.502778 0.030792 0.059259
1 0.693793 0.345833 0.027859 0.047222
1 0.541300 0.612500 0.049365 0.076852