1 0.320137 0.789352 0.015640 0.032407
1 0.029081 0.507870 0.020039 0.037963
1 0.006843 0.601852 0.013685 0.035185
1 0.387830 0.022222 0.032747 0.042593
1 0.393695 0.147222 0.025904 0.051852
0 0.238270 0.116204 0.121701 0.230556
0 0.251955 0.367593 0.128543 0.237037
0 0.293988 0.557407 0.036657 0.077778
1 0.265885 0.556481 0.088954 0.138889
0 0.223607 0.737037 0.146139 0.148148
0 0.259775 0.913889 0.061095 0.151852
1 0.287146 0.858796 0.018084 0.049074
1 0.459677 0.696759 0.018084 0.039815
1 0.487781 0.717593 0.021505 0.025926
1 0.396139 0.852778 0.020039 0.050000
1 0.381965 0.832407 0.023949 0.031481
1 0.417889 0.750463 0.012708 0.028704
1 0.445992 0.732407 0.012219 0.027778
1 0.520772 0.753241 0.021994 0.043519
1 0.468719 0.487500 0.021505 0.047222
1 0.442082 0.560185 0.014174 0.042593
1 0.561828 0.613889 0.019062 0.040741
1 0.603617 0.619444 0.027370 0.053704
1 0.543255 0.558796 0.021994 0.045370
1 0.562561 0.539352 0.016618 0.028704
1 0.414467 0.327315 0.020528 0.037963
1 0.470919 0.302315 0.021017 0.036111
1 0.558651 0.434722 0.025415 0.050926
1 0.587977 0.466204 0.015640 0.017593
1 0.584800 0.386111 0.016129 0.048148
1 0.548387 0.037963 0.019550 0.029630
1 0.531769 0.043056 0.020528 0.039815
1 0.572336 0.106481 0.029326 0.055556
1 0.619501 0.143519 0.018084 0.046296
1 0.595797 0.806944 0.017595 0.034259
1 0.535191 0.914815 0.020528 0.035185
1 0.620479 0.862037 0.022972 0.044444
1 0.622434 0.659722 0.029814 0.050926
1 0.686217 0.717593 0.024438 0.040741
1 0.797654 0.830093 0.018573 0.049074
1 0.843597 0.730556 0.018573 0.029630
0 0.770039 0.855556 0.142229 0.150000
1 0.850196 0.701389 0.022972 0.032407
0 0.773460 0.702315 0.100196 0.132407
0 0.770039 0.459259 0.104106 0.238889
0 0.777370 0.563426 0.195992 0.262037
1 0.923998 0.550463 0.023949 0.043519
1 0.960411 0.498148 0.026393 0.053704
1 0.964809 0.475926 0.018573 0.031481
1 0.984604 0.445833 0.022972 0.041667
1 0.973607 0.561574 0.025415 0.054630
1 0.858504 0.215278 0.015152 0.045370
1 0.987537 0.110648 0.014174 0.041667
1 0.937683 0.246759 0.016129 0.034259
0 0.766129 0.146296 0.100196 0.292593
1 0.729961 0.287500 0.027859 0.058333