1 0.161290 0.026852 0.024438 0.053704
1 0.017840 0.304630 0.031769 0.040741
1 0.048387 0.557407 0.028348 0.077778
1 0.137830 0.674537 0.019550 0.041667
1 0.010264 0.957870 0.020528 0.049074
0 0.240714 0.018519 0.075758 0.037037
0 0.272483 0.093981 0.151026 0.132407
1 0.206745 0.172685 0.030303 0.056481
0 0.253421 0.269907 0.125611 0.160185
1 0.244135 0.216667 0.028837 0.038889
1 0.355816 0.282870 0.022483 0.039815
0 0.246090 0.399074 0.131476 0.212963
1 0.273705 0.569444 0.058651 0.074074
1 0.288612 0.623148 0.040567 0.051852
1 0.223851 0.629630 0.022483 0.033333
0 0.264663 0.675463 0.102151 0.254630
0 0.251711 0.850926 0.176931 0.238889
0 0.284457 0.968056 0.052786 0.060185
1 0.208944 0.985648 0.011241 0.021296
1 0.345797 0.875000 0.010264 0.018519
1 0.404448 0.173611 0.012219 0.039815
1 0.430841 0.086574 0.008309 0.025000
1 0.343842 0.496296 0.025904 0.037037
1 0.449413 0.808796 0.023949 0.060185
1 0.481427 0.880556 0.032258 0.055556
1 0.481183 0.789352 0.017107 0.026852
1 0.504399 0.690741 0.013685 0.044444
1 0.493891 0.696759 0.019062 0.036111
1 0.336999 0.346296 0.021017 0.051852
1 0.641007 0.121759 0.022972 0.034259
1 0.735826 0.888426 0.020039 0.047222
0 0.784213 0.073611 0.134409 0.145370
1 0.863636 0.014352 0.020528 0.028704
0 0.778837 0.268056 0.098240 0.126852
0 0.777126 0.172222 0.037146 0.120370
1 0.850440 0.976852 0.064516 0.042593
0 0.813294 0.891667 0.072336 0.116667
1 0.792033 0.845833 0.047410 0.071296
1 0.824780 0.803241 0.017107 0.037963
1 0.756354 0.826852 0.025904 0.051852
1 0.788856 0.813889 0.025415 0.042593
1 0.797654 0.964352 0.016618 0.045370
0 0.784457 0.417593 0.100684 0.203704
0 0.784457 0.581944 0.116325 0.221296
1 0.787390 0.561111 0.055718 0.055556
1 0.838710 0.514352 0.057674 0.141667
1 0.845064 0.443519 0.037146 0.094444
1 0.973118 0.806019 0.014663 0.017593
1 0.995112 0.779630 0.007820 0.025926
1 0.909335 0.614815 0.010264 0.014815
1 0.863148 0.300463 0.009775 0.030556
1 0.940860 0.190741 0.015640 0.031481
1 0.923021 0.126389 0.014174 0.034259
1 0.988514 0.095370 0.014174 0.027778
1 0.946725 0.042593 0.018573 0.038889
1 0.891984 0.006944 0.012708 0.013889
1 0.970674 0.207870 0.017595 0.030556
1 0.837488 0.245833 0.016129 0.028704
1 0.954057 0.506481 0.015640 0.027778