1 0.138319 0.949537 0.047898 0.080556
1 0.273460 0.912500 0.009286 0.026852
1 0.993891 0.888426 0.008309 0.019444
1 0.144184 0.880556 0.015640 0.044444
1 0.138074 0.826852 0.049365 0.051852
1 0.080890 0.830556 0.022972 0.070370
1 0.021505 0.710185 0.030303 0.044444
1 0.718231 0.666667 0.007331 0.020370
1 0.078935 0.603704 0.010264 0.014815
1 0.208211 0.584259 0.011730 0.014815
1 0.108504 0.508333 0.015640 0.012963
1 0.858016 0.477778 0.030792 0.064815
1 0.790811 0.362963 0.030303 0.027778
1 0.239492 0.359259 0.023460 0.092593
1 0.154936 0.306019 0.012708 0.017593
1 0.571359 0.304167 0.008798 0.023148
1 0.128543 0.287500 0.007820 0.021296
1 0.769795 0.240741 0.019550 0.040741
1 0.798631 0.114815 0.008798 0.022222
1 0.267840 0.046296 0.010753 0.014815
1 0.139541 0.029167 0.018084 0.043519
1 0.437928 0.015278 0.008798 0.026852
1 0.725073 0.012963 0.036657 0.025926
0 0.532502 0.118981 0.233138 0.237963
0 0.473118 0.402315 0.308895 0.499074
0 0.503177 0.653704 0.391496 0.409259
1 0.064272 0.433333 0.048387 0.040741
1 0.865836 0.893056 0.050342 0.069444
1 0.857038 0.962037 0.064027 0.074074
1 0.986559 0.743056 0.023949 0.082407
1 0.417155 0.676852 0.045455 0.100000
1 0.376344 0.267130 0.049853 0.097222
1 0.425709 0.145370 0.031281 0.050000